-1.675528 2.218997 -43.138500 -4.085355 7.321831 -0.561131 3.604412 -8.905346 -9.315028 15.964536
-0.630027 1.523932 -44.540882 -4.310517 6.361806 -3.791971 4.157072 -8.968954 -8.850657 14.176799
0.211879 1.282725 -46.283596 -4.419616 5.980137 -6.677822 5.345126 -8.472286 -7.279795 11.302277
-0.001802 1.522883 -47.524540 -5.077207 5.514919 -9.766950 6.898927 -8.485037 -4.976693 9.431458
-0.951721 2.696509 -48.090118 -5.860767 5.630472 -13.001624 8.445697 -8.035195 -1.514553 8.417181
-0.377411 5.795138 -45.113392 -9.498437 7.788416 -18.841122 11.339219 -8.528841 -0.436888 11.386574
-1.637346 7.335268 -42.625256 -11.722487 9.265965 -21.452475 12.858002 -8.426047 2.429827 12.798346
-3.259255 8.572683 -40.363293 -13.766375 10.949086 -23.434820 14.948350 -9.310035 5.291796 14.781149
-4.210433 8.357805 -37.770012 -16.395397 12.411397 -24.393608 17.174332 -10.695437 7.025705 16.181025
-3.571003 8.207651 -35.187366 -18.413828 13.842675 -24.791969 19.569164 -12.144633 8.396544 17.341778
-1.516366 7.746768 -32.439716 -19.442377 14.780541 -24.420900 21.030291 -14.276958 9.514401 16.830397
0.040404 7.643322 -29.805174 -20.421667 15.708795 -23.760677 22.149786 -16.432688 10.938416 15.673076
1.830637 7.498804 -27.926052 -20.425133 16.350010 -22.558489 22.071173 -16.770660 13.845116 13.254439
1.844631 7.792061 -27.095438 -19.539335 15.671525 -20.320150 21.155613 -15.751654 17.548113 11.395535
0.842355 8.563495 -26.891954 -17.944473 14.378923 -17.262064 19.817589 -14.542987 22.008543 9.867929
0.978290 9.173467 -26.409092 -16.841076 11.810381 -14.210296 19.063189 -13.868285 25.662243 9.502429
1.061793 9.453621 -24.668486 -17.253159 9.389414 -11.825022 18.981426 -14.718617 27.541479 10.518058
1.743973 9.315483 -22.504128 -17.615967 6.782966 -8.869661 19.168604 -16.844954 28.781862 11.379054
4.184268 9.112379 -19.632429 -18.438215 5.444201 -7.253078 19.375668 -19.149485 27.970823 11.854255
5.361987 9.536549 -15.477716 -19.824192 4.338444 -5.757843 18.852245 -21.670643 27.899231 12.514565
7.768896 9.243505 -11.317526 -21.121962 4.180432 -4.609182 18.170033 -24.463884 27.388840 11.659980
10.938669 9.071392 -7.631490 -21.411827 3.640107 -3.061421 17.031776 -27.018341 27.455072 10.930195
13.003796 9.747987 -5.451268 -20.366150 3.115065 -1.675526 15.103390 -29.098137 27.924812 10.288486
14.947622 10.754906 -4.248280 -17.999050 2.476333 -0.202029 12.628652 -30.165319 29.245224 8.905095
16.741724 11.599521 -3.340178 -15.255713 2.037884 1.031851 9.885315 -31.349287 30.300180 7.558195
18.206858 12.547275 -2.988721 -12.026999 1.680801 2.032656 7.098069 -32.572834 31.124475 6.659767
19.641426 13.416434 -2.571390 -9.440516 1.424886 2.792127 4.624810 -33.822346 31.448044 5.919762
20.430342 14.575695 -2.303724 -7.240789 0.798541 3.274573 2.651073 -34.561302 31.787149 6.109819
20.614492 15.128184 -2.258703 -5.924099 0.297273 3.684382 1.235154 -34.666126 31.953518 6.105243
20.672256 15.344791 -2.377359 -5.271019 0.029577 3.835721 0.541515 -34.527691 31.978199 6.123459
20.750950 15.415231 -2.479047 -5.025685 -0.061525 3.831223 0.362376 -34.454651 32.013397 6.147569
20.600998 15.492689 -2.466380 -4.989321 -0.070264 3.894547 0.206421 -34.433804 32.022007 6.127853
20.305389 15.659748 -2.432168 -5.038218 0.050426 3.967869 -0.173501 -34.319515 32.050964 6.000157
19.753250 15.957537 -2.420914 -5.074730 0.219398 4.065516 -0.654724 -34.183990 32.093777 5.864233
18.780788 16.419626 -2.340010 -5.329903 0.465263 4.242964 -1.345521 -33.898876 32.074848 5.726400
17.749294 16.818811 -2.587597 -5.531099 0.852540 4.213090 -2.007711 -33.359955 32.023487 5.428426
16.370728 17.293669 -2.693321 -5.833878 1.286536 4.185675 -2.981179 -32.727730 31.770643 5.220551
14.794462 17.768373 -2.826446 -6.332416 1.796747 4.085216 -3.742697 -32.036835 31.513948 5.012346
13.322805 18.248684 -2.530783 -7.102211 2.213387 4.061493 -4.682799 -31.193718 31.341440 4.931363
11.928801 18.555500 -2.417457 -7.561257 2.348658 4.227823 -5.823758 -29.969959 31.341660 5.019522
10.369568 18.842064 -2.460176 -7.709925 2.640571 4.438631 -7.162647 -28.858181 31.400024 4.960233
8.716557 19.103552 -2.505754 -8.114899 3.113058 4.565643 -8.120909 -27.979921 31.353964 4.750612
7.345276 19.323244 -2.209977 -8.820843 3.710983 4.687812 -9.238850 -27.109764 31.351868 4.270658
6.159898 19.487932 -1.731823 -9.568571 4.025522 4.754904 -10.467839 -26.434875 30.974068 4.143551
5.171608 19.381044 -1.539946 -10.129015 4.475920 4.688924 -11.324581 -25.636929 30.702339 3.766497
4.146440 19.111864 -1.308833 -10.728214 4.952737 4.719840 -12.077847 -24.870674 30.415970 3.166177
3.451302 18.792168 -1.231155 -11.108683 5.251642 4.790984 -12.457432 -24.363459 30.232006 2.762798
2.890289 18.506096 -1.039440 -11.600307 5.437296 4.862682 -12.746565 -24.038908 29.995333 2.473632
2.375983 18.355450 -0.925612 -12.057350 5.595725 4.817452 -12.670051 -23.930590 29.749859 2.484390
2.053979 18.238066 -0.839045 -12.402360 5.715621 4.778515 -12.572481 -23.825079 29.575569 2.468466
1.953706 18.184563 -0.807576 -12.509574 5.739962 4.766384 -12.571742 -23.784052 29.488943 2.444518
1.899311 17.819935 -0.793779 -13.028980 6.005184 4.719373 -11.938319 -23.744444 29.559219 2.154701
1.419782 16.791410 -0.309054 -15.413857 6.646790 4.353602 -9.163290 -24.272974 29.213539 2.209244
2.022274 14.985103 0.124309 -18.814510 7.536618 3.374411 -3.703502 -25.886520 28.577133 2.337230
3.265674 12.381375 0.957482 -22.528282 8.671967 2.375104 1.175032 -27.643419 27.480942 1.509933
3.896286 7.412759 -0.160266 -25.667416 8.740880 2.371809 6.305972 -26.754398 26.605625 0.367357
4.938057 2.032973 -1.603347 -29.966955 8.097138 1.677276 11.187346 -24.676861 25.207340 0.103498
2.728527 -1.032122 -5.893540 -31.858089 7.386872 0.309840 13.044775 -19.899265 25.156036 -0.064048
2.958051 -5.312076 -9.891594 -32.776974 7.220182 -0.010295 12.686152 -14.456071 24.536400 -2.975206
3.952931 -8.703128 -11.631746 -32.347622 9.420403 -1.669280 9.909561 -9.374152 23.260679 -5.534451
5.487957 -10.244539 -13.399773 -30.705296 12.345413 -4.027220 6.456261 -5.389091 21.859356 -7.947384
5.810157 -12.637618 -14.374562 -30.294855 14.675475 -6.135634 2.583870 -3.265159 17.731876 -8.589242
6.732760 -14.846989 -14.040319 -31.501987 15.763335 -7.540488 0.456074 -3.768389 11.883964 -7.488607
6.479351 -14.631506 -13.802258 -32.494160 16.567835 -9.754679 -1.638759 -2.431098 7.761862 -5.520211
4.649476 -14.701268 -14.683748 -32.406082 15.109272 -9.809990 -5.025993 1.095312 6.736614 -4.933495
2.962296 -14.416826 -15.125950 -33.228912 14.842620 -11.189942 -8.154772 4.615547 5.392871 -3.811766
0.161941 -14.252972 -15.112523 -35.948532 15.242842 -13.293017 -7.482545 3.933109 1.618691 -0.538032
-3.533444 -13.820191 -14.243038 -40.012367 16.507998 -15.956029 -5.473416 3.144013 -2.456266 3.664412
-6.402706 -13.483666 -14.361827 -42.150261 17.538122 -17.249517 -4.015243 3.431710 -5.380628 5.797098
-7.469425 -13.147931 -14.238666 -43.215031 18.316257 -18.283394 -3.394956 3.882028 -7.083766 7.053519
-7.783848 -12.970024 -14.138483 -43.451488 18.510607 -18.313898 -3.237039 3.946059 -7.558418 7.517261
-7.657628 -12.971439 -14.324093 -43.212040 18.506632 -18.382240 -3.403113 4.069548 -7.461207 7.287694
-7.333919 -13.073341 -14.896253 -42.654575 18.518343 -18.579994 -3.700689 4.360096 -7.319387 6.617402
-6.615021 -13.122203 -15.801750 -41.533417 18.598093 -18.862713 -4.301038 4.946837 -6.909617 5.586262
-5.500515 -13.232650 -16.881409 -40.057617 18.967619 -19.281187 -5.264390 5.663085 -6.481732 4.156776
-4.216115 -13.382940 -18.569715 -37.994656 19.154779 -19.594328 -6.173854 6.225380 -6.063430 2.380189
-2.851774 -13.757401 -19.875084 -36.113781 19.387005 -19.688583 -7.377091 7.024319 -5.348408 0.285994
-1.707992 -14.020044 -21.668184 -33.945583 19.459692 -19.841629 -8.995096 8.417595 -4.338445 -1.982771
-0.908247 -13.907339 -23.326092 -31.431442 19.506218 -19.433819 -11.259486 9.836890 -3.521901 -3.939272
-1.220231 -13.742767 -24.944061 -29.436079 19.793083 -19.159134 -13.002695 11.457980 -2.507685 -5.308056
-1.048964 -13.570470 -26.328472 -27.509445 20.198692 -19.209759 -14.496647 12.727352 -1.547774 -6.559932
-0.708291 -13.219575 -27.225805 -25.514254 20.430090 -19.015402 -16.466908 13.814180 -0.800741 -7.606033
-0.836806 -12.386769 -27.598141 -24.100060 20.648272 -19.024332 -18.596756 14.968289 -0.172757 -8.108568
-0.955497 -11.524097 -28.205980 -22.803818 20.856527 -19.126968 -20.387882 16.140575 0.328603 -8.609838
-1.894496 -9.883808 -28.375750 -21.410812 21.311501 -19.533144 -22.767426 17.466583 1.274939 -8.775992
-3.054173 -8.075132 -28.304911 -19.878139 21.290470 -19.366003 -25.086992 18.657227 2.315996 -8.262099
-4.674013 -6.353343 -28.528563 -18.576767 21.214645 -19.401182 -27.456671 20.324980 3.387974 -7.521764
-5.735306 -5.091186 -28.669680 -17.665718 21.018484 -19.365189 -29.166805 21.607416 4.293102 -6.902448
-6.513680 -4.226270 -28.977961 -16.982544 20.651157 -19.201632 -30.160931 22.540846 5.039508 -6.483202
-6.981588 -3.751743 -29.203791 -16.541788 20.441004 -19.026627 -30.660349 22.975254 5.516710 -6.290588
-7.099176 -3.601772 -29.192980 -16.460993 20.378395 -18.987829 -30.833916 23.123486 5.664137 -6.197470
-7.099739 -3.600406 -29.191296 -16.460930 20.377192 -18.986927 -30.835680 23.122078 5.662768 -6.195497
-7.096469 -3.600419 -29.189590 -16.460136 20.379726 -18.977987 -30.833801 23.122927 5.661664 -6.198217
-7.098620 -3.600223 -29.191416 -16.459070 20.378414 -18.981150 -30.834345 23.122889 5.663327 -6.197910
-7.101215 -3.601680 -29.191534 -16.460516 20.376566 -18.981720 -30.834610 23.119724 5.667054 -6.200025
-7.102507 -3.599947 -29.191599 -16.460192 20.374872 -18.984015 -30.834978 23.119349 5.668385 -6.198019
-7.102525 -3.598258 -29.192577 -16.459089 20.374043 -18.983583 -30.834181 23.119146 5.667995 -6.195446
-7.102061 -3.598528 -29.192532 -16.459101 20.373699 -18.982313 -30.834248 23.117052 5.668574 -6.198268
-7.103879 -3.600962 -29.193319 -16.459713 20.368139 -18.987524 -30.835352 23.112915 5.669321 -6.198226
-7.105609 -3.600221 -29.194595 -16.458689 20.364803 -18.992146 -30.835594 23.110498 5.671122 -6.195580
