-13.160965 0.156179 -2.566999 -24.460028 1.368171 25.075994 -34.489208 -15.256731 -5.935927 -21.962084
-13.160965 0.156179 -2.566999 -24.460028 1.368171 25.075994 -34.489208 -15.256731 -5.935927 -21.962084
-13.160965 0.156179 -2.566999 -24.460028 1.368171 25.075994 -34.489208 -15.256731 -5.935927 -21.962084
-13.160965 0.156179 -2.566999 -24.460028 1.368171 25.075994 -34.489208 -15.256731 -5.935927 -21.962084
-13.160965 0.156179 -2.566999 -24.460028 1.368171 25.075994 -34.489208 -15.256731 -5.935927 -21.962084
-10.524726 2.298647 1.659919 -27.764290 2.979339 23.447479 -33.681198 -16.671585 -9.517734 -18.204479
-10.428481 2.378958 1.902179 -27.936064 3.047461 23.300531 -33.652943 -16.718374 -9.648044 -18.084902
-10.444752 2.379709 1.887801 -27.909962 3.062433 23.300123 -33.660881 -16.778049 -9.652145 -18.129982
-10.451764 2.377501 1.881753 -27.905388 3.059370 23.301672 -33.661839 -16.782900 -9.645810 -18.138727
-10.453667 2.375041 1.881067 -27.906412 3.054263 23.304409 -33.660103 -16.782883 -9.642105 -18.138130
-10.452435 2.374336 1.883509 -27.908678 3.052671 23.300240 -33.660591 -16.789507 -9.645268 -18.138468
-10.454713 2.374364 1.881570 -27.907330 3.054114 23.297110 -33.660995 -16.791527 -9.643512 -18.141994
-10.454885 2.375238 1.883006 -27.909208 3.055028 23.292713 -33.660309 -16.794485 -9.645645 -18.139994
-10.455129 2.375009 1.884654 -27.909554 3.055277 23.295286 -33.659912 -16.792343 -9.644044 -18.141066
-10.457233 2.371608 1.880907 -27.909418 3.050380 23.295832 -33.661613 -16.789173 -9.642395 -18.141678
-10.459724 2.373447 1.874802 -27.905663 3.054554 23.294491 -33.663532 -16.786608 -9.644979 -18.143967
-10.460056 2.372859 1.875594 -27.906183 3.053151 23.291868 -33.665314 -16.789007 -9.643043 -18.146603
-10.458797 2.374379 1.878374 -27.906593 3.057440 23.291025 -33.662834 -16.794044 -9.644032 -18.150450
-10.459358 2.371267 1.877402 -27.908148 3.056512 23.287624 -33.665958 -16.794130 -9.645573 -18.152618
-10.460201 2.371392 1.877250 -27.908571 3.058729 23.286209 -33.665401 -16.794542 -9.647779 -18.152357
-10.460707 2.368735 1.874003 -27.906406 3.054052 23.286043 -33.665527 -16.791630 -9.645014 -18.151348
-10.461105 2.368986 1.873385 -27.904364 3.053147 23.289639 -33.664574 -16.790867 -9.642680 -18.150707
-10.463793 2.370366 1.873625 -27.902761 3.050374 23.289719 -33.664970 -16.795713 -9.642088 -18.151085
-10.464043 2.368942 1.871294 -27.900835 3.049197 23.291714 -33.664753 -16.794548 -9.639098 -18.152493
-10.464641 2.369442 1.869653 -27.900560 3.050455 23.290493 -33.663906 -16.798248 -9.641860 -18.153387
-10.466358 2.370629 1.868227 -27.898069 3.048096 23.293587 -33.663948 -16.797770 -9.640079 -18.150793
-10.467593 2.371171 1.867582 -27.895304 3.044576 23.300369 -33.664433 -16.798084 -9.636888 -18.150726
-10.472523 2.370169 1.862010 -27.893078 3.039370 23.302662 -33.664940 -16.790100 -9.631493 -18.150452
-10.472292 2.368059 1.860238 -27.893003 3.041755 23.301756 -33.664284 -16.792330 -9.634551 -18.150978
-10.473045 2.368344 1.860150 -27.892839 3.043690 23.299688 -33.664886 -16.792988 -9.635079 -18.152916
-10.474057 2.366613 1.859436 -27.891663 3.037420 23.304459 -33.665607 -16.790632 -9.630462 -18.151009
-10.284164 2.291296 1.662960 -27.654535 3.125202 23.102449 -33.776188 -16.797468 -9.576299 -17.943819
-9.510909 2.115973 0.938642 -26.780085 3.460498 22.481205 -34.013790 -16.780212 -9.363494 -17.237375
-8.173455 1.975028 -0.394879 -25.004723 4.039023 21.295685 -34.239956 -16.710474 -8.815630 -15.820486
-6.703652 1.901278 -1.897977 -23.016130 4.682688 19.912285 -34.215164 -16.562588 -8.249059 -14.075017
-5.331041 1.788100 -3.316912 -21.017660 5.199247 18.563372 -34.181953 -16.417070 -7.530350 -12.640457
-4.289362 1.871070 -4.324022 -19.258020 5.504010 17.516129 -34.285931 -16.279968 -6.918099 -11.509169
-3.134710 1.711175 -5.344383 -17.761314 5.659804 16.662209 -34.378372 -16.119387 -6.510525 -11.107838
-2.047243 1.626526 -6.451532 -16.161720 5.942294 15.724448 -34.283257 -15.904016 -6.001554 -10.519725
-1.181404 1.563441 -7.358221 -15.044353 6.076590 15.153465 -33.870533 -15.858107 -5.535832 -10.068500
-0.575919 1.895785 -7.973080 -13.826599 6.288925 14.654641 -33.591969 -15.725051 -5.114671 -9.096844
0.307858 2.200731 -8.679743 -12.557708 6.382330 14.242617 -33.250702 -15.577352 -4.648747 -8.808089
0.817724 2.723150 -9.082527 -11.468154 6.732903 13.982742 -32.921730 -15.432357 -4.047575 -7.873579
1.154919 3.281678 -9.301239 -10.655758 7.109202 13.994050 -32.797173 -15.419320 -3.351526 -7.003318
1.395003 3.844384 -9.463842 -9.942906 7.408448 14.081606 -32.833542 -15.289512 -2.835234 -6.366481
1.588287 4.428197 -9.795882 -9.086623 7.729552 14.121294 -32.599018 -15.208929 -2.252913 -5.447340
1.609365 4.826115 -9.952645 -8.574508 7.937296 14.189007 -32.379368 -15.201309 -1.816883 -4.719134
1.560662 5.249815 -10.109978 -8.041786 8.070105 14.143533 -32.341190 -15.064977 -1.447587 -4.132999
1.569808 5.541535 -10.382563 -7.600617 8.172153 14.054270 -32.200695 -14.911012 -1.254297 -3.633965
1.551889 5.715859 -10.590458 -7.359669 8.231357 13.968231 -32.027298 -14.835890 -1.174702 -3.244326
1.573575 5.757095 -10.673057 -7.265818 8.252384 13.938460 -31.963343 -14.807120 -1.152561 -3.155026
1.406678 5.916119 -10.667918 -7.216825 8.283721 13.972524 -32.074219 -14.772066 -0.996593 -3.025559
0.919367 6.475391 -10.552004 -6.975193 8.324884 13.877123 -32.133469 -14.792432 -0.870993 -1.944416
0.610100 7.081698 -10.740384 -6.610722 8.642007 13.895733 -31.949696 -14.953760 -0.782050 -0.245464
-1.057372 8.148792 -10.769862 -6.489085 8.992080 13.803228 -31.464191 -14.889682 -0.405271 2.512331
-1.834247 8.932790 -10.881783 -6.359903 9.276415 13.774505 -30.672869 -14.985115 -0.699009 5.098090
-1.810546 9.531807 -10.141253 -6.529707 9.669009 14.522882 -29.994764 -15.149837 -3.281996 8.540994
-2.384730 10.112393 -9.724700 -6.114085 9.551033 14.334011 -29.979836 -15.448900 -5.304022 12.416547
-3.155292 11.649936 -11.541457 -4.686755 10.185837 12.331232 -29.789326 -13.977253 -5.558317 15.375086
-4.332983 13.696330 -14.176785 -4.090619 11.989912 9.794435 -29.245682 -10.593915 -5.483854 17.006615
-4.422677 15.713569 -17.817614 -2.342711 13.326042 7.259007 -28.014677 -7.681576 -4.896642 18.561432
-3.091362 16.773466 -20.778120 -0.124478 12.309997 5.417444 -25.159491 -8.168208 -4.252277 19.946503
-0.378560 17.216234 -23.243727 1.962933 10.960340 3.762342 -21.947613 -9.437243 -3.827460 20.133410
2.412143 16.557241 -27.259453 4.590264 9.683311 1.833243 -20.325678 -10.279275 -3.537693 18.947247
5.887241 14.800591 -30.653969 6.137201 8.238143 0.088842 -18.130995 -11.607950 -3.339390 16.106567
10.196281 13.327940 -33.245853 8.316765 7.507286 -1.320837 -17.411558 -11.765153 -3.209747 12.572005
13.716291 12.110830 -35.850742 10.985239 6.686185 -1.670432 -17.613016 -11.710011 -2.627884 8.651278
16.592087 10.776556 -37.197876 12.178185 6.011386 -1.321066 -15.569951 -12.746613 -1.674064 5.096154
19.153719 9.746548 -38.394814 13.357307 5.025489 -0.790582 -13.995884 -13.931316 -1.739834 3.018405
20.640789 9.204015 -38.675632 13.673306 4.123295 -0.638657 -11.927066 -15.523124 -1.355825 2.235196
21.219130 8.970128 -38.836094 13.909212 3.680534 -0.484835 -11.338949 -16.196217 -1.203963 1.867226
21.140776 9.058713 -38.809669 13.927033 3.635504 -0.417034 -11.341634 -16.273525 -1.186071 2.038637
20.923342 9.282593 -38.737038 13.973111 3.573383 -0.238885 -11.386656 -16.413940 -1.189041 2.528494
20.754488 9.509655 -38.618618 13.941316 3.517752 -0.098434 -11.123470 -16.668203 -1.151620 3.121828
20.351961 9.796811 -38.371693 13.666192 3.528015 -0.017759 -10.577959 -16.980131 -1.047905 3.984054
19.556894 10.440901 -37.893845 13.544272 3.246925 0.402343 -10.260026 -17.693739 -0.780560 5.504697
18.604662 11.156850 -37.103077 13.162795 3.081290 0.692226 -9.439033 -18.530895 -0.179690 7.251172
17.494562 11.824984 -36.522728 12.729429 3.003565 0.865454 -8.659617 -19.165260 0.113027 9.224544
16.102913 12.357489 -35.846077 12.200034 2.867756 1.173871 -8.225127 -19.810480 0.115791 11.355557
14.666881 13.002666 -35.055882 11.767510 2.790248 1.362270 -7.918919 -20.348391 0.147089 13.656213
13.256693 13.636747 -34.286045 11.339773 2.652638 1.649222 -7.573306 -20.986309 0.181139 15.954392
11.715729 14.270058 -33.455223 10.548298 2.755240 1.794849 -6.982544 -21.405344 0.214243 18.222063
10.250894 14.846162 -32.607132 9.745471 2.955744 1.771741 -6.517897 -21.706867 0.391587 20.198105
8.614738 15.490376 -31.629549 8.742724 3.198900 1.677641 -5.995996 -22.017645 0.669119 22.313690
6.944861 16.213491 -30.604063 7.758632 3.476949 1.587824 -5.637768 -22.222208 1.008870 24.399185
5.543881 16.921843 -29.643253 7.045021 3.740669 1.618507 -5.467445 -22.399380 1.312071 26.273804
4.443793 17.460760 -28.871506 6.436385 3.953672 1.662530 -5.345169 -22.532946 1.527592 27.631636
3.472443 17.888100 -28.158592 5.799574 4.177824 1.663679 -5.184990 -22.615181 1.734557 28.708445
2.673141 18.262949 -27.527668 5.260106 4.374207 1.700515 -5.044797 -22.678967 1.945010 29.570665
2.202274 18.494034 -27.122353 4.925113 4.488761 1.731016 -4.908402 -22.735563 2.103667 30.090799
2.038765 18.573034 -26.988956 4.810378 4.527491 1.741236 -4.857531 -22.746574 2.158527 30.260527
1.936057 18.632792 -26.875120 4.743827 4.538482 1.771316 -4.827371 -22.791859 2.219571 30.370859
1.656399 18.803141 -26.551865 4.539584 4.600291 1.806243 -4.767331 -22.840958 2.368846 30.664223
1.197086 19.037113 -26.029808 4.188178 4.722417 1.899988 -4.619816 -22.934074 2.628940 31.084850
0.440314 19.338902 -25.385178 3.643785 4.933362 1.925367 -4.512906 -22.955837 2.915225 31.705227
-0.642274 19.739105 -24.578978 2.887071 5.231294 1.859472 -4.449510 -22.858776 3.159725 32.570312
-1.688984 20.100168 -23.613420 2.035625 5.545014 1.812020 -4.315606 -22.842905 3.529795 33.283279
-2.806810 20.503983 -22.454651 1.165988 5.831121 1.885245 -4.154486 -23.038546 4.195140 34.004276
-4.129899 21.028009 -21.188156 0.264031 6.224347 2.047215 -4.193718 -23.048529 4.935740 34.764294
-5.630085 21.537521 -20.037859 -0.768338 6.601892 2.091113 -4.411938 -22.928722 5.517114 35.444221
