-1.585440 2.733753 -43.162991 -3.684592 8.727215 -0.749136 3.677487 -10.156802 -9.849603 14.896878
-0.530777 2.067366 -44.580795 -3.863088 7.834134 -3.892367 4.263553 -10.134025 -9.410279 13.161632
0.318845 1.823747 -46.331898 -3.938076 7.459309 -6.729739 5.497114 -9.654143 -7.856174 10.303223
0.059133 2.025030 -47.591324 -4.546455 6.984972 -9.810614 7.029072 -9.717907 -5.594355 8.402904
-0.913361 3.207368 -48.170940 -5.321318 7.095246 -13.026679 8.601980 -9.292929 -2.122778 7.383810
-0.313107 6.593639 -44.993919 -8.942188 9.338595 -18.864998 11.521509 -10.210379 -1.251965 10.510404
-1.536842 8.254475 -42.509209 -11.151535 10.983652 -21.581282 13.013295 -10.218151 1.436199 11.893001
-3.164726 9.470447 -40.240082 -13.199640 12.707502 -23.528746 15.025889 -11.037219 4.226060 13.831548
-4.124015 9.235759 -37.629181 -15.844677 14.131625 -24.485729 17.224909 -12.422766 5.957107 15.211823
-3.483438 9.071203 -35.019733 -17.885006 15.553566 -24.862850 19.606503 -13.871241 7.289724 16.381109
-1.409173 8.582475 -32.255127 -18.927521 16.460308 -24.455959 21.058809 -15.984406 8.408348 15.880995
0.210978 8.422958 -29.647423 -19.905668 17.385454 -23.754978 22.181217 -18.092525 9.851454 14.668159
1.950342 8.257369 -27.768709 -19.954233 17.940344 -22.666407 22.141888 -18.410141 12.753785 12.437489
2.036484 8.397891 -26.914093 -19.169914 17.244390 -20.430115 21.336073 -17.317585 16.469856 10.626874
1.000425 9.143085 -26.782799 -17.593235 15.764289 -17.279282 20.023870 -15.823503 21.187702 9.196012
1.153327 9.685046 -26.326445 -16.536587 12.978791 -14.132324 19.340727 -15.026311 24.937809 8.979570
1.221847 9.906146 -24.619167 -16.906395 10.314727 -11.552190 19.268585 -15.594646 27.139177 10.060323
1.907396 9.700667 -22.524511 -17.351545 7.697237 -8.620182 19.443480 -17.542343 28.388121 10.931742
4.519928 9.527929 -19.479420 -18.299780 6.412316 -7.067788 19.793684 -19.936466 27.490074 11.434772
5.712996 9.962914 -15.246593 -19.766203 5.362639 -5.574914 19.215899 -22.414017 27.305822 12.157698
8.023324 9.778481 -11.116012 -20.963961 5.426633 -4.558996 18.439083 -25.501316 26.673185 11.096490
11.288455 9.463710 -7.445846 -21.202866 5.065286 -3.008250 17.282356 -28.230587 26.625149 10.195504
13.386602 10.102118 -5.375570 -20.050741 4.592050 -1.574471 15.417768 -30.429953 27.072874 9.368052
15.130809 11.247903 -4.224185 -17.571936 4.034050 -0.088276 12.946178 -31.715826 28.299366 7.952156
17.049295 12.135549 -3.143019 -14.836371 3.824321 1.042841 10.130679 -33.049263 29.237045 6.556603
18.702593 13.049403 -2.667824 -11.610776 3.624459 2.081445 7.248128 -34.405090 30.054522 5.462319
20.179359 13.716233 -2.354473 -9.100528 3.320951 2.860955 4.705310 -35.325790 30.482191 4.618291
20.848337 14.846538 -2.330316 -6.831711 2.716879 3.280687 2.641996 -35.822781 30.962229 4.611760
21.093037 15.341245 -2.331273 -5.545044 2.214056 3.674794 1.243053 -35.806618 31.212902 4.517583
21.142904 15.569253 -2.442640 -4.868862 1.940295 3.836437 0.540515 -35.691643 31.246548 4.535448
21.215338 15.643190 -2.558470 -4.597735 1.857650 3.843949 0.358817 -35.642696 31.298817 4.520782
21.068146 15.718393 -2.535943 -4.575875 1.836537 3.902932 0.205737 -35.610577 31.295662 4.531354
20.752226 15.892025 -2.510893 -4.611986 1.952485 3.987164 -0.182431 -35.489605 31.339453 4.402647
20.208782 16.179157 -2.497202 -4.642531 2.117422 4.106107 -0.671811 -35.352268 31.393597 4.242267
19.254189 16.617567 -2.394454 -4.901364 2.358278 4.317973 -1.359192 -35.064484 31.390320 4.103293
18.175249 17.027386 -2.678485 -5.047047 2.670483 4.384104 -2.011526 -34.479477 31.408005 3.821936
16.814070 17.475401 -2.792122 -5.332559 3.034279 4.422185 -2.952871 -33.801807 31.223125 3.642159
15.284225 17.927017 -2.876278 -5.890513 3.529607 4.293478 -3.698235 -33.070675 30.936361 3.504388
13.702091 18.442436 -2.676486 -6.624787 4.006970 4.153791 -4.611753 -32.228199 30.682972 3.435519
12.258445 18.853840 -2.560726 -7.013549 4.237509 4.239586 -5.755407 -31.183458 30.603968 3.482568
10.677195 19.246153 -2.510379 -7.125589 4.585998 4.440762 -7.109624 -30.230268 30.580675 3.483118
9.061689 19.567072 -2.426628 -7.552448 5.060006 4.582513 -8.071477 -29.472654 30.468895 3.375992
7.683261 19.856794 -2.044620 -8.244761 5.641393 4.731005 -9.180819 -28.700838 30.429506 2.989554
6.439660 20.097343 -1.606070 -8.898812 5.994348 4.810087 -10.418764 -28.085133 30.110624 2.794523
5.422823 20.035149 -1.393586 -9.496245 6.449638 4.696030 -11.257050 -27.340504 29.743649 2.505083
4.379093 19.785009 -1.126597 -10.167180 6.906987 4.677865 -11.987477 -26.615515 29.344271 2.028506
3.672140 19.482744 -1.038437 -10.558034 7.195061 4.742813 -12.358467 -26.128765 29.121662 1.666645
3.112733 19.204432 -0.839064 -11.049187 7.380411 4.812374 -12.645226 -25.818293 28.871862 1.383602
2.602085 19.055836 -0.724989 -11.511312 7.537673 4.765495 -12.562489 -25.707880 28.619530 1.401428
2.277930 18.942602 -0.634902 -11.861430 7.646111 4.720962 -12.460541 -25.605345 28.449141 1.401217
2.180569 18.888674 -0.602463 -11.970692 7.672797 4.708785 -12.456744 -25.564310 28.357016 1.379112
2.127509 18.529308 -0.583384 -12.477852 7.948340 4.663983 -11.837940 -25.518265 28.437090 1.069216
1.761937 17.443052 -0.049624 -14.828154 8.665838 4.325605 -9.097634 -26.072140 28.170750 0.954428
2.303398 15.519279 0.191544 -18.142769 9.495720 3.465278 -3.663253 -27.439323 27.746618 0.918345
3.632613 12.729286 0.975426 -22.000681 10.574507 2.516070 1.283816 -29.024521 26.680134 -0.002766
4.227757 7.884118 -0.043760 -25.043364 10.545090 2.650260 6.490128 -28.443369 25.698719 -0.837262
5.328602 2.404518 -1.462308 -29.610716 9.579944 1.903935 11.485549 -26.148827 24.342976 -0.847746
3.018795 -0.641113 -5.816179 -31.731531 8.689354 0.334187 13.358416 -20.944199 24.250408 -0.671107
3.442366 -5.249263 -9.893447 -32.805317 8.283283 0.077458 12.871254 -14.819463 23.869812 -3.561763
4.480387 -8.716765 -11.541488 -32.314701 10.413857 -1.491657 9.940979 -9.658525 22.752218 -5.899833
6.640946 -10.562451 -12.877973 -30.733627 13.269672 -3.663065 6.474694 -5.567433 21.566523 -8.011778
7.213626 -12.933404 -13.601266 -30.307102 15.588658 -5.845299 2.692951 -3.455981 17.312016 -8.281091
7.766775 -15.027533 -13.473207 -31.498669 16.844446 -7.516297 0.473509 -3.854738 11.420417 -7.387177
7.585256 -14.886317 -13.188106 -32.674088 17.535149 -9.722396 -1.448710 -2.519328 7.071327 -5.378704
5.667784 -14.884824 -14.066145 -32.505318 16.100986 -9.765859 -4.879139 0.996276 6.145048 -4.845626
3.914158 -14.499940 -14.499394 -33.252922 15.651218 -11.071292 -8.189639 4.790729 5.011528 -3.566980
0.933256 -14.203597 -14.546872 -35.963448 15.986133 -13.146085 -7.527251 4.178705 1.313677 -0.251370
-2.781678 -13.771771 -13.580212 -40.119751 17.185709 -15.840808 -5.546074 3.445049 -2.660061 4.116305
-5.676897 -13.452202 -13.706100 -42.315300 18.275949 -17.184601 -4.131287 3.823180 -5.557975 6.223689
-6.696877 -13.076323 -13.522161 -43.384548 19.101845 -18.256300 -3.548877 4.289934 -7.243886 7.500002
-6.973182 -12.920388 -13.388641 -43.661537 19.326324 -18.310545 -3.373821 4.347383 -7.756610 7.934839
-6.842395 -12.932588 -13.575013 -43.439873 19.344172 -18.395010 -3.534804 4.488792 -7.677093 7.685513
-6.486171 -13.038618 -14.100397 -42.940735 19.368582 -18.641745 -3.825322 4.775906 -7.597204 7.026553
-5.755792 -13.077281 -14.979830 -41.844227 19.505548 -18.962902 -4.463660 5.431457 -7.217669 5.990618
-4.646844 -13.115126 -16.088379 -40.267345 19.900068 -19.380251 -5.424927 6.078249 -6.765893 4.534104
-3.361023 -13.266807 -17.798611 -38.178555 20.114756 -19.690245 -6.317587 6.620228 -6.383020 2.702648
-1.948056 -13.583550 -19.063286 -36.263889 20.450174 -19.840296 -7.555411 7.398005 -5.700811 0.618065
-0.789542 -13.819436 -20.921106 -33.955120 20.525620 -19.923145 -9.163950 8.818302 -4.612978 -1.669775
-0.010963 -13.569359 -22.554710 -31.372210 20.576817 -19.558342 -11.524976 10.272688 -3.719635 -3.572631
-0.200998 -13.485858 -24.093788 -29.423748 20.828400 -19.191792 -13.155647 11.784937 -2.799117 -4.898886
-0.107846 -13.366853 -25.580353 -27.503618 21.232128 -19.226410 -14.635395 13.118258 -1.895904 -6.235515
0.105866 -13.094016 -26.597544 -25.544193 21.403978 -18.970463 -16.596569 14.298381 -1.164281 -7.317110
-0.061048 -12.329537 -26.985275 -24.205248 21.580544 -18.946400 -18.745228 15.499310 -0.569233 -7.825700
-0.214471 -11.461084 -27.644047 -22.866163 21.783419 -19.006935 -20.544500 16.678514 -0.032995 -8.377680
-1.093308 -9.814908 -27.765118 -21.472900 22.260225 -19.397459 -22.917131 17.921515 0.879057 -8.583379
-2.295674 -7.968089 -27.710430 -19.921568 22.255512 -19.252415 -25.287388 19.151445 1.936023 -8.061713
-3.910176 -6.151219 -27.896605 -18.556622 22.232622 -19.291616 -27.700941 20.804409 3.073503 -7.307522
-4.918970 -4.844922 -27.987164 -17.620571 22.066216 -19.290110 -29.447525 22.095785 3.980799 -6.643723
-5.657896 -3.992559 -28.254744 -16.942440 21.711939 -19.094580 -30.424404 23.022913 4.724081 -6.190886
-6.125588 -3.547900 -28.500612 -16.495184 21.518059 -18.920250 -30.942163 23.482201 5.195292 -6.020731
-6.230292 -3.426197 -28.494268 -16.420853 21.424969 -18.851698 -31.088835 23.604219 5.332082 -5.927577
-6.231664 -3.425679 -28.496235 -16.420322 21.424063 -18.851036 -31.089392 23.603775 5.334230 -5.928833
-6.229911 -3.423672 -28.494322 -16.418447 21.425644 -18.839666 -31.088501 23.606695 5.333956 -5.932014
-6.230346 -3.423357 -28.493706 -16.418669 21.423077 -18.840002 -31.089159 23.606764 5.333414 -5.930802
-6.233321 -3.425270 -28.497015 -16.418913 21.418938 -18.844334 -31.088848 23.603264 5.338358 -5.933219
-6.232521 -3.421980 -28.492840 -16.418608 21.418636 -18.844393 -31.088100 23.602564 5.337572 -5.927392
-6.233732 -3.420766 -28.493908 -16.418465 21.418573 -18.843077 -31.087936 23.603569 5.339103 -5.930149
-6.234189 -3.421188 -28.492624 -16.418564 21.418030 -18.841055 -31.089502 23.600681 5.340427 -5.932788
-6.235241 -3.422372 -28.493437 -16.418539 21.413773 -18.845057 -31.091440 23.597681 5.339130 -5.930659
-6.236368 -3.422626 -28.495123 -16.418316 21.411921 -18.846506 -31.092270 23.597244 5.339880 -5.932338
