-15.407479 -7.163270 -4.062787 -28.753798 -18.962595 18.184362 -38.314240 -6.022859 2.172263 -13.152539
-15.407479 -7.163270 -4.062787 -28.753798 -18.962595 18.184362 -38.314240 -6.022859 2.172263 -13.152539
-15.407479 -7.163270 -4.062787 -28.753798 -18.962595 18.184362 -38.314240 -6.022859 2.172263 -13.152539
-15.407479 -7.163270 -4.062787 -28.753798 -18.962595 18.184362 -38.314240 -6.022859 2.172263 -13.152539
-15.407479 -7.163270 -4.062787 -28.753798 -18.962595 18.184362 -38.314240 -6.022859 2.172263 -13.152539
-13.401513 -6.303081 0.109020 -33.600681 -17.497919 18.326458 -36.299355 -5.827188 0.650380 -10.254700
-13.403516 -6.253153 0.141737 -33.590267 -17.458733 18.366982 -36.353813 -5.737027 0.708251 -10.253373
-13.403032 -6.261187 0.108550 -33.547813 -17.486900 18.340708 -36.365826 -5.765347 0.732257 -10.257481
-13.404377 -6.260283 0.101781 -33.542351 -17.478861 18.329313 -36.365154 -5.778873 0.728032 -10.269435
-13.406175 -6.260273 0.102179 -33.541260 -17.485924 18.324812 -36.367271 -5.785316 0.727984 -10.266385
-13.403028 -6.261026 0.100746 -33.539749 -17.485685 18.326492 -36.367798 -5.784360 0.726814 -10.265424
-13.402103 -6.260525 0.102113 -33.538010 -17.486534 18.326553 -36.367455 -5.784639 0.729203 -10.263000
-13.399509 -6.260034 0.103156 -33.537296 -17.487831 18.326799 -36.367054 -5.790002 0.727599 -10.261683
-13.399952 -6.261133 0.103160 -33.537815 -17.489454 18.324507 -36.368183 -5.793211 0.725439 -10.262263
-13.399048 -6.261738 0.099786 -33.535938 -17.493031 18.321341 -36.368629 -5.794897 0.726576 -10.261712
-13.398990 -6.259616 0.099062 -33.533043 -17.490835 18.326347 -36.368526 -5.793906 0.724923 -10.263824
-13.399345 -6.259581 0.098812 -33.532475 -17.492533 18.325186 -36.370125 -5.793354 0.725497 -10.263103
-13.396436 -6.260449 0.101207 -33.534557 -17.494349 18.325352 -36.367462 -5.793112 0.726398 -10.262239
-13.395656 -6.259839 0.098671 -33.529408 -17.494352 18.326534 -36.368336 -5.795834 0.728449 -10.265323
-13.394491 -6.259933 0.097351 -33.527992 -17.494675 18.327702 -36.367771 -5.795333 0.729772 -10.264740
-13.394724 -6.258681 0.095843 -33.529278 -17.493771 18.327021 -36.366341 -5.793724 0.729798 -10.264079
-13.395103 -6.258957 0.094972 -33.528603 -17.491867 18.328016 -36.366768 -5.793399 0.730470 -10.268180
-13.391740 -6.257386 0.097416 -33.525860 -17.491426 18.331110 -36.367458 -5.793215 0.728092 -10.266356
-13.392592 -6.256818 0.098767 -33.526154 -17.493147 18.330540 -36.366772 -5.793524 0.730241 -10.265163
-13.392208 -6.254966 0.100064 -33.526794 -17.492901 18.332142 -36.364960 -5.797921 0.727990 -10.263934
-13.390656 -6.255744 0.100668 -33.527187 -17.493521 18.333334 -36.364128 -5.799043 0.727363 -10.263237
-13.388351 -6.255548 0.103017 -33.528252 -17.493322 18.337618 -36.362518 -5.798712 0.724770 -10.261230
-13.389349 -6.256423 0.099999 -33.527031 -17.496632 18.333214 -36.361988 -5.800394 0.725041 -10.260232
-13.389667 -6.256763 0.102109 -33.528503 -17.498110 18.335096 -36.360939 -5.803271 0.723961 -10.259580
-13.389509 -6.255396 0.101567 -33.526081 -17.498320 18.334782 -36.360966 -5.807898 0.722842 -10.260383
-13.388391 -6.255739 0.103528 -33.525295 -17.500061 18.338387 -36.359619 -5.811397 0.724470 -10.259999
-13.192633 -6.320721 -0.123465 -33.233887 -17.414795 18.127398 -36.489010 -5.814714 0.787528 -10.036315
-12.466161 -6.474682 -0.823069 -32.211697 -17.149824 17.504612 -36.797665 -5.817005 1.068054 -9.384027
-11.151025 -6.602269 -2.114577 -30.273415 -16.660854 16.313890 -37.168232 -5.788555 1.617189 -8.020986
-9.630797 -6.671051 -3.622347 -27.975029 -16.144121 14.866624 -37.347801 -5.691733 2.296275 -6.341166
-8.288475 -6.683512 -4.967255 -25.905935 -15.670862 13.604979 -37.251385 -5.527711 3.053558 -4.889932
-7.215798 -6.590345 -5.917080 -24.164782 -15.372160 12.699934 -37.325089 -5.402467 3.654528 -3.844502
-5.994414 -6.701907 -6.939929 -22.562021 -15.119549 12.000461 -37.484138 -5.223948 4.030572 -3.361491
-4.854446 -6.774263 -7.893243 -20.987030 -14.737295 11.240751 -37.513924 -4.946983 4.384083 -2.722727
-3.671153 -6.854172 -8.942865 -19.518805 -14.215825 10.808151 -37.199753 -4.668951 4.905585 -2.269049
-2.922664 -6.489135 -9.593694 -18.229769 -13.583884 10.614851 -36.874050 -4.213747 5.377264 -1.476148
-1.860120 -6.198030 -10.353903 -17.072685 -13.049696 10.678991 -36.261635 -3.824735 5.943496 -1.428538
-1.257813 -5.613725 -10.713953 -16.136177 -12.341381 10.723125 -35.667000 -3.459191 6.617487 -0.678407
-0.918480 -4.834587 -10.928911 -15.335344 -11.633473 10.999032 -35.420769 -3.128694 7.419172 0.067525
-0.634110 -4.134498 -11.143275 -14.602841 -11.012265 11.412890 -35.241932 -2.772747 8.092910 0.612410
-0.431784 -3.433045 -11.548385 -13.716813 -10.447372 11.624014 -34.854389 -2.502344 8.790763 1.540496
-0.424871 -2.918269 -11.796156 -13.156450 -10.014854 11.762938 -34.531448 -2.336002 9.321965 2.332152
-0.470701 -2.376273 -11.990067 -12.629686 -9.610865 11.833998 -34.331871 -2.040145 9.756758 2.988088
-0.395861 -2.020754 -12.329074 -12.152789 -9.324621 11.845694 -34.072498 -1.725575 9.957915 3.465251
-0.350801 -1.802797 -12.605516 -11.865406 -9.140195 11.850960 -33.827385 -1.544710 10.040386 3.824670
-0.311196 -1.746302 -12.708778 -11.755931 -9.077946 11.854253 -33.739201 -1.473738 10.060548 3.913956
-0.399845 -1.647993 -12.741293 -11.681533 -8.991744 11.887944 -33.813824 -1.403048 10.198216 4.032669
-0.840290 -1.198742 -12.817767 -11.435771 -8.901264 11.945822 -33.734921 -1.394151 10.450911 4.942797
-1.174237 -0.565252 -13.321355 -10.994385 -8.557589 12.247608 -33.285625 -1.347303 10.696297 6.351428
-2.683532 0.613112 -13.420995 -10.633488 -8.262670 12.592952 -32.642559 -1.178597 11.069161 9.011491
-3.599637 1.443795 -13.034809 -10.807384 -7.905797 12.785458 -31.888496 -1.434805 10.444787 12.028054
-3.182264 2.234440 -11.366776 -11.032891 -6.733473 14.379825 -31.178791 -1.418343 7.475610 16.000996
-3.411348 3.034748 -10.605947 -10.618271 -6.357268 14.753033 -31.365942 -1.940152 5.411832 20.265388
-3.077689 3.889363 -12.790854 -8.909956 -5.149008 14.391636 -30.563032 -0.051590 4.490042 22.155169
-4.461575 6.339293 -15.798069 -6.613065 -2.983804 13.955914 -30.807611 3.713927 6.437154 22.686729
-4.437476 8.516943 -18.964952 -4.590898 -0.254981 12.330480 -30.253284 7.936613 8.772660 21.525309
-3.220269 8.526505 -21.498810 -2.966255 -1.079931 12.072279 -25.524408 6.357718 10.189797 22.799980
0.282062 6.856437 -23.098204 -2.135068 -3.484594 13.050571 -21.879618 2.911506 7.763372 23.291380
4.181161 5.590946 -25.870836 -0.031748 -4.268481 12.463916 -20.636360 2.367489 6.947368 21.171928
7.684428 3.698595 -28.871668 2.055911 -5.311187 12.085813 -20.044392 2.010155 6.161193 17.709476
11.474990 2.705600 -31.420811 5.335424 -6.701992 12.018188 -20.804678 1.911832 6.226958 14.288697
14.314113 1.860938 -33.676083 8.195634 -7.568411 12.229711 -22.597008 2.471791 6.560911 10.273698
17.458500 0.129123 -35.796097 9.944433 -8.774122 13.257168 -22.021656 1.860752 5.770434 6.468975
20.060719 -1.364577 -36.960823 10.959957 -10.090827 14.076916 -20.293282 0.164411 5.388323 4.212841
21.120594 -2.339629 -37.693447 11.001194 -11.125992 14.536452 -17.837387 -1.484706 5.003615 3.841513
21.438419 -2.587838 -37.826382 11.076550 -11.586806 14.760818 -17.273682 -2.143677 4.909581 3.703087
21.335791 -2.515392 -37.767448 11.067791 -11.630252 14.842550 -17.277336 -2.211186 4.949904 3.874144
21.156498 -2.328189 -37.672245 11.104808 -11.700261 14.992588 -17.305933 -2.339536 5.022434 4.309696
20.913908 -2.125739 -37.573246 11.097598 -11.792134 15.189273 -17.113476 -2.610306 5.107442 4.890067
20.394949 -1.821903 -37.298817 10.888866 -11.852860 15.383762 -16.742546 -2.961579 5.232626 5.815261
19.616661 -1.241023 -36.843777 10.778407 -12.092263 15.745320 -16.396925 -3.679531 5.653454 7.308836
18.571632 -0.708715 -36.333736 10.371882 -12.301655 16.111317 -15.822130 -4.337954 5.873273 8.974309
17.480068 -0.149312 -35.901478 10.028950 -12.520690 16.355700 -15.115175 -5.009453 6.000842 10.932474
16.075539 0.494396 -35.208344 9.407090 -12.734942 16.574518 -14.404556 -5.783827 6.090833 13.227468
14.722203 1.256557 -34.335464 8.830687 -12.873915 16.665354 -13.735510 -6.487392 6.203265 15.711679
13.444065 2.073165 -33.446564 8.359853 -12.930307 16.839144 -13.456800 -6.978815 6.314736 17.968248
11.956607 2.904162 -32.489151 7.617290 -12.736075 16.915522 -13.063340 -7.234401 6.508274 20.189682
10.612529 3.571709 -31.619965 6.965801 -12.422234 16.896734 -12.836385 -7.347631 6.795290 21.981567
9.027312 4.199739 -30.628357 6.006551 -12.097769 16.843483 -12.234915 -7.608947 7.107750 24.041763
7.291867 4.944663 -29.404257 4.974610 -11.781644 16.876791 -11.866052 -7.863420 7.448079 26.203274
5.838088 5.660461 -28.303040 4.096863 -11.417362 16.888683 -11.562490 -8.051594 7.728409 28.173594
4.764489 6.214829 -27.451233 3.382499 -11.114672 16.918762 -11.369575 -8.156012 7.904790 29.567078
3.835160 6.644691 -26.630550 2.716748 -10.856317 16.976196 -11.305918 -8.249794 8.072340 30.605984
3.160028 6.985727 -25.996658 2.211564 -10.636804 16.990978 -11.207542 -8.297343 8.240406 31.387989
2.718850 7.191825 -25.616829 1.873946 -10.513314 16.982960 -11.105460 -8.331587 8.351139 31.873192
2.574351 7.269632 -25.501184 1.775045 -10.475043 16.971359 -11.072131 -8.334103 8.400625 32.028709
2.493283 7.329850 -25.399506 1.737923 -10.469264 17.000610 -11.085730 -8.364006 8.453639 32.120895
2.264490 7.503169 -25.099293 1.627625 -10.432172 17.055925 -11.206048 -8.388905 8.589845 32.339592
1.870646 7.729055 -24.577389 1.394109 -10.374548 17.189594 -11.350945 -8.484423 8.797721 32.669727
1.258063 8.026067 -23.871756 1.040963 -10.195159 17.321198 -11.686694 -8.468771 9.029745 33.127602
0.278864 8.407008 -22.896282 0.422697 -9.919894 17.423195 -11.973815 -8.457380 9.296535 33.934624
-0.671853 8.755425 -21.782722 -0.205628 -9.658107 17.641994 -12.411673 -8.483983 9.598715 34.594059
-1.596032 9.119413 -20.531149 -0.758131 -9.448374 17.976686 -13.088400 -8.620338 10.077922 35.065498
-2.721529 9.536284 -19.333668 -1.398763 -9.170150 18.255335 -13.675451 -8.637424 10.530874 35.687012
-3.868832 9.894357 -18.329285 -2.102518 -8.855965 18.423054 -14.376844 -8.463454 10.925232 36.036064
