-8.003672 -4.699472 -30.850863 -21.368614 10.611893 7.913073 7.714212 -12.389278 -13.102393 12.702336
-5.405908 -2.847762 -27.689215 -23.585939 11.645528 6.020645 8.283512 -13.546768 -15.432950 15.368988
-5.019682 -2.118825 -27.232937 -23.133018 11.509370 7.210995 8.788421 -13.607870 -15.195057 16.349886
-6.171421 -0.254752 -26.984159 -20.867970 10.762691 8.947717 7.134509 -13.789272 -14.060807 17.807745
-7.273579 1.823839 -26.226618 -18.833759 10.306928 10.399487 4.336013 -13.177754 -12.859124 18.293272
-8.119169 4.581447 -25.794579 -17.571756 11.296508 10.015182 2.401746 -11.490295 -12.131158 20.421726
-7.721695 6.003855 -25.731472 -16.670612 12.031523 8.458137 0.900105 -10.475413 -12.490800 22.405226
-8.986564 7.350650 -26.940556 -14.219916 11.910726 7.313295 -0.779359 -9.603570 -11.003877 24.321568
-9.955670 8.377862 -28.314554 -11.184587 11.825439 7.008096 -3.527703 -8.448003 -10.194999 25.345810
-8.285373 10.222272 -27.456396 -8.018494 11.306285 7.133756 -5.017438 -9.640783 -7.372783 26.240711
-5.036182 10.701387 -27.733482 -4.469577 10.355359 7.231869 -5.436272 -11.799849 -3.714391 25.088867
-3.657020 12.295137 -28.073610 -1.406446 10.581885 7.435378 -6.539883 -11.703080 0.155611 23.563171
-2.552893 14.175198 -26.903322 -0.530943 10.744162 7.461021 -5.851890 -12.360806 1.222136 25.363533
-1.506018 15.551356 -25.243275 0.212923 10.377404 8.690895 -6.308372 -13.641870 1.375137 27.060978
-0.453334 15.591335 -24.428104 0.833225 9.589785 9.948573 -6.804787 -14.791132 1.795069 26.778416
0.450547 14.881481 -25.288671 2.422593 8.943554 10.862651 -7.579593 -15.321928 3.267245 24.825367
1.189757 14.952950 -26.067486 3.966043 7.994297 12.679944 -7.167466 -16.560261 4.495780 23.572430
2.014329 15.310756 -26.117916 5.631220 6.458018 13.519905 -7.216491 -18.293676 5.202802 23.938839
2.412168 15.430985 -26.507185 6.496950 5.669291 13.587717 -7.441156 -18.754873 5.015414 24.211338
2.415833 15.426716 -26.563587 6.496643 5.696329 13.504721 -7.387816 -18.683025 4.970304 24.217974
2.571951 15.355596 -26.697357 6.621430 5.658635 13.528709 -7.453276 -18.658522 4.867466 24.095203
3.026491 15.195282 -27.123114 7.046412 5.550998 13.550172 -7.663556 -18.567444 4.658327 23.710426
3.818690 14.869189 -27.777744 7.659335 5.360745 13.580698 -7.843221 -18.459238 4.386646 22.982061
4.857164 14.440140 -28.521814 8.333332 5.147646 13.620065 -7.900154 -18.371283 4.057558 22.067711
6.026066 13.918177 -29.192772 8.953248 4.953775 13.655449 -8.052687 -18.250072 3.706912 20.862684
7.546427 13.195171 -30.205008 9.768683 4.658457 13.609965 -8.245675 -18.051798 3.350980 19.035532
9.318798 12.412180 -31.284296 10.755964 4.350107 13.601970 -8.605341 -17.824697 3.100385 16.760185
11.013078 11.798837 -32.152569 11.729687 4.066534 13.662306 -9.173870 -17.614592 3.109423 14.463863
12.465786 11.243094 -32.844185 12.423250 3.810747 13.584977 -9.521531 -17.512981 3.191323 12.413940
13.919134 10.525972 -33.781326 13.197742 3.616512 13.508664 -9.926179 -17.275566 3.279266 10.030251
15.055063 9.897067 -34.691326 13.670577 3.683848 13.496606 -10.118083 -16.845612 3.421012 7.725080
16.217545 9.327553 -35.427555 14.197475 3.780634 13.568053 -10.713569 -16.312361 3.612785 5.323529
17.446533 8.736628 -36.064037 14.775872 3.963224 13.411987 -11.447642 -15.581763 3.694176 3.031486
18.476274 8.138829 -36.618504 15.191428 4.089468 13.177145 -12.082457 -14.958696 3.605123 1.113095
19.450974 7.503746 -37.257397 15.560113 4.240881 12.879162 -12.671035 -14.255816 3.246412 -0.569959
20.304007 6.957265 -37.767361 15.857416 4.373723 12.565143 -13.230860 -13.567180 2.814972 -2.031142
20.847008 6.699448 -38.068470 16.138186 4.367237 12.389303 -13.671891 -13.204450 2.684192 -2.880884
21.069254 6.512852 -38.178009 16.157297 4.413161 12.195081 -13.895601 -12.897322 2.607197 -3.406048
21.267298 6.348005 -38.193081 16.109211 4.460112 12.034656 -13.910310 -12.739020 2.574919 -3.820506
21.369799 6.270344 -38.227856 16.113159 4.494450 11.966670 -13.916980 -12.645869 2.544878 -3.973735
21.031307 6.504291 -38.008648 15.974286 4.986339 11.826362 -14.541578 -11.945573 2.576605 -3.840956
19.805710 7.226187 -37.434025 15.495930 6.090686 11.555927 -16.323915 -10.340033 2.567593 -3.317698
17.179411 8.493262 -35.981049 14.157050 7.263048 10.899330 -18.004396 -8.984178 2.230116 -0.701631
14.485813 10.008290 -33.835114 12.501853 8.200539 9.643295 -19.324076 -8.296677 1.407629 3.732485
11.562962 11.090231 -31.157869 9.701000 9.089679 9.311249 -18.560514 -8.546156 0.448391 8.332455
7.038362 12.290718 -28.665947 6.551350 10.095523 9.426357 -17.795368 -8.668991 1.160080 11.717944
3.508797 14.083836 -25.745939 4.145637 10.916438 9.514108 -18.721327 -8.242358 1.019037 14.696507
0.869407 13.654133 -21.618237 1.292590 9.205336 7.389160 -22.067019 -10.624489 -1.075373 19.481972
-2.494421 13.703407 -19.797991 -0.412634 10.339169 5.744593 -26.246550 -8.734747 -0.811447 18.908344
-4.477669 14.008879 -18.362297 -0.870119 11.044523 7.142341 -31.053991 -6.817499 -0.660460 16.569851
-4.440696 11.910359 -13.994606 -3.529588 8.900651 9.638606 -31.737368 -10.547884 -3.063255 16.585466
-3.527399 10.163470 -10.585976 -5.545952 6.544245 10.704185 -32.081890 -14.381183 -4.759779 16.399391
-3.067597 9.024120 -9.092794 -6.793747 5.645515 11.499846 -32.606323 -15.788051 -4.443710 14.177076
-1.810198 7.628959 -9.734924 -7.043197 5.683499 11.630728 -32.024220 -15.898613 -2.709567 10.374850
-1.379806 6.472696 -10.722261 -7.069968 5.397384 11.138210 -32.353912 -15.729996 -0.722004 6.831177
-0.765893 5.682765 -11.209774 -6.777891 4.666139 10.500146 -33.175751 -15.479192 0.495564 3.558940
0.371971 4.552460 -11.066856 -7.183112 3.787442 9.738283 -34.143406 -15.655619 0.194520 0.800077
0.639725 3.869417 -10.606039 -7.681605 3.177352 9.605412 -34.473145 -15.914505 0.057726 -0.691644
1.057195 3.348422 -10.552217 -7.979875 2.910957 9.463235 -34.485870 -16.064680 -0.191838 -1.497648
1.160386 3.222880 -10.503400 -8.075150 2.756136 9.369141 -34.381771 -16.172264 -0.340028 -1.593323
1.112236 3.202321 -10.375563 -8.182397 2.724285 9.407105 -34.474873 -16.193041 -0.363832 -1.673291
1.097126 3.072762 -10.110278 -8.420924 2.667335 9.567342 -34.638836 -16.238934 -0.424497 -2.039518
1.043581 2.824402 -9.792471 -8.851030 2.592450 9.732694 -34.773762 -16.352005 -0.558987 -2.528634
1.104136 2.452370 -9.640353 -9.312788 2.574165 9.947657 -34.766502 -16.367979 -0.876961 -3.129450
1.133336 2.098670 -9.517946 -9.768221 2.620770 10.128449 -34.832123 -16.171497 -1.259095 -3.858561
1.054752 1.564320 -9.115464 -10.581573 2.653068 10.533756 -34.843540 -16.022753 -1.810357 -4.741911
0.895179 1.026815 -8.858971 -11.279773 2.634039 10.891077 -34.740005 -15.916884 -2.427651 -5.420988
0.635463 0.470854 -8.540100 -12.040201 2.524316 11.389539 -34.785259 -15.818734 -3.211911 -6.171540
-0.079597 0.189631 -8.164196 -13.028253 2.367337 11.849858 -35.226151 -15.688223 -3.928521 -6.799501
-1.122862 0.227457 -7.414994 -14.138829 2.424331 12.352529 -35.776047 -15.585127 -4.632692 -6.664992
-1.723591 0.182963 -6.792896 -15.212315 2.425710 13.065165 -36.148499 -15.505911 -5.235304 -7.334729
-2.718143 0.519056 -5.687504 -16.483057 2.401042 13.852521 -36.558762 -15.440126 -5.972095 -7.533676
-3.665653 0.740622 -4.583224 -18.002756 2.304280 14.953994 -36.676437 -15.552751 -6.794433 -7.909529
-4.747014 0.945187 -3.514614 -19.604588 2.262664 16.055212 -36.558464 -15.573015 -7.525469 -8.304112
-5.675054 0.897847 -2.534959 -21.342169 2.095388 17.290937 -36.367172 -15.599846 -8.374744 -9.488570
-6.864886 0.919052 -1.229206 -23.195482 1.591670 18.692457 -36.346672 -15.788345 -9.242883 -11.017835
-8.326774 0.970476 0.275389 -25.179079 0.895395 20.114096 -36.394825 -15.982860 -9.971011 -12.822703
-9.565993 1.061414 1.510609 -26.798735 0.303846 21.302126 -36.297241 -16.078659 -10.584737 -14.275359
-10.193718 1.142305 2.080245 -27.614782 0.016531 21.960140 -36.069965 -16.128788 -10.842568 -15.022718
-10.335173 1.186264 2.270689 -27.862364 -0.047984 22.150156 -35.950489 -16.128557 -10.913731 -15.246257
-10.340530 1.198150 2.275203 -27.861925 -0.043264 22.154516 -35.955078 -16.135952 -10.921969 -15.256536
-10.345367 1.209259 2.278204 -27.862396 -0.035788 22.154844 -35.957455 -16.149221 -10.934842 -15.266805
-10.346187 1.224770 2.287992 -27.858278 -0.030588 22.153013 -35.965748 -16.171236 -10.948256 -15.267345
-10.353601 1.232884 2.281077 -27.845844 -0.026810 22.153744 -35.974964 -16.186081 -10.952435 -15.276006
-10.354772 1.237479 2.280027 -27.833689 -0.028401 22.157421 -35.986229 -16.185465 -10.950406 -15.279267
-10.351950 1.234251 2.284784 -27.836439 -0.036467 22.162762 -35.986046 -16.187626 -10.950286 -15.275414
-10.347673 1.232939 2.285048 -27.835382 -0.034157 22.154650 -35.987282 -16.187105 -10.954601 -15.269170
-10.348650 1.230362 2.286263 -27.844107 -0.044436 22.158525 -35.985527 -16.169590 -10.945848 -15.264661
-10.343459 1.220510 2.286865 -27.849993 -0.058097 22.159557 -35.983917 -16.150822 -10.932410 -15.259000
