-0.973325 4.228430 -42.997356 -3.299602 12.886567 4.494422 5.559194 -7.226888 -8.839099 13.938178
0.270116 4.162423 -44.460869 -3.005877 13.016150 2.623837 6.689676 -6.392687 -8.200519 12.287337
1.217982 4.253867 -46.077953 -2.936852 13.506919 0.872279 8.139501 -5.250988 -6.736330 9.364191
1.103126 4.490043 -47.335201 -3.348233 13.718022 -1.187226 9.507824 -4.595742 -5.059693 7.368155
0.468237 5.813733 -47.854916 -4.003761 14.359018 -3.624407 11.346649 -3.747312 -1.843484 6.312388
1.412428 9.323904 -44.327496 -7.713175 16.840328 -8.528282 14.322124 -4.698782 -1.178087 9.278160
0.515860 11.123608 -42.284889 -9.677320 18.485401 -11.014011 15.665613 -4.222107 1.006058 10.602324
-0.719344 12.474556 -39.831688 -11.684120 20.017637 -12.938789 17.826952 -5.076910 3.419144 12.614272
-1.460885 12.526734 -36.868149 -14.411166 21.541384 -13.895098 20.277443 -6.405210 4.863458 14.275089
-0.889901 12.359412 -34.285152 -16.507660 22.960697 -14.518371 22.603657 -7.802786 5.916060 15.576716
1.162321 11.757199 -31.477081 -17.584436 23.821918 -14.243905 24.014849 -9.997384 7.006060 15.150088
2.853877 11.351562 -28.857208 -18.579506 24.592964 -13.507630 25.014835 -12.256727 8.493837 13.825640
4.286573 11.127957 -27.102999 -18.839186 25.031082 -12.683636 24.877962 -12.536316 11.236609 11.764765
4.433851 11.345668 -26.188547 -18.139488 24.472872 -10.449019 24.210047 -11.439203 14.980426 10.052295
3.263257 12.179460 -26.126356 -16.667480 23.041094 -7.582223 23.056419 -9.991672 19.677853 8.959803
3.145893 12.735622 -25.733833 -15.785069 20.175142 -4.747203 22.434809 -9.297877 23.227081 9.092427
3.282074 12.940324 -24.017532 -16.144928 17.529131 -2.210871 22.367729 -9.832557 25.351442 10.189970
3.991739 12.771924 -21.899405 -16.535469 14.897289 0.939881 22.519119 -11.795120 26.593534 11.037044
6.522517 12.769097 -18.967188 -17.291126 13.586617 2.640756 22.658165 -14.099284 25.691133 11.619257
7.658913 13.303927 -14.768131 -18.686689 12.553494 4.161148 22.042280 -16.529116 25.552162 12.387001
10.000363 13.268766 -10.623073 -19.847271 12.604589 5.160452 21.292822 -19.632528 24.873032 11.528900
13.286098 13.014080 -6.899699 -20.091837 12.248050 6.774786 20.160034 -22.389027 24.747429 10.741083
15.405398 13.664526 -4.792849 -18.948622 11.798545 8.303379 18.309452 -24.597754 25.097313 9.974383
17.145657 14.803446 -3.558446 -16.500105 11.212899 9.852352 15.814455 -25.922798 26.232162 8.602705
19.069981 15.669676 -2.360742 -13.810610 10.977497 11.055413 12.980684 -27.304960 27.069454 7.246540
20.700827 16.585400 -1.833202 -10.595132 10.789804 12.159137 10.088969 -28.668329 27.833551 6.198167
22.132460 17.243624 -1.486374 -8.081132 10.516282 13.019006 7.538530 -29.588047 28.295391 5.290387
22.770466 18.390364 -1.446636 -5.806328 9.948686 13.506581 5.470451 -30.071629 28.795460 5.253733
23.010681 18.883760 -1.436844 -4.528240 9.442713 13.896911 4.067417 -30.057430 29.053215 5.149693
23.056509 19.113762 -1.539304 -3.856028 9.165356 14.058784 3.361598 -29.946806 29.086452 5.169776
23.127012 19.191057 -1.647613 -3.588409 9.085307 14.073261 3.179208 -29.898806 29.132307 5.161731
22.981451 19.265242 -1.625951 -3.565387 9.064141 14.131552 3.025419 -29.865191 29.126053 5.172305
22.670540 19.434099 -1.599949 -3.601036 9.177109 14.209699 2.633322 -29.742893 29.160818 5.041861
22.129951 19.720936 -1.584360 -3.629910 9.342334 14.324391 2.145438 -29.605309 29.211954 4.886413
21.168186 20.159679 -1.493826 -3.886668 9.578970 14.524979 1.459101 -29.318020 29.227081 4.740776
20.114735 20.566425 -1.793424 -4.027256 9.874694 14.561172 0.800049 -28.732330 29.206015 4.502789
18.793875 21.016182 -1.916453 -4.312320 10.225743 14.558996 -0.140375 -28.047935 28.971642 4.377398
17.303120 21.463301 -2.010819 -4.874247 10.714227 14.401874 -0.882137 -27.308004 28.639431 4.277193
15.753624 21.970743 -1.818445 -5.609297 11.196217 14.248075 -1.797530 -26.445301 28.354034 4.200960
14.331204 22.380676 -1.692250 -5.996603 11.442952 14.353351 -2.948496 -25.384987 28.235399 4.254559
12.755086 22.778824 -1.642589 -6.112582 11.793224 14.555991 -4.302054 -24.437511 28.197456 4.268826
11.154423 23.112652 -1.577722 -6.536475 12.281835 14.694071 -5.242383 -23.681398 28.095285 4.168129
9.781270 23.412066 -1.222980 -7.230157 12.870896 14.820668 -6.335798 -22.908133 28.081144 3.770703
8.555207 23.654285 -0.795171 -7.888386 13.225908 14.877800 -7.557241 -22.298571 27.768749 3.567615
7.556618 23.595888 -0.588530 -8.491778 13.686981 14.755201 -8.374956 -21.557383 27.412271 3.264364
6.529812 23.346531 -0.322221 -9.166370 14.151333 14.730456 -9.095258 -20.830751 27.013468 2.778800
5.827333 23.046986 -0.251860 -9.550379 14.444380 14.789527 -9.462984 -20.333342 26.796627 2.406054
5.276047 22.768705 -0.058892 -10.041101 14.633327 14.856451 -9.743378 -20.019812 26.544861 2.118188
4.771558 22.620390 0.043993 -10.497476 14.793715 14.803020 -9.657333 -19.904865 26.291914 2.136490
4.450595 22.506987 0.128372 -10.848067 14.904388 14.754476 -9.551713 -19.802595 26.121754 2.133204
4.353766 22.454443 0.155783 -10.957097 14.933147 14.743351 -9.542967 -19.760582 26.035343 2.106725
4.294205 22.086699 0.185200 -11.465831 15.194658 14.682995 -8.942914 -19.720694 26.125393 1.787071
3.911665 20.991865 0.736730 -13.817457 15.896628 14.330299 -6.260194 -20.263844 25.862667 1.643667
4.404975 19.041039 1.021238 -17.118803 16.749380 13.566272 -0.900495 -21.611780 25.464102 1.499681
5.678909 16.200779 1.886541 -20.977154 17.796177 12.636870 3.923585 -23.187304 24.389317 0.497568
6.181993 11.317485 0.850327 -24.064074 17.728973 12.685819 9.156857 -22.678734 23.496714 -0.321739
7.229746 5.673783 -0.743427 -28.684256 16.691685 11.722745 14.233757 -20.433506 22.238682 -0.354709
4.922135 2.560399 -5.329132 -30.817923 15.714151 9.869854 16.196461 -15.260802 22.251966 -0.139449
5.213170 -2.023378 -9.528458 -31.927265 15.312339 9.272662 15.728734 -9.121806 22.051325 -3.001590
6.166614 -5.529509 -11.157297 -31.565668 17.326077 7.393020 12.757137 -4.089631 21.088203 -5.407723
8.115050 -7.233078 -12.435182 -30.053343 20.033745 5.014707 9.310140 -0.120159 20.038342 -7.430756
8.533544 -9.742241 -13.245607 -29.705370 22.151674 2.609018 5.501921 1.928654 15.764836 -7.800313
8.916058 -12.037531 -13.387718 -30.825649 23.046684 0.653675 3.280351 1.398204 9.954434 -7.126240
8.763901 -12.038719 -13.015262 -31.968822 23.604664 -1.584460 1.117820 2.658105 5.894886 -5.400407
6.798494 -11.889233 -13.676229 -31.739187 22.204504 -1.504244 -2.555978 6.154289 5.047464 -4.664740
5.062438 -11.363397 -13.934423 -32.404644 21.901911 -2.505384 -5.801260 9.975863 3.903752 -3.294373
2.284911 -11.280337 -13.861169 -35.104557 22.373116 -4.238567 -5.077839 9.364787 0.218190 -0.344133
-1.382424 -10.988685 -13.100494 -39.178333 23.564569 -6.996786 -3.071830 8.726926 -3.701685 3.787874
-4.315243 -10.747985 -13.410192 -41.269657 24.662798 -8.408000 -1.672050 9.126040 -6.242867 5.626592
-5.430307 -10.465482 -13.389168 -42.269852 25.545084 -9.437620 -1.175967 9.608627 -7.733438 6.829709
-5.766149 -10.334727 -13.302816 -42.544720 25.762766 -9.516403 -1.027981 9.663278 -8.217805 7.268940
-5.630008 -10.346034 -13.491910 -42.325863 25.788923 -9.584892 -1.191925 9.826409 -8.159549 7.005818
-5.244883 -10.440704 -14.023273 -41.821587 25.836334 -9.813747 -1.470218 10.179246 -8.125926 6.319255
-4.478312 -10.472598 -14.884760 -40.750023 25.988085 -10.103412 -2.084628 10.896499 -7.914879 5.309300
-3.325975 -10.495906 -15.900171 -39.254951 26.427769 -10.417382 -2.982643 11.621910 -7.705445 3.894282
-1.963919 -10.682624 -17.593132 -37.153496 26.645611 -10.691408 -3.906884 12.228922 -7.518547 2.064304
-0.470205 -11.021266 -18.840845 -35.222553 27.030262 -10.754695 -5.170057 13.094163 -7.021872 -0.008115
0.824427 -11.087334 -20.549799 -32.902290 27.194925 -10.725881 -6.730485 14.528213 -6.044962 -2.084325
1.637892 -10.697691 -22.123375 -30.312809 27.254572 -10.313128 -9.013775 15.946995 -5.208677 -3.844322
1.472045 -10.539301 -23.570154 -28.393841 27.521971 -9.898412 -10.504188 17.417282 -4.305262 -5.085343
1.629486 -10.402177 -25.089048 -26.463306 28.057636 -9.733170 -11.846703 18.863855 -3.485991 -6.422865
1.835011 -10.126986 -26.139832 -24.536106 28.315622 -9.385049 -13.708531 20.096413 -2.817709 -7.443422
1.639616 -9.362640 -26.592192 -23.191490 28.591152 -9.221545 -15.917583 21.435139 -2.340438 -7.910875
1.461013 -8.505474 -27.288729 -21.853479 28.843014 -9.223954 -17.785997 22.714931 -1.927796 -8.426415
0.578261 -6.859385 -27.426235 -20.435373 29.360094 -9.529931 -20.198837 24.012583 -1.049794 -8.605945
-0.648336 -4.978312 -27.396299 -18.870712 29.365379 -9.357396 -22.554197 25.264458 0.064416 -8.072247
-2.258283 -3.169906 -27.599604 -17.507055 29.345894 -9.331236 -24.908651 26.914314 1.291335 -7.390410
-3.262681 -1.864144 -27.705311 -16.580517 29.191437 -9.265651 -26.609892 28.224554 2.246774 -6.780200
-4.003459 -1.019548 -27.996552 -15.908211 28.837696 -9.040049 -27.553730 29.159672 3.021451 -6.364275
-4.458904 -0.582785 -28.247671 -15.457603 28.642996 -8.856992 -28.066370 29.624733 3.502647 -6.214285
-4.564976 -0.462740 -28.249710 -15.380446 28.551350 -8.782452 -28.208601 29.751413 3.649284 -6.130421
-4.566317 -0.463447 -28.251486 -15.380436 28.549831 -8.783877 -28.209261 29.751232 3.649842 -6.131691
-4.569039 -0.464394 -28.253035 -15.380812 28.546577 -8.782760 -28.210043 29.751434 3.651136 -6.134721
-4.569049 -0.463577 -28.253883 -15.380799 28.547436 -8.780359 -28.209639 29.753548 3.652856 -6.134619
-4.569594 -0.464891 -28.252781 -15.381939 28.545277 -8.782684 -28.210091 29.751688 3.652499 -6.135011
-4.569952 -0.463730 -28.253372 -15.381425 28.544973 -8.781323 -28.209826 29.752594 3.654200 -6.135209
-4.571947 -0.462445 -28.255220 -15.380770 28.546495 -8.780861 -28.211020 29.755600 3.653911 -6.134997
-4.572770 -0.463042 -28.255228 -15.381091 28.545061 -8.783065 -28.211565 29.753824 3.654208 -6.136525
-4.573246 -0.466744 -28.256712 -15.381512 28.539572 -8.787495 -28.214157 29.750227 3.655212 -6.139436
-4.575524 -0.466278 -28.255852 -15.382079 28.539009 -8.788733 -28.217550 29.750759 3.654505 -6.138760
