-11.814197 13.109255 -22.423235 2.716995 -0.114505 6.090470 -13.045028 -25.644138 13.985824 22.902107
-12.825389 13.186994 -21.147461 1.666238 0.026899 6.095534 -13.427761 -25.801712 14.635169 22.863695
-13.750216 12.997866 -19.400806 0.157087 0.171988 6.234188 -14.130880 -26.088047 15.133370 22.471182
-14.255151 12.502961 -17.743334 -1.346516 0.245078 6.178814 -14.894655 -26.391346 15.286172 21.756134
-14.569598 11.696192 -16.069122 -3.011707 0.375867 6.143365 -15.975377 -26.391615 15.103502 20.353466
-12.449584 12.895642 -11.181582 -8.111510 2.195862 3.893527 -15.914145 -27.719555 11.623946 22.443916
-12.058530 12.329022 -9.212012 -10.183249 2.834920 4.032717 -16.473331 -27.565693 11.231067 21.017681
-12.016001 11.495366 -7.918790 -11.622908 3.114882 4.364719 -17.370564 -27.412394 10.997738 18.869432
-12.018592 10.862639 -6.857412 -12.713300 3.390930 4.840144 -18.256842 -27.135117 10.818259 17.263069
-12.187765 9.968072 -5.646927 -14.206464 3.558175 5.260464 -19.383997 -26.811249 10.291747 15.173913
-12.102847 9.239522 -4.796552 -15.285641 3.893949 5.506439 -20.365993 -26.285191 9.741523 13.405243
-12.168797 8.731450 -3.839942 -16.549889 4.067045 5.654924 -21.068277 -25.962280 9.217317 11.902397
-12.268154 8.451960 -3.155773 -17.654514 4.350140 5.729376 -21.654968 -25.346043 8.812989 10.437724
-12.669845 8.499403 -2.554002 -18.725040 4.669971 5.792294 -22.270105 -24.673037 8.496134 9.513116
-13.002030 8.444945 -2.002980 -19.629351 4.964767 5.748996 -22.620508 -24.071802 8.245974 8.652354
-13.346071 8.263645 -1.663197 -20.811533 5.268030 5.523988 -22.966812 -23.355549 7.863816 7.328445
-14.142806 8.208848 -0.992700 -22.327436 5.366170 5.247190 -22.904757 -23.024731 7.504576 6.627005
-14.754047 8.153992 -0.584403 -23.780956 5.602018 5.012538 -22.657871 -22.502266 7.055122 5.799422
-15.492343 8.169627 -0.180402 -25.253401 5.989322 4.669490 -22.288254 -21.831093 6.549903 5.115947
-16.209398 8.243849 0.220400 -26.527462 6.320633 4.339313 -21.948320 -21.329790 6.142696 4.753181
-16.911934 8.194645 0.623085 -27.821203 6.536007 4.078230 -21.629499 -21.039766 5.857070 4.427207
-17.477478 8.166102 0.927156 -28.987606 6.705577 3.882851 -21.505812 -20.748753 5.592457 4.002401
-18.012409 8.126089 1.340091 -30.056633 6.777836 3.867798 -21.420071 -20.566378 5.358364 3.488721
-18.500004 8.085117 1.800184 -31.148750 6.926142 3.950278 -21.035875 -20.408781 5.115918 2.963816
-18.878946 7.992362 2.197620 -32.016628 6.946225 4.071329 -20.778164 -20.281799 4.818737 2.326602
-19.122416 7.885243 2.467600 -32.759842 6.918405 4.128233 -20.469305 -20.141006 4.479441 1.683877
-19.361546 7.782902 2.707233 -33.413433 6.842801 4.230467 -20.213095 -20.019035 4.139835 1.091993
-19.529295 7.737962 2.861759 -33.833580 6.757020 4.330286 -19.929165 -19.937338 3.917805 0.697120
-19.610498 7.726076 2.935436 -34.070545 6.736122 4.379141 -19.777557 -19.841042 3.778690 0.438122
-19.628735 7.706622 2.931310 -34.207840 6.765500 4.330436 -19.575941 -19.772346 3.694515 0.348291
-19.623806 7.688945 2.931736 -34.236118 6.756965 4.339973 -19.513470 -19.746735 3.670647 0.295941
-19.627552 7.710136 2.941065 -34.246334 6.812946 4.276374 -19.521053 -19.769556 3.732515 0.401088
-19.584389 7.742179 2.874045 -34.180450 6.964885 4.045254 -19.403711 -19.870361 3.927517 0.819495
-19.396608 7.835351 2.662856 -33.901512 7.261301 3.604885 -19.161907 -19.967907 4.311499 1.593009
-19.177681 7.960783 2.388371 -33.524872 7.631209 3.095227 -18.739502 -20.115335 4.840250 2.644165
-18.898960 8.129963 2.070352 -32.928608 7.902797 2.610269 -18.388773 -20.283930 5.357842 3.793684
-18.520054 8.337416 1.640838 -32.111263 8.149259 2.033808 -17.822359 -20.566799 5.938716 5.139037
-18.143559 8.539895 1.277795 -31.504280 8.457490 1.612920 -16.937021 -20.767975 6.489596 6.259469
-17.797367 8.815517 1.017670 -30.897999 8.687203 1.268478 -16.049995 -21.013552 6.975394 7.375009
-17.590607 9.040145 0.847324 -30.502277 8.898309 1.010722 -15.399349 -21.344849 7.564020 8.442342
-17.323584 9.260916 0.561849 -29.809481 9.076620 0.659075 -14.834075 -21.769464 8.173536 9.787043
-17.176931 9.460464 0.406373 -29.228760 9.224998 0.396103 -14.471327 -22.117826 8.652273 10.886786
-16.945910 9.667853 0.091523 -28.562685 9.466377 0.074163 -14.012503 -22.393839 9.125718 12.098872
-16.816286 9.934177 -0.143307 -27.869183 9.714388 -0.285299 -13.523089 -22.735512 9.595211 13.570685
-16.795197 10.130051 -0.383286 -27.483459 9.824928 -0.551573 -12.961467 -23.135124 9.933899 14.812897
-16.766586 10.344919 -0.717841 -27.116053 9.979251 -0.868714 -12.338901 -23.380182 10.156531 15.977058
-16.709869 10.503420 -1.033339 -26.749945 10.092570 -1.201565 -11.902378 -23.514433 10.315143 16.823202
-16.598602 10.571073 -1.385761 -26.442947 10.206119 -1.481195 -11.476104 -23.539530 10.375070 17.371225
-16.489895 10.638047 -1.708227 -26.168596 10.303593 -1.751113 -11.068058 -23.542109 10.428991 17.868101
-16.413097 10.705653 -1.927322 -25.956728 10.362124 -1.929444 -10.834609 -23.515871 10.473236 18.215607
-16.384439 10.716266 -1.996854 -25.894297 10.380461 -1.975490 -10.761822 -23.519455 10.483300 18.307674
-16.293165 10.905939 -2.133923 -25.584507 10.404301 -2.130269 -11.001577 -23.368237 10.527843 18.475006
-16.027527 11.552599 -2.713007 -24.522682 10.537775 -2.704752 -11.703460 -22.827896 10.662381 19.116093
-16.028027 12.603026 -3.147884 -23.250288 10.737411 -3.487023 -13.099620 -22.039865 10.901719 20.014450
-15.546852 13.842434 -4.359648 -21.246992 10.941747 -4.541657 -15.004860 -20.587036 10.866611 20.720007
-15.355687 15.308434 -5.181984 -18.934170 10.816232 -5.085303 -17.719997 -19.385046 10.577279 21.904335
-14.637975 16.060183 -6.503993 -16.299206 10.617308 -5.065594 -20.540276 -17.948030 9.655913 21.937492
-13.786120 17.027874 -8.201015 -12.526335 9.870199 -4.010729 -23.639896 -16.982895 8.338429 22.769394
-11.667475 17.265213 -11.051252 -7.985387 11.223475 -0.901909 -26.726027 -13.700830 5.528848 22.529842
-8.460920 16.180952 -14.936687 -3.825522 11.663833 0.391808 -28.443951 -11.298206 3.182953 20.337681
-4.731407 14.288739 -17.987494 -1.252182 12.002584 1.635416 -29.556952 -9.382347 -0.702289 17.554882
-2.030081 11.883910 -20.931591 0.503851 11.765980 3.890120 -30.045092 -8.157749 -5.378684 15.873498
0.899676 9.145097 -23.021166 1.016969 11.667470 7.376222 -28.310013 -7.915054 -10.816138 14.552033
2.800373 6.918463 -25.300924 0.947434 10.688507 9.137714 -25.154261 -8.919960 -14.315749 14.091181
5.186270 5.531159 -26.286592 0.160239 10.561877 8.903005 -21.883245 -9.240003 -18.746117 16.575209
6.690467 4.381571 -30.299873 0.628546 10.296504 8.286923 -18.278503 -8.961473 -19.984016 15.247596
8.000908 3.786045 -32.802654 0.385314 10.518612 6.781946 -15.287908 -8.674169 -20.758717 14.549554
9.551272 2.793043 -35.482380 0.253643 10.402995 4.199065 -12.727555 -8.384958 -21.547464 13.426339
10.879719 2.622839 -37.515739 0.139119 10.785942 1.637345 -10.948569 -7.365167 -21.432384 12.210732
11.123389 2.472098 -38.399063 -0.175304 10.721397 0.496689 -9.982150 -7.073555 -21.717520 12.076785
11.159309 2.523991 -38.573349 -0.282823 10.679300 0.158946 -9.654279 -7.083626 -21.772755 12.222273
11.021721 2.540478 -38.541199 -0.378161 10.720603 0.192675 -9.592180 -7.067179 -21.783278 12.364166
10.709188 2.528663 -38.436211 -0.647621 10.842694 0.274562 -9.427334 -7.047822 -21.817142 12.644691
10.301965 2.581281 -38.316135 -0.903939 11.020576 0.413658 -9.237516 -7.043705 -21.801722 13.086887
9.776296 2.782568 -38.154755 -1.108999 11.237638 0.632905 -8.994979 -7.067667 -21.689407 13.797479
9.027298 3.204510 -37.818527 -1.408918 11.578938 1.040616 -8.586260 -7.094631 -21.397976 14.818337
7.831986 3.658494 -37.250576 -1.994572 11.944737 1.482799 -8.135178 -7.198171 -20.895784 15.824460
6.224091 4.499954 -36.177444 -2.734916 12.572960 1.988164 -7.945428 -7.124479 -20.477268 17.588036
5.223855 5.029082 -35.325577 -3.274349 13.006371 2.355150 -7.583583 -7.145788 -19.869450 18.638157
3.878294 5.465882 -34.226040 -4.155575 13.401504 2.611861 -7.341574 -7.176349 -19.415871 19.741726
2.324256 6.056471 -33.275845 -4.942038 13.714155 2.747477 -7.001870 -7.316938 -18.873917 21.265579
0.980546 6.319655 -32.356533 -6.014778 14.067780 2.805856 -6.366690 -7.414474 -18.454430 22.375732
-0.320652 6.717297 -31.430782 -6.876054 14.615022 3.059392 -6.014370 -7.368668 -18.028605 23.455948
-1.797566 7.125416 -30.223568 -7.984039 15.131512 3.193000 -5.924283 -7.265082 -17.712067 24.595453
-3.477166 7.603852 -29.048853 -9.194006 15.574466 3.238628 -5.841958 -7.253551 -17.440857 25.804472
-4.984941 8.013736 -28.062582 -10.245497 15.866384 3.192507 -5.765605 -7.405084 -17.091911 26.876064
-6.103958 8.394279 -27.362148 -11.033002 16.122143 3.061988 -5.647626 -7.485217 -16.677826 27.694368
-7.042439 8.652991 -26.789757 -11.710948 16.329576 2.898038 -5.594319 -7.540779 -16.395340 28.304665
-7.733377 8.798766 -26.399513 -12.183700 16.443079 2.875526 -5.558941 -7.594845 -16.216375 28.678133
-8.119353 8.903605 -26.139326 -12.458264 16.484447 2.854963 -5.505760 -7.695066 -16.062954 28.932058
-8.253368 8.931694 -26.042093 -12.551870 16.480991 2.870987 -5.492682 -7.744149 -16.007565 29.020292
-8.199560 8.898705 -26.173561 -12.544587 16.507334 2.810589 -5.374321 -7.716169 -16.074085 29.007030
-7.946084 8.779461 -26.623867 -12.454200 16.550821 2.617879 -4.989599 -7.651284 -16.218145 28.882793
-7.472747 8.582339 -27.198990 -12.340310 16.585552 2.418226 -4.376660 -7.636373 -16.482220 28.709768
-6.765908 8.366880 -28.044472 -11.964932 16.610950 2.219632 -3.624717 -7.541707 -16.707256 28.407892
-5.850756 8.078698 -29.464149 -11.386395 16.629190 1.682055 -2.557512 -7.334459 -16.978983 27.960014
-4.329553 7.666045 -31.128626 -10.679787 16.432529 0.885520 -0.988319 -7.552095 -16.813978 27.193989
-2.745315 7.198668 -32.706108 -9.919635 16.049639 0.056980 0.266717 -7.782483 -16.869684 26.215153
-0.992928 6.737322 -34.229515 -9.103482 15.601726 -1.007517 1.154532 -7.958077 -16.871376 24.892416
0.824899 6.242578 -36.335258 -8.130172 14.803820 -2.536113 2.420370 -8.256928 -16.838718 23.572186
