-11.941710 12.488418 -22.474998 2.229392 -1.752549 5.997985 -13.196227 -24.362274 14.653999 23.837700
-12.934490 12.568836 -21.144300 1.154627 -1.589648 6.033315 -13.492430 -24.550194 15.344065 23.794308
-13.866297 12.390969 -19.376308 -0.367087 -1.435895 6.192951 -14.199459 -24.828087 15.839182 23.401592
-14.373303 11.895336 -17.671192 -1.920253 -1.346424 6.156868 -14.977548 -25.127417 15.983975 22.698206
-14.686687 11.095803 -15.989400 -3.576113 -1.214774 6.121840 -16.043917 -25.126690 15.823336 21.307465
-12.491903 12.092563 -11.219169 -8.700891 0.508633 3.871291 -15.981268 -26.140568 12.627740 23.331417
-12.118109 11.425442 -9.282537 -10.757092 1.032894 4.126882 -16.525343 -25.830193 12.366281 21.942961
-12.074982 10.585126 -7.996390 -12.192824 1.296510 4.443254 -17.438662 -25.682863 12.114957 19.792057
-12.056470 9.966142 -6.956398 -13.269026 1.591238 4.911976 -18.317924 -25.397150 11.932527 18.188162
-12.223347 9.073269 -5.755722 -14.754008 1.762465 5.329761 -19.436476 -25.075323 11.414008 16.090971
-12.146427 8.344179 -4.904014 -15.837043 2.093921 5.584463 -20.431520 -24.542816 10.860903 14.310674
-12.212521 7.837168 -3.940385 -17.106089 2.259806 5.736140 -21.141748 -24.225372 10.334571 12.806206
-12.327104 7.577962 -3.281577 -18.195091 2.554638 5.809505 -21.726639 -23.596439 9.915344 11.385540
-12.715097 7.619149 -2.712754 -19.230125 2.852965 5.826645 -22.358717 -22.945574 9.609818 10.502051
-13.041314 7.556310 -2.158486 -20.131752 3.134286 5.768889 -22.727005 -22.364952 9.350027 9.652350
-13.438011 7.368426 -1.783343 -21.378012 3.407379 5.561150 -23.086092 -21.656746 8.957383 8.310830
-14.241449 7.312865 -1.110798 -22.892376 3.501825 5.286701 -23.030493 -21.321451 8.607520 7.603276
-14.860785 7.262353 -0.708491 -24.340794 3.745041 5.053204 -22.791904 -20.778887 8.159364 6.777221
-15.590513 7.293745 -0.309501 -25.801424 4.132527 4.702171 -22.407375 -20.113523 7.648946 6.119917
-16.300598 7.373331 0.092917 -27.077555 4.462563 4.364081 -22.061195 -19.615486 7.231089 5.772283
-17.002998 7.321167 0.494556 -28.370699 4.673564 4.102459 -21.744610 -19.337547 6.943832 5.436951
-17.557837 7.266730 0.801993 -29.548279 4.827733 3.904486 -21.620989 -19.065096 6.662564 5.000711
-18.087997 7.223306 1.210463 -30.611990 4.897134 3.891781 -21.532873 -18.883486 6.425729 4.487589
-18.565033 7.192769 1.677273 -31.694401 5.053246 3.970840 -21.162884 -18.733152 6.177824 3.966157
-18.942341 7.109698 2.071020 -32.547684 5.078181 4.098102 -20.903299 -18.605127 5.884348 3.340281
-19.187151 7.003585 2.341224 -33.290813 5.047159 4.156423 -20.593609 -18.462648 5.549870 2.699904
-19.432924 6.899709 2.588967 -33.959126 4.973425 4.260040 -20.328882 -18.337423 5.210029 2.101583
-19.601288 6.858897 2.735931 -34.371555 4.897206 4.359631 -20.043453 -18.248472 4.992560 1.713172
-19.685656 6.853524 2.807193 -34.602650 4.880608 4.408543 -19.892454 -18.144245 4.861700 1.457733
-19.704315 6.835599 2.802735 -34.738686 4.909863 4.360402 -19.690748 -18.076910 4.779826 1.368194
-19.698389 6.817771 2.800233 -34.763561 4.907420 4.368143 -19.628983 -18.056185 4.753568 1.308545
-19.704361 6.840493 2.807879 -34.773842 4.961792 4.304075 -19.635925 -18.077330 4.814924 1.416574
-19.660837 6.872917 2.743132 -34.706532 5.109439 4.077496 -19.517593 -18.181032 5.013380 1.836046
-19.467848 6.965300 2.522446 -34.415096 5.408905 3.634444 -19.286629 -18.279566 5.394079 2.607718
-19.249784 7.087472 2.250484 -34.041943 5.777411 3.123467 -18.865276 -18.427958 5.919537 3.648990
-18.968704 7.258318 1.929003 -33.442551 6.049420 2.630211 -18.517010 -18.591574 6.448288 4.787624
-18.585709 7.460418 1.493367 -32.617004 6.300339 2.056238 -17.939680 -18.863260 7.041397 6.139196
-18.222219 7.667954 1.138553 -32.027161 6.613111 1.637847 -17.048710 -19.071796 7.580058 7.260581
-17.881151 7.934094 0.875973 -31.436602 6.838102 1.280761 -16.168465 -19.310797 8.054726 8.372207
-17.677431 8.158751 0.704309 -31.038467 7.047884 1.024586 -15.519264 -19.645741 8.644889 9.439351
-17.410772 8.374884 0.421337 -30.345398 7.222308 0.675283 -14.959020 -20.075573 9.252948 10.779233
-17.262808 8.570998 0.265183 -29.764326 7.370557 0.415130 -14.595486 -20.422163 9.737130 11.871205
-17.030584 8.777965 -0.052556 -29.099476 7.612666 0.085897 -14.136488 -20.699436 10.207494 13.077346
-16.885714 9.041983 -0.300997 -28.380943 7.860657 -0.281391 -13.648210 -21.043552 10.690191 14.546306
-16.830666 9.239547 -0.578435 -27.934002 7.982368 -0.566458 -13.084548 -21.440235 11.054228 15.802664
-16.814182 9.446824 -0.875371 -27.606922 8.135793 -0.862087 -12.455868 -21.694693 11.262218 16.928669
-16.775936 9.610420 -1.179987 -27.268436 8.255817 -1.158189 -12.007710 -21.824099 11.416430 17.748638
-16.666098 9.678971 -1.534464 -26.959209 8.367611 -1.439968 -11.579600 -21.852566 11.474175 18.300762
-16.557402 9.748036 -1.860227 -26.683773 8.471702 -1.711403 -11.169977 -21.858036 11.523641 18.795111
-16.482208 9.821929 -2.082190 -26.469761 8.533110 -1.895237 -10.934755 -21.839315 11.568439 19.144093
-16.454275 9.831184 -2.152805 -26.407465 8.549727 -1.939511 -10.860785 -21.841223 11.581126 19.234665
-16.363947 10.021138 -2.287072 -26.101324 8.575235 -2.096869 -11.104897 -21.685308 11.624753 19.397991
-16.103796 10.666636 -2.848928 -25.055140 8.717495 -2.654227 -11.823799 -21.133526 11.760166 20.013676
-16.091816 11.716277 -3.266319 -23.788061 8.933459 -3.435763 -13.215367 -20.347281 11.987742 20.917679
-15.599711 12.935076 -4.457329 -21.795635 9.130070 -4.503458 -15.112398 -18.903288 11.961295 21.584904
-15.436908 14.421894 -5.252322 -19.499882 9.034318 -5.013293 -17.813000 -17.685463 11.687504 22.790953
-14.704970 15.188497 -6.560470 -16.880594 8.860168 -4.957156 -20.619116 -16.232899 10.759510 22.830410
-13.852384 16.172043 -8.231018 -13.128161 8.126597 -3.897457 -23.699831 -15.274693 9.437530 23.682907
-11.758880 16.371475 -11.215446 -8.520431 9.522869 -0.824802 -26.775778 -11.951382 6.713929 23.380220
-8.531002 15.305398 -15.091365 -4.341658 10.052187 0.494421 -28.509390 -9.499285 4.362333 21.213959
-4.701654 13.445471 -18.005011 -1.770962 10.564543 1.839633 -29.625925 -7.491832 0.355729 18.542505
-1.912294 10.998093 -20.856842 -0.026642 10.385015 4.182179 -30.181988 -6.240289 -4.547860 16.939068
1.124981 8.337867 -22.798185 0.493867 10.409219 7.809382 -28.402712 -5.940308 -10.139376 15.750667
2.943350 6.174851 -25.134029 0.379736 9.469294 9.518056 -25.242043 -6.890954 -13.669011 15.375543
5.569871 4.815397 -25.850927 -0.397751 9.469396 9.387363 -21.892488 -7.420444 -18.209793 17.881647
7.075585 3.663052 -29.961748 0.116617 9.180852 8.796735 -18.256628 -7.117152 -19.306580 16.372595
8.388700 3.043823 -32.482380 -0.156644 9.429388 7.284376 -15.222480 -6.833655 -20.097965 15.660020
9.946967 2.039996 -35.171421 -0.296367 9.336481 4.696037 -12.662313 -6.531064 -20.901634 14.531655
11.339183 1.829356 -37.208004 -0.498484 9.848875 2.010273 -10.884217 -5.378187 -20.833540 13.344246
11.585979 1.655958 -38.139908 -0.780498 9.781998 0.904103 -9.940580 -5.058555 -21.068676 13.111342
11.635683 1.712411 -38.304409 -0.895602 9.763555 0.547371 -9.631027 -5.044611 -21.130424 13.261120
11.486499 1.729847 -38.285961 -0.982007 9.792006 0.585831 -9.565845 -5.032443 -21.130386 13.392457
11.178739 1.717880 -38.180592 -1.249855 9.916748 0.668857 -9.401774 -5.012226 -21.165195 13.671343
10.773519 1.758077 -38.065666 -1.510155 10.088751 0.812103 -9.216948 -5.006424 -21.144131 14.094431
10.249198 1.956173 -37.908619 -1.714260 10.302367 1.029305 -8.974285 -5.032682 -21.027264 14.792554
9.502518 2.384559 -37.573822 -2.015348 10.649057 1.446880 -8.554711 -5.061182 -20.735832 15.816377
8.313723 2.843746 -37.025196 -2.601348 11.056037 1.820503 -8.119442 -5.101249 -20.227615 16.822706
6.679672 3.698285 -35.997055 -3.320979 11.721590 2.306036 -7.919538 -4.998642 -19.811829 18.568085
5.667747 4.231259 -35.158600 -3.849654 12.163486 2.677085 -7.555189 -5.021021 -19.189240 19.593943
4.322025 4.683311 -34.063831 -4.726669 12.561325 2.928353 -7.311070 -5.039030 -18.740185 20.711582
2.787334 5.269595 -33.101437 -5.515023 12.856139 3.070842 -6.960601 -5.188701 -18.200249 22.248970
1.434584 5.544346 -32.171932 -6.594648 13.215635 3.128362 -6.331560 -5.279747 -17.788652 23.379261
0.148297 5.945423 -31.214546 -7.450926 13.751568 3.388052 -5.975498 -5.267034 -17.356998 24.471941
-1.331938 6.339860 -30.007992 -8.549426 14.260402 3.511827 -5.889685 -5.180602 -17.038235 25.596138
-3.024213 6.819407 -28.846096 -9.753898 14.721433 3.542128 -5.816859 -5.159833 -16.771992 26.793316
-4.538583 7.225201 -27.850374 -10.809169 15.017420 3.505257 -5.757314 -5.319299 -16.435402 27.856121
-5.657782 7.612436 -27.148026 -11.592548 15.274882 3.375758 -5.638570 -5.399617 -16.015539 28.677105
-6.596200 7.878141 -26.576017 -12.273857 15.481359 3.211551 -5.583735 -5.440211 -15.731879 29.298512
-7.285426 8.028859 -26.181763 -12.747296 15.589324 3.190430 -5.544460 -5.499875 -15.550667 29.676319
-7.669188 8.132061 -25.922070 -13.021931 15.619546 3.171994 -5.486174 -5.600042 -15.400499 29.937849
-7.801304 8.160029 -25.821547 -13.117723 15.613534 3.184206 -5.472786 -5.650720 -15.349460 30.031069
-7.748738 8.125978 -25.955214 -13.108996 15.640995 3.121200 -5.354666 -5.619654 -15.409619 30.013128
-7.497390 8.008871 -26.410620 -13.018826 15.696180 2.927301 -4.972228 -5.545956 -15.553055 29.884386
-7.023487 7.810686 -26.993311 -12.900994 15.737481 2.728889 -4.356729 -5.531639 -15.818683 29.705544
-6.336003 7.600449 -27.865437 -12.519048 15.793797 2.514260 -3.610001 -5.428179 -16.045799 29.381807
-5.415369 7.334931 -29.275558 -11.928158 15.842343 1.984616 -2.541563 -5.259889 -16.327091 28.931711
-3.869740 6.918658 -30.962986 -11.191527 15.634564 1.233217 -0.943981 -5.520642 -16.159794 28.149946
-2.262145 6.441880 -32.534130 -10.391973 15.196673 0.476267 0.314060 -5.786744 -16.203300 27.177244
-0.515994 6.009929 -34.064819 -9.558434 14.718296 -0.535816 1.231683 -5.996493 -16.209467 25.899071
1.272382 5.507848 -36.212055 -8.555553 13.896664 -2.042279 2.512897 -6.308007 -16.168493 24.555805
