15.711856 3.933950 -8.260300 -20.083355 -6.513115 4.966073 13.303021 -10.790269 40.604366 8.333694
14.769341 3.631866 -10.026879 -20.089033 -5.200692 3.910402 14.493179 -9.916595 40.700397 6.890965
13.866002 3.223535 -12.163816 -19.746763 -3.623391 2.891563 15.225529 -8.946540 41.016865 4.796381
12.758870 2.980771 -14.212055 -19.285498 -2.459239 2.067003 15.307248 -7.829940 41.207455 3.092633
11.382771 3.277049 -15.996027 -18.487469 -1.339813 1.041177 14.941998 -6.872432 41.081402 2.651825
11.296883 4.907002 -16.830166 -19.329386 1.766895 -2.067475 14.872667 -5.192341 38.966358 4.742191
10.843382 5.043232 -19.168085 -18.134640 3.539457 -3.418325 14.418336 -3.754128 38.181267 3.944965
10.162641 4.555567 -21.632286 -17.432070 4.856586 -5.029191 14.253610 -2.234525 37.761494 2.846244
9.388000 3.695410 -23.356937 -17.434956 5.785807 -6.309597 14.023046 -0.731195 37.277996 1.878175
9.595101 2.394066 -24.623280 -17.759338 6.894756 -7.612453 14.037331 0.743341 36.311886 0.354871
10.159429 0.989788 -26.140520 -18.065298 7.568578 -8.885798 14.535557 1.873704 34.782749 -0.716411
10.835146 -0.341439 -27.398499 -18.323332 8.145930 -10.052630 14.858383 2.529984 32.888657 -1.424906
11.066326 -1.428024 -28.809420 -18.286964 8.478637 -11.154768 14.891199 3.140370 30.932217 -1.434648
11.614057 -2.680796 -30.378431 -18.424973 8.699316 -12.025068 14.941078 4.040373 29.119423 -1.992465
11.966721 -3.851134 -32.427292 -18.324104 8.863461 -13.055190 14.958647 5.372692 27.428761 -2.495330
12.453750 -5.029395 -33.846611 -18.549307 8.966647 -13.895616 15.158803 6.209612 25.697639 -2.963433
12.372081 -5.940336 -34.979378 -19.120308 9.401409 -15.009784 15.143311 7.376719 24.072388 -3.021468
11.635641 -6.236780 -35.862019 -19.435577 9.518972 -15.622195 15.411606 8.041433 23.001577 -2.414648
10.235577 -6.184450 -36.601566 -19.880602 9.811434 -16.273932 15.519024 8.669458 21.843790 -1.521949
8.959148 -6.132424 -37.225277 -20.447456 10.150457 -17.121452 15.484351 9.543538 20.898388 -0.562518
7.888837 -5.904528 -37.702862 -20.753040 10.276097 -17.642143 15.203594 10.215600 20.200766 0.089987
7.010587 -5.960348 -38.426800 -21.164927 10.442246 -18.270725 15.321061 10.694012 19.304605 0.592129
5.990496 -5.953286 -39.166222 -21.454842 10.354239 -18.701754 15.505033 11.127046 18.374413 1.441043
4.906319 -5.931001 -40.157372 -21.490080 10.170788 -19.007967 15.564165 11.555696 17.372828 2.186900
3.983802 -5.858109 -41.088387 -21.299040 9.998415 -19.264719 15.357224 11.969477 16.573860 2.698387
3.281491 -5.911481 -41.906574 -20.972586 9.831580 -19.388845 14.883346 12.448158 16.053696 2.746564
2.810918 -6.002384 -42.422859 -20.776552 9.765572 -19.397808 14.418532 12.881809 15.636528 2.658547
2.489191 -6.169081 -42.743820 -20.775743 9.656968 -19.383612 14.231366 13.110180 15.220584 2.749898
2.235338 -6.259241 -42.893883 -20.801985 9.548661 -19.353325 14.142995 13.219009 14.924619 2.913908
2.089890 -6.263011 -42.972839 -20.821835 9.495204 -19.359131 14.087255 13.284235 14.788556 3.003030
2.019168 -6.262173 -42.995583 -20.839697 9.474766 -19.350452 14.071323 13.288269 14.746784 3.045413
2.014858 -6.335587 -43.026443 -20.848833 9.398522 -19.298069 14.164439 13.166626 14.683525 3.068954
1.882558 -6.524051 -43.052151 -21.037249 9.177845 -19.171665 14.478901 12.846642 14.462190 3.334416
1.541744 -6.840765 -43.086025 -21.265562 8.744606 -18.842690 14.862822 12.233270 14.057418 3.740514
1.004150 -7.230268 -43.011482 -21.777672 8.263997 -18.548370 15.319431 11.461782 13.400650 4.394441
0.329013 -7.737419 -42.905411 -22.378805 7.672891 -18.153114 15.762807 10.494983 12.536845 5.141604
-0.518465 -8.226506 -42.869801 -22.967188 6.936838 -17.686377 16.043573 9.524411 11.568261 5.946611
-1.373647 -8.669785 -42.470257 -23.701227 6.106555 -17.105227 16.382767 8.194196 10.478648 6.858148
-2.336370 -9.156415 -41.924862 -24.672421 5.313232 -16.659246 16.747755 6.830656 9.295001 8.080122
-3.578465 -9.670897 -41.092327 -26.042927 4.476864 -16.303402 17.291004 5.268784 7.789993 9.833617
-4.961612 -9.797801 -40.082745 -27.300314 3.568570 -15.798026 17.934032 3.750111 6.760590 11.807195
-6.000236 -9.974324 -39.416019 -28.117100 2.785037 -15.382154 18.177923 2.629523 5.968803 13.175568
-7.113710 -10.218321 -38.597034 -29.038063 1.740031 -14.627072 18.859322 1.167602 5.357806 14.718881
-8.139134 -10.394385 -37.520748 -30.065945 0.971862 -13.898895 19.670368 -0.300376 5.036717 16.204615
-8.573065 -10.527580 -36.828880 -30.628429 0.417608 -13.313131 20.375853 -1.338052 4.655229 17.208138
-8.853329 -10.529692 -36.300728 -30.904490 -0.335110 -12.603910 21.024750 -2.560288 4.393383 18.273994
-8.932198 -10.498791 -35.957443 -30.969875 -0.923895 -12.073800 21.422598 -3.522630 4.306542 18.938007
-8.634966 -10.637921 -35.872288 -30.857079 -1.361029 -11.718830 21.731497 -4.214857 4.285844 19.093212
-8.517564 -10.639457 -35.698845 -30.817629 -1.609404 -11.482170 21.898090 -4.669420 4.364974 19.268135
-8.347520 -10.687162 -35.575222 -30.694347 -1.790104 -11.264450 21.875477 -4.956411 4.432847 19.227179
-8.292640 -10.706025 -35.530216 -30.673258 -1.865317 -11.195611 21.888346 -5.084796 4.452849 19.218552
-7.903642 -10.900065 -35.132477 -30.845530 -1.697401 -11.033947 21.957718 -5.095829 4.692707 18.941183
-6.775078 -11.459333 -34.409672 -30.961357 -1.227471 -10.489534 21.750824 -5.049775 5.550683 17.331642
-3.887008 -12.048641 -32.822800 -30.010565 -0.285389 -9.338131 19.983946 -4.509400 7.671892 13.646949
0.009463 -13.192218 -31.924965 -29.132650 1.043801 -8.608788 18.826565 -3.460150 9.946006 9.037878
3.312318 -14.217583 -31.646589 -27.591415 1.763872 -7.472656 16.388775 -2.122624 12.703227 3.762306
4.870173 -14.630905 -30.028395 -27.457123 2.759184 -5.999818 14.813126 -0.987504 15.702561 -0.204374
7.373546 -15.127248 -25.663792 -27.611767 4.630569 -3.429551 11.894416 -0.508171 19.642761 -5.986880
6.752922 -13.818282 -19.315294 -28.896624 7.597425 -1.324644 8.450125 0.079029 23.964653 -9.202762
4.915941 -12.038426 -12.586264 -31.200802 7.710082 0.713307 1.423740 2.727031 25.004974 -8.005992
12.132197 -10.277976 -7.760461 -28.762726 7.175093 -0.822170 -7.449547 4.046406 22.636351 -5.070515
13.807768 -6.742073 -6.888493 -25.008408 4.945209 0.452969 -10.541170 4.546017 24.196857 -2.346562
18.057549 -5.825529 -5.447482 -23.288662 2.099782 1.819015 -13.696882 4.414516 23.003841 -0.597482
22.803185 -7.335250 -6.170665 -20.190845 0.408137 4.847911 -15.576763 2.730411 18.458275 0.105435
27.382990 -9.171619 -7.639083 -17.727793 -2.014303 7.232786 -16.086432 0.222782 12.229308 -0.741952
30.920881 -9.002783 -10.427987 -14.574215 -3.990999 9.161902 -15.828585 -1.127988 9.602749 -2.047362
35.126747 -8.919381 -13.377410 -13.354158 -4.220968 8.039425 -11.767642 -0.435362 8.055635 -1.048072
38.928024 -7.936353 -16.756723 -11.933195 -2.765454 5.877527 -5.469532 0.344955 7.610234 1.399348
41.074898 -7.617000 -17.717684 -13.431666 -1.813037 2.768024 -0.245930 -0.452227 5.125408 3.551461
41.939953 -8.687935 -18.315077 -14.232671 -1.899212 1.888630 2.488891 -1.130439 4.273447 3.882719
42.034222 -8.812902 -17.871058 -14.892396 -1.924325 1.551796 2.955073 -1.663792 3.348479 4.397167
42.093178 -8.752869 -17.889437 -14.817081 -2.001704 1.568936 2.893108 -1.610623 3.457770 4.498582
42.221455 -8.675588 -17.927477 -14.721444 -2.066073 1.570722 2.706317 -1.325613 3.596048 4.734005
42.213951 -8.365541 -17.537790 -14.620683 -2.194736 1.912466 1.923652 -0.979275 3.817934 5.246837
42.059212 -8.000847 -16.498634 -14.817994 -2.400275 2.385032 0.713133 -0.629726 3.911611 5.865974
41.665688 -7.406782 -15.300323 -14.880192 -2.940769 3.048914 -1.049345 -0.176090 4.028184 6.838198
41.406921 -7.402990 -13.320504 -15.612836 -3.674984 3.871118 -3.060357 -0.216402 3.654978 7.585980
41.595284 -7.571657 -10.660746 -17.292822 -4.599297 4.145391 -5.255951 -0.562591 2.257828 8.902209
40.955830 -7.941908 -8.349769 -18.475845 -5.546590 5.056021 -6.960674 -0.899263 1.769093 9.334495
39.891975 -8.531869 -6.703740 -19.415939 -6.661025 5.663788 -8.681342 -1.076792 1.170915 10.052533
38.930347 -9.167937 -5.375552 -20.148726 -7.541065 5.988164 -10.327559 -1.000949 0.789424 11.057768
38.339581 -9.630860 -3.647629 -20.963091 -7.863837 6.397871 -11.005909 -1.325685 0.438771 12.496591
37.632465 -10.284095 -1.995571 -21.896868 -8.149540 6.725168 -11.658711 -1.802453 -0.104704 13.471967
36.995724 -10.947311 -0.791586 -22.634415 -8.325982 6.948185 -12.261430 -2.143365 -0.916633 14.393352
36.753422 -11.618734 0.595421 -23.401333 -8.354997 7.008572 -12.902938 -2.487118 -2.087493 15.773601
36.749882 -12.216158 2.077624 -24.149773 -8.293714 6.990710 -13.361465 -2.938605 -3.388492 17.269104
36.764988 -12.804513 3.269104 -24.893177 -8.094251 6.924632 -13.477585 -3.345943 -4.462977 18.430359
36.618050 -13.177568 4.173932 -25.539978 -7.818342 6.855454 -13.398325 -3.636386 -5.142617 19.333462
36.384922 -13.360208 4.663040 -25.895708 -7.637300 6.700649 -13.244873 -3.861777 -5.562410 19.901474
36.073681 -13.392159 4.835411 -26.054995 -7.534223 6.573264 -13.175811 -4.013356 -5.777574 20.123508
35.962578 -13.365251 4.854511 -26.035410 -7.488283 6.548850 -13.191935 -4.063163 -5.850145 20.165977
