-8.201326 -4.344272 -30.944172 -21.175631 11.550815 7.385556 7.625714 -13.610629 -13.837777 12.066887
-5.632400 -2.302368 -27.694069 -23.353428 12.662406 5.451883 8.329241 -15.164023 -16.338842 14.828860
-5.179593 -1.482337 -27.178194 -22.903362 12.616603 6.553640 8.848954 -15.402984 -16.222767 15.817210
-6.252570 0.316804 -26.864239 -20.718676 11.776512 8.361668 7.269948 -15.624631 -15.103480 17.332664
-7.370682 2.410996 -26.120625 -18.664934 11.324747 9.811277 4.456463 -15.021463 -13.912023 17.819323
-8.187787 5.201819 -25.653362 -17.382757 12.402271 9.345873 2.426590 -13.355495 -13.255780 19.943428
-7.742101 6.640323 -25.559008 -16.447132 13.165915 7.793933 0.913604 -12.380548 -13.620044 21.917831
-9.060414 8.027062 -26.803331 -13.952529 13.091917 6.599661 -0.821276 -11.482585 -12.138817 23.825462
-9.950586 9.062594 -28.175789 -10.867320 13.084249 6.334705 -3.546330 -10.402905 -11.252965 24.656685
-8.275460 10.893456 -27.326044 -7.678666 12.589907 6.479095 -5.036276 -11.616347 -8.410968 25.476616
-5.042789 11.363132 -27.606398 -4.123508 11.646255 6.576102 -5.463378 -13.780332 -4.762732 24.315321
-3.734801 12.984673 -27.995678 -1.027280 11.882811 6.772811 -6.573192 -13.673290 -0.883062 22.788166
-2.637058 14.868062 -26.829809 -0.146565 12.057997 6.789635 -5.885875 -14.338771 0.173342 24.584549
-1.591785 16.245420 -25.173302 0.600404 11.698260 8.012056 -6.346418 -15.618262 0.323078 26.278561
-0.523798 16.282017 -24.337036 1.220429 10.910489 9.277509 -6.839029 -16.783119 0.743543 25.997458
0.378680 15.569782 -25.199026 2.815028 10.266231 10.204069 -7.618837 -17.308777 2.226068 24.026947
1.119755 15.641092 -25.978296 4.359357 9.314221 12.025872 -7.203816 -18.552282 3.451936 22.775177
1.943951 15.996847 -26.028624 6.022341 7.781429 12.863233 -7.254022 -20.282587 4.158909 23.139656
2.341148 16.112202 -26.425217 6.894810 6.993331 12.935527 -7.478151 -20.737364 3.981069 23.403963
2.345911 16.110701 -26.480392 6.895607 7.022811 12.851049 -7.424556 -20.671036 3.933151 23.409166
2.502681 16.038689 -26.614248 7.020269 6.985183 12.875114 -7.489957 -20.644487 3.831735 23.285576
2.955765 15.879326 -27.038242 7.443781 6.875117 12.898561 -7.700629 -20.555880 3.620602 22.903458
3.744905 15.556047 -27.691854 8.057469 6.677886 12.932456 -7.882571 -20.441874 3.355244 22.179642
4.789971 15.126545 -28.433685 8.728954 6.471272 12.965687 -7.936771 -20.360895 3.018226 21.265400
5.963240 14.605029 -29.100142 9.344269 6.276587 12.996201 -8.090393 -20.234875 2.665959 20.067307
7.481424 13.884432 -30.110580 10.159814 5.980976 12.952559 -8.281569 -20.043144 2.306456 18.241909
9.248859 13.106593 -31.193106 11.149535 5.681171 12.938527 -8.641025 -19.825502 2.047961 15.963671
10.943460 12.493217 -32.062016 12.123923 5.398144 12.998341 -9.209142 -19.613260 2.059361 13.666697
12.395825 11.934919 -32.755989 12.822000 5.133355 12.931009 -9.557684 -19.506170 2.151652 11.615413
13.843214 11.220334 -33.696964 13.593975 4.934231 12.846677 -9.959889 -19.265793 2.234249 9.245278
14.980310 10.586082 -34.608273 14.067737 5.000691 12.838007 -10.148306 -18.837854 2.383682 6.931147
16.141460 10.016791 -35.345963 14.593722 5.097907 12.910966 -10.742300 -18.306110 2.574584 4.530656
17.373047 9.424979 -35.979691 15.167775 5.287113 12.750740 -11.476011 -17.576395 2.647997 2.242755
18.403360 8.825868 -36.534363 15.582665 5.410495 12.516670 -12.109612 -16.951590 2.557469 0.328692
19.379303 8.189039 -37.172150 15.953059 5.561286 12.222332 -12.704751 -16.237650 2.207195 -1.359384
20.238487 7.639178 -37.678375 16.247328 5.685966 11.915624 -13.264691 -15.542237 1.785606 -2.819936
20.786055 7.387863 -37.972401 16.525229 5.688069 11.728608 -13.708652 -15.186419 1.644024 -3.666757
21.007782 7.207196 -38.084347 16.546709 5.740932 11.526974 -13.932624 -14.891031 1.562376 -4.198527
21.198332 7.042683 -38.107780 16.505960 5.786144 11.370872 -13.950043 -14.721579 1.536715 -4.618250
21.299994 6.958725 -38.147419 16.510136 5.820909 11.300376 -13.959024 -14.616593 1.507084 -4.773349
20.954355 7.188536 -37.931366 16.371407 6.303909 11.167188 -14.585819 -13.903968 1.542985 -4.636741
19.729956 7.916689 -37.350811 15.896258 7.417849 10.894595 -16.368664 -12.317169 1.526793 -4.118057
17.087559 9.184669 -35.915653 14.555484 8.586099 10.231667 -18.050955 -10.948970 1.190388 -1.499049
14.396870 10.695944 -33.766987 12.897630 9.520554 8.977440 -19.372734 -10.257502 0.371030 2.934509
11.478220 11.782794 -31.088139 10.095287 10.411936 8.642123 -18.606148 -10.517972 -0.593439 7.535150
6.957097 12.986212 -28.592604 6.947869 11.422164 8.758292 -17.841286 -10.651818 0.117123 10.915462
3.426709 14.783209 -25.668840 4.539834 12.241448 8.846796 -18.763746 -10.232382 -0.024802 13.899091
0.791294 14.339157 -21.538708 1.684497 10.527096 6.726592 -22.110924 -12.598600 -2.108045 18.680309
-2.575896 14.377508 -19.729418 -0.012704 11.655056 5.094641 -26.289789 -10.714273 -1.835411 18.091415
-4.551937 14.678102 -18.287441 -0.473186 12.362843 6.495935 -31.090302 -8.808544 -1.691234 15.753284
-4.518874 12.580093 -13.922884 -3.129233 10.223374 8.994769 -31.771809 -12.545856 -4.093540 15.760386
-3.614568 10.824018 -10.521363 -5.133001 7.862988 10.075571 -32.117752 -16.376568 -5.772909 15.556850
-3.163175 9.683164 -9.032738 -6.375264 6.963265 10.878142 -32.645477 -17.777645 -5.448703 13.328113
-1.920446 8.285210 -9.696606 -6.607517 6.998813 11.016973 -32.070148 -17.872467 -3.695169 9.509631
-1.481448 7.127232 -10.672514 -6.636949 6.708712 10.531515 -32.391872 -17.714642 -1.710960 5.970883
-0.863702 6.335805 -11.152222 -6.342460 5.979148 9.898184 -33.214741 -17.467312 -0.490769 2.697179
0.266111 5.216830 -11.011713 -6.749795 5.101618 9.123021 -34.174168 -17.657858 -0.807769 -0.043664
0.532298 4.531260 -10.557473 -7.241581 4.490553 8.997451 -34.507755 -17.911316 -0.934347 -1.546245
0.945329 4.012217 -10.502029 -7.541337 4.227535 8.847175 -34.524620 -18.064499 -1.193966 -2.350420
1.049048 3.888666 -10.450209 -7.639713 4.076950 8.745547 -34.423107 -18.172945 -1.348250 -2.443599
1.012677 3.871638 -10.308235 -7.762257 4.044640 8.774634 -34.510773 -18.203213 -1.387854 -2.507618
1.003316 3.745495 -10.031680 -8.005600 3.993447 8.934646 -34.679989 -18.248667 -1.447587 -2.878160
0.958077 3.501645 -9.708931 -8.447733 3.915271 9.086000 -34.813137 -18.362127 -1.591918 -3.347920
1.022286 3.129745 -9.557709 -8.908715 3.890970 9.304080 -34.808498 -18.364832 -1.899137 -3.946877
1.055590 2.774341 -9.435571 -9.375010 3.931300 9.478227 -34.869213 -18.160503 -2.286691 -4.660492
0.978634 2.242301 -9.028618 -10.193957 3.964649 9.877377 -34.881142 -18.010391 -2.841422 -5.537163
0.821440 1.703683 -8.771325 -10.895157 3.939009 10.232084 -34.782265 -17.886648 -3.453854 -6.208893
0.567096 1.154855 -8.444274 -11.656906 3.832859 10.727701 -34.825195 -17.806175 -4.243909 -6.957826
-0.154512 0.874991 -8.077880 -12.637553 3.673891 11.189657 -35.271255 -17.666628 -4.953598 -7.590785
-1.196807 0.909063 -7.330226 -13.746259 3.729647 11.695607 -35.821705 -17.559267 -5.652050 -7.460253
-1.798799 0.869294 -6.705840 -14.818169 3.733882 12.407987 -36.194504 -17.487383 -6.256090 -8.133387
-2.795885 1.204966 -5.603798 -16.088411 3.713159 13.194384 -36.604465 -17.425503 -6.996427 -8.336230
-3.744259 1.418777 -4.502766 -17.609240 3.609954 14.301808 -36.720173 -17.526735 -7.813410 -8.709624
-4.828394 1.624252 -3.433020 -19.208908 3.571458 15.406399 -36.599857 -17.558958 -8.548388 -9.107291
-5.755706 1.574551 -2.456765 -20.943653 3.407422 16.641981 -36.411438 -17.584831 -9.394998 -10.300452
-6.951106 1.593695 -1.158241 -22.787373 2.905743 18.049622 -36.392487 -17.776972 -10.258315 -11.841020
-8.414144 1.644920 0.348451 -24.773071 2.208742 19.472084 -36.437748 -17.977499 -10.991735 -13.642820
-9.663967 1.738953 1.579388 -26.389870 1.619703 20.660196 -36.344406 -18.072657 -11.604539 -15.098852
-10.298952 1.810756 2.138269 -27.197744 1.335083 21.328251 -36.115849 -18.119703 -11.853885 -15.863650
-10.440624 1.852102 2.329736 -27.445330 1.266403 21.522676 -35.996540 -18.121178 -11.923181 -16.089516
-10.451303 1.862966 2.328745 -27.440153 1.270238 21.531723 -36.001945 -18.124687 -11.925577 -16.103077
-10.455754 1.873751 2.330581 -27.435730 1.277874 21.536116 -36.005142 -18.139738 -11.933604 -16.120758
-10.454017 1.888716 2.338657 -27.432310 1.284046 21.531963 -36.014549 -18.161684 -11.950201 -16.121590
-10.459196 1.894933 2.332930 -27.421469 1.287813 21.531700 -36.024776 -18.169859 -11.953633 -16.128532
-10.459746 1.899485 2.333444 -27.412241 1.288713 21.534082 -36.030956 -18.177790 -11.958593 -16.130173
-10.455697 1.898565 2.337036 -27.411650 1.283937 21.538282 -36.031380 -18.183094 -11.956508 -16.130859
-10.451737 1.896768 2.337640 -27.409883 1.281094 21.533775 -36.035248 -18.178289 -11.957292 -16.123119
-10.450116 1.893313 2.342793 -27.422939 1.272530 21.534286 -36.030651 -18.167046 -11.956002 -16.113712
-10.446192 1.883057 2.345869 -27.430702 1.258538 21.535738 -36.027180 -18.147678 -11.941285 -16.105686
