-16.159956 -2.618056 -3.856724 -24.089636 -7.984639 13.573072 -39.149239 -21.417500 -4.590128 -21.334045
-16.159956 -2.618056 -3.856724 -24.089636 -7.984639 13.573072 -39.149239 -21.417500 -4.590128 -21.334045
-16.159956 -2.618056 -3.856724 -24.089636 -7.984639 13.573072 -39.149239 -21.417500 -4.590128 -21.334045
-16.159956 -2.618056 -3.856724 -24.089636 -7.984639 13.573072 -39.149239 -21.417500 -4.590128 -21.334045
-16.159956 -2.618056 -3.856724 -24.089636 -7.984639 13.573072 -39.149239 -21.417500 -4.590128 -21.334045
-13.768152 -0.695181 1.300483 -29.668653 -5.594997 12.337065 -36.877869 -23.066549 -8.149813 -17.622395
-13.617942 -0.584361 1.518554 -29.791515 -5.504811 12.261040 -36.818905 -23.115171 -8.261821 -17.501343
-13.624684 -0.584733 1.486309 -29.734140 -5.511780 12.241290 -36.838829 -23.193869 -8.249284 -17.533165
-13.628537 -0.587969 1.479547 -29.727690 -5.514678 12.242716 -36.838539 -23.199682 -8.241786 -17.542358
-13.631427 -0.590543 1.477079 -29.724726 -5.524708 12.241446 -36.840469 -23.202061 -8.237629 -17.539955
-13.626428 -0.590730 1.477344 -29.723591 -5.522656 12.241923 -36.840778 -23.206369 -8.242486 -17.539240
-13.626779 -0.590403 1.476845 -29.720421 -5.520318 12.241055 -36.840748 -23.208685 -8.241806 -17.539330
-13.625218 -0.590053 1.476227 -29.720922 -5.519250 12.238026 -36.840733 -23.212059 -8.244823 -17.538273
-13.624452 -0.592755 1.477709 -29.721518 -5.522805 12.238315 -36.842216 -23.213310 -8.243756 -17.539993
-13.626400 -0.595113 1.470311 -29.716890 -5.528379 12.236819 -36.844257 -23.209391 -8.238311 -17.541042
-13.627337 -0.592917 1.466846 -29.713455 -5.523814 12.238811 -36.846844 -23.206232 -8.243371 -17.543606
-13.627259 -0.592686 1.467404 -29.712673 -5.523783 12.237741 -36.848839 -23.207533 -8.242194 -17.545143
-13.625152 -0.592075 1.469552 -29.713127 -5.521092 12.236283 -36.846645 -23.214005 -8.244720 -17.548634
-13.624412 -0.593748 1.466599 -29.710358 -5.520175 12.235493 -36.849365 -23.211607 -8.244530 -17.551537
-13.623921 -0.593868 1.464883 -29.708914 -5.518116 12.234646 -36.848984 -23.212315 -8.246127 -17.551350
-13.626057 -0.593525 1.460009 -29.708624 -5.519298 12.234503 -36.847111 -23.206831 -8.242524 -17.549635
-13.627234 -0.594113 1.459183 -29.707541 -5.520762 12.238006 -36.847256 -23.205824 -8.240418 -17.551455
-13.625906 -0.591048 1.460821 -29.702547 -5.520231 12.242202 -36.848866 -23.208399 -8.243472 -17.549408
-13.627958 -0.592217 1.459925 -29.701965 -5.522658 12.243156 -36.848312 -23.207848 -8.240487 -17.549580
-13.627452 -0.591775 1.459217 -29.702065 -5.520541 12.243251 -36.847103 -23.211491 -8.243976 -17.549931
-13.629589 -0.590801 1.457381 -29.699924 -5.523352 12.245967 -36.848370 -23.209930 -8.244474 -17.547653
-13.628596 -0.590408 1.458720 -29.697605 -5.525623 12.255254 -36.847889 -23.210257 -8.242345 -17.547668
-13.634580 -0.592684 1.450436 -29.694283 -5.533521 12.254556 -36.849148 -23.204565 -8.234281 -17.547539
-13.635246 -0.594918 1.449500 -29.694902 -5.532225 12.254733 -36.848064 -23.206730 -8.237012 -17.549456
-13.635191 -0.594622 1.447584 -29.692905 -5.530144 12.251564 -36.849648 -23.207010 -8.237559 -17.551186
-13.636654 -0.596107 1.447899 -29.692059 -5.535876 12.257464 -36.850285 -23.204403 -8.232747 -17.548555
-13.442078 -0.662139 1.222010 -29.402105 -5.449293 12.045897 -36.981907 -23.205118 -8.173099 -17.324566
-12.716555 -0.815929 0.521649 -28.382055 -5.182110 11.419690 -37.291546 -23.207575 -7.897366 -16.671185
-11.406066 -0.933002 -0.766726 -26.443363 -4.700670 10.225967 -37.659531 -23.181215 -7.344517 -15.297611
-9.891117 -1.003852 -2.277253 -24.144777 -4.197101 8.783604 -37.841095 -23.072756 -6.657606 -13.611144
-8.552266 -1.013188 -3.620065 -22.077753 -3.725149 7.524671 -37.747066 -22.901613 -5.900309 -12.153000
-7.483578 -0.911981 -4.553944 -20.345707 -3.412714 6.616715 -37.828373 -22.781206 -5.322223 -11.080874
-6.261974 -1.024307 -5.570199 -18.743628 -3.153631 5.911440 -37.996189 -22.595835 -4.949683 -10.587646
-5.139166 -1.080044 -6.521714 -17.164190 -2.750593 5.161121 -38.033142 -22.300264 -4.590083 -9.944148
-3.961452 -1.152600 -7.589809 -15.694194 -2.229342 4.712439 -37.700321 -22.027700 -4.038305 -9.490972
-3.214461 -0.782064 -8.240564 -14.415406 -1.586544 4.505808 -37.363743 -21.572863 -3.564085 -8.686082
-2.176601 -0.475088 -9.015750 -13.277830 -1.070290 4.523873 -36.728344 -21.192381 -3.052268 -8.556430
-1.590187 0.107864 -9.386702 -12.341106 -0.383975 4.555239 -36.131756 -20.823830 -2.388313 -7.779108
-1.254275 0.878450 -9.603668 -11.536561 0.309176 4.828204 -35.897034 -20.488194 -1.590023 -7.032600
-0.973863 1.589053 -9.823175 -10.799367 0.923124 5.238963 -35.705490 -20.132803 -0.900638 -6.473472
-0.774608 2.292799 -10.232565 -9.912704 1.492077 5.450181 -35.315685 -19.861397 -0.200689 -5.546411
-0.770604 2.811189 -10.488395 -9.349980 1.934214 5.594398 -34.987358 -19.693638 0.345340 -4.766432
-0.807091 3.330946 -10.700845 -8.817483 2.326052 5.654002 -34.786575 -19.406406 0.794571 -4.140756
-0.717017 3.671216 -11.064852 -8.330408 2.604620 5.660607 -34.511944 -19.107544 1.003058 -3.687014
-0.662671 3.872999 -11.358419 -8.034735 2.774713 5.664131 -34.261925 -18.932474 1.099093 -3.347867
-0.622212 3.925864 -11.464660 -7.924242 2.835876 5.665307 -34.174435 -18.865210 1.118883 -3.264295
-0.717545 4.023493 -11.503531 -7.851670 2.918899 5.697498 -34.250923 -18.791798 1.254500 -3.142632
-1.165683 4.486002 -11.570605 -7.608320 3.012024 5.759983 -34.168175 -18.783321 1.497131 -2.207647
-1.510071 5.104098 -12.095411 -7.170197 3.373363 6.065476 -33.728764 -18.706335 1.753776 -0.850559
-3.005682 6.260637 -12.207281 -6.802088 3.664707 6.408627 -33.090210 -18.539249 2.141612 1.772031
-3.919353 7.103218 -11.828470 -6.969294 4.037061 6.620325 -32.331757 -18.776848 1.519264 4.797648
-3.499212 7.890487 -10.121658 -7.213649 5.238653 8.263488 -31.666027 -18.718395 -1.508536 8.784995
-3.713610 8.675186 -9.348296 -6.771623 5.646229 8.704899 -31.902014 -19.198063 -3.507951 12.947041
-3.372004 9.516582 -11.505178 -5.060377 6.805254 8.326967 -31.115904 -17.334669 -4.441352 14.875257
-4.763212 11.971686 -14.536788 -2.762609 9.004335 7.912522 -31.352751 -13.540966 -2.484979 15.371424
-4.742412 14.110748 -17.701975 -0.744898 11.723057 6.296267 -30.803520 -9.318980 -0.156445 14.195848
-3.522635 14.118586 -20.249710 0.890898 10.898605 6.043377 -26.067158 -10.899023 1.270897 15.466703
-0.019296 12.448593 -21.850914 1.723861 8.492997 7.021959 -22.422308 -14.345314 -1.153810 15.958938
3.873044 11.185024 -24.617079 3.825439 7.702691 6.434156 -21.189161 -14.881764 -1.964150 13.833770
7.373951 9.299139 -27.638435 5.929144 6.664295 6.069381 -20.576391 -15.233522 -2.720993 10.349909
11.163841 8.302296 -30.191111 9.208630 5.275155 6.001831 -21.344555 -15.327785 -2.662759 6.927043
13.997659 7.459213 -32.454300 12.068806 4.409184 6.214467 -23.131676 -14.762511 -2.329523 2.909302
17.146734 5.729405 -34.558067 13.812488 3.194996 7.236565 -22.556280 -15.388245 -3.106531 -0.903941
19.751654 4.224096 -35.734596 14.827968 1.866151 8.046108 -20.817614 -17.082899 -3.477920 -3.160546
20.812761 3.250589 -36.466980 14.867192 0.830083 8.504677 -18.361504 -18.728600 -3.865220 -3.528519
21.131096 3.003287 -36.599308 14.941312 0.368480 8.728583 -17.797682 -19.386448 -3.960422 -3.664494
21.029282 3.075855 -36.539246 14.931985 0.325650 8.810193 -17.801016 -19.455313 -3.920273 -3.493808
20.849380 3.263874 -36.444462 14.969836 0.254065 8.961513 -17.829832 -19.583254 -3.846029 -3.057618
20.607166 3.466247 -36.345676 14.963923 0.162614 9.160390 -17.637028 -19.857321 -3.759211 -2.480005
20.086992 3.770763 -36.071789 14.755951 0.100208 9.355527 -17.265491 -20.208254 -3.632854 -1.552904
19.308540 4.351583 -35.616570 14.644906 -0.139236 9.716738 -16.920349 -20.925535 -3.212332 -0.058684
18.263554 4.883852 -35.106625 14.238276 -0.347657 10.082033 -16.345572 -21.584356 -2.993241 1.606082
17.165857 5.445072 -34.680466 13.893543 -0.567214 10.321810 -15.640630 -22.251326 -2.867278 3.566195
15.759950 6.088895 -33.989361 13.273081 -0.782323 10.541128 -14.930245 -23.022795 -2.774745 5.861327
14.407128 6.850781 -33.116280 12.696555 -0.920649 10.631950 -14.260983 -23.727217 -2.663016 8.345083
13.128131 7.667965 -32.227924 12.226567 -0.977042 10.806053 -13.982876 -24.217476 -2.550754 10.601525
11.639646 8.498987 -31.271269 11.484065 -0.784771 10.882854 -13.588833 -24.470819 -2.355750 12.825687
10.297447 9.165334 -30.401512 10.831577 -0.471852 10.865114 -13.360085 -24.585138 -2.068987 14.618419
8.710129 9.794802 -29.411396 9.874087 -0.148198 10.812166 -12.759150 -24.844717 -1.754369 16.679216
6.974254 10.540078 -28.186596 8.841726 0.167339 10.845954 -12.389643 -25.100824 -1.415096 18.841890
5.519330 11.254646 -27.087326 7.967951 0.528326 10.862408 -12.087908 -25.286327 -1.129659 20.810579
4.445573 11.809271 -26.235546 7.252836 0.831522 10.891463 -11.894773 -25.390680 -0.954514 22.204756
3.515587 12.238801 -25.416212 6.587295 1.092796 10.947485 -11.831091 -25.486185 -0.788892 23.241486
2.839030 12.579771 -24.785118 6.084990 1.311332 10.963963 -11.732852 -25.531370 -0.616767 24.021721
2.396536 12.784235 -24.406063 5.746565 1.432101 10.956812 -11.632072 -25.560852 -0.503343 24.508217
2.251608 12.860952 -24.291435 5.648215 1.469082 10.945992 -11.598816 -25.562122 -0.452313 24.663483
2.169912 12.921453 -24.190563 5.611687 1.474746 10.978005 -11.610627 -25.599230 -0.400326 24.754389
1.940625 13.093879 -23.890238 5.499404 1.512189 11.032111 -11.730056 -25.623804 -0.266845 24.975471
1.546450 13.319683 -23.368660 5.266644 1.569375 11.166977 -11.874741 -25.719805 -0.059421 25.305658
0.931571 13.617779 -22.665220 4.916994 1.746271 11.300740 -12.213876 -25.699598 0.176841 25.762905
-0.051245 13.995799 -21.695751 4.304111 2.017160 11.407725 -12.505406 -25.676401 0.454624 26.565447
-0.996290 14.340139 -20.577389 3.676163 2.280448 11.623827 -12.948884 -25.705750 0.758291 27.224840
-1.929426 14.699146 -19.334160 3.120950 2.495001 11.960746 -13.633011 -25.829557 1.220791 27.705723
-3.057603 15.113609 -18.142515 2.483392 2.771971 12.241695 -14.222842 -25.835432 1.681578 28.321396
-4.197543 15.480149 -17.137281 1.779974 3.083390 12.403136 -14.916997 -25.662283 2.089977 28.662016
