-13.130066 -0.260699 -2.526108 -24.871044 0.189195 25.520176 -34.415634 -13.664266 -5.264006 -20.961166
-13.130066 -0.260699 -2.526108 -24.871044 0.189195 25.520176 -34.415634 -13.664266 -5.264006 -20.961166
-13.130066 -0.260699 -2.526108 -24.871044 0.189195 25.520176 -34.415634 -13.664266 -5.264006 -20.961166
-13.130066 -0.260699 -2.526108 -24.871044 0.189195 25.520176 -34.415634 -13.664266 -5.264006 -20.961166
-13.130066 -0.260699 -2.526108 -24.871044 0.189195 25.520176 -34.415634 -13.664266 -5.264006 -20.961166
-10.461582 1.637939 1.559089 -28.151054 1.668373 24.086636 -33.645355 -14.676651 -8.485740 -17.390434
-10.333286 1.664147 1.822936 -28.383562 1.663587 23.963060 -33.583275 -14.644816 -8.598935 -17.175791
-10.352763 1.670256 1.805653 -28.357813 1.679124 23.955324 -33.593380 -14.703643 -8.606340 -17.217880
-10.356671 1.671743 1.804761 -28.355639 1.679281 23.952053 -33.594429 -14.711755 -8.603753 -17.223667
-10.358379 1.671766 1.805269 -28.356739 1.676952 23.952587 -33.593349 -14.715362 -8.603152 -17.223585
-10.359810 1.670114 1.805404 -28.356716 1.673712 23.951666 -33.595650 -14.719824 -8.602609 -17.226213
-10.361770 1.669794 1.804064 -28.355896 1.672562 23.949402 -33.596565 -14.719061 -8.598945 -17.228025
-10.362593 1.669245 1.803391 -28.356256 1.674841 23.945646 -33.596535 -14.720626 -8.600130 -17.230133
-10.363592 1.670793 1.804020 -28.355829 1.675974 23.947212 -33.595940 -14.721522 -8.600626 -17.230707
-10.365339 1.667886 1.800927 -28.354656 1.672597 23.948013 -33.597527 -14.721953 -8.599659 -17.233120
-10.368111 1.666156 1.792689 -28.348644 1.670493 23.952618 -33.601578 -14.709109 -8.591629 -17.237442
-10.368832 1.665265 1.793301 -28.349224 1.670964 23.948441 -33.603970 -14.711790 -8.591610 -17.240177
-10.368887 1.667244 1.795359 -28.349165 1.673203 23.948364 -33.602127 -14.713874 -8.590699 -17.241793
-10.368193 1.666823 1.797284 -28.352400 1.674428 23.943550 -33.602962 -14.721657 -8.596807 -17.242109
-10.368442 1.667693 1.798741 -28.352695 1.676724 23.943098 -33.601334 -14.726323 -8.599733 -17.241488
-10.369980 1.666159 1.794046 -28.347301 1.674277 23.943907 -33.602211 -14.728207 -8.597007 -17.244965
-10.370155 1.665443 1.793748 -28.346289 1.674863 23.946321 -33.601433 -14.727441 -8.595506 -17.245564
-10.372713 1.667020 1.793601 -28.346027 1.673458 23.943876 -33.602070 -14.729509 -8.596088 -17.245708
-10.373045 1.666919 1.791834 -28.344093 1.673481 23.943708 -33.603828 -14.727152 -8.594779 -17.246655
-10.375587 1.667264 1.789494 -28.342083 1.671316 23.946922 -33.603298 -14.730428 -8.593058 -17.248480
-10.377148 1.667222 1.787640 -28.339382 1.668434 23.950871 -33.604412 -14.727294 -8.588402 -17.248024
-10.377852 1.666892 1.786196 -28.337257 1.667021 23.955038 -33.605659 -14.726236 -8.586457 -17.249249
-10.381886 1.665027 1.781561 -28.335344 1.663639 23.956690 -33.606194 -14.719765 -8.582710 -17.250286
-10.381862 1.665039 1.780581 -28.333563 1.664390 23.956888 -33.607307 -14.719367 -8.582067 -17.250683
-10.381478 1.666334 1.780819 -28.332518 1.667545 23.955248 -33.607758 -14.723237 -8.582072 -17.254726
-10.382799 1.664117 1.776420 -28.328333 1.665955 23.958921 -33.609940 -14.723186 -8.579772 -17.259277
-10.194940 1.589899 1.578572 -28.090782 1.751806 23.756485 -33.720028 -14.729322 -8.525786 -17.049273
-9.421782 1.415644 0.856433 -27.214895 2.083055 23.139494 -33.956127 -14.714927 -8.309089 -16.341076
-8.084664 1.274226 -0.477031 -25.439857 2.663706 21.952913 -34.181553 -14.647095 -7.763621 -14.925010
-6.614410 1.202502 -1.979931 -23.450445 3.309150 20.568270 -34.154945 -14.503525 -7.199024 -13.179590
-5.242168 1.088987 -3.399281 -21.451429 3.824556 19.220816 -34.122417 -14.356574 -6.478114 -11.746114
-4.202565 1.170473 -4.409870 -19.690248 4.128799 18.173798 -34.228939 -14.212092 -5.862227 -10.617242
-3.047096 1.013571 -5.426362 -18.196505 4.289238 17.315683 -34.319313 -14.061121 -5.462506 -10.214541
-1.957103 0.927773 -6.531499 -16.599298 4.572855 16.376554 -34.225101 -13.842743 -4.953428 -9.627231
-1.092488 0.865208 -7.438940 -15.479662 4.706707 15.807145 -33.813301 -13.798820 -4.486973 -9.176719
-0.487001 1.197691 -8.052986 -14.258999 4.918334 15.311870 -33.535061 -13.668134 -4.063183 -8.207744
0.396121 1.501327 -8.760459 -12.989828 5.011978 14.901131 -33.193493 -13.520422 -3.595895 -7.921472
0.905400 2.026637 -9.162938 -11.901747 5.363708 14.637953 -32.864452 -13.376320 -2.997875 -6.984692
1.243302 2.581885 -9.380080 -11.090335 5.737283 14.653914 -32.738541 -13.369435 -2.304102 -6.116086
1.483028 3.138114 -9.544705 -10.375944 6.036283 14.745977 -32.774418 -13.240288 -1.784756 -5.487091
1.677513 3.724365 -9.873017 -9.520065 6.360303 14.783270 -32.541122 -13.162807 -1.205174 -4.567631
1.697662 4.123845 -10.030535 -9.006518 6.567078 14.851955 -32.322571 -13.156071 -0.768484 -3.839675
1.648172 4.548701 -10.188607 -8.473405 6.701859 14.804771 -32.283890 -13.021074 -0.402445 -3.253287
1.656009 4.840420 -10.462502 -8.032528 6.808957 14.713155 -32.142330 -12.872867 -0.213395 -2.758075
1.636066 5.017537 -10.670119 -7.790349 6.870268 14.625590 -31.969557 -12.801487 -0.136563 -2.368280
1.657331 5.056761 -10.755441 -7.696393 6.890471 14.596845 -31.905481 -12.769724 -0.112006 -2.281389
1.491297 5.215218 -10.752085 -7.646816 6.922026 14.629721 -32.017471 -12.729556 0.046157 -2.152889
1.005994 5.775309 -10.633337 -7.406378 6.964922 14.534246 -32.076759 -12.754296 0.170042 -1.073134
0.697537 6.382540 -10.819462 -7.041313 7.284631 14.550973 -31.894377 -12.917064 0.257937 0.625193
-0.971970 7.449182 -10.851186 -6.917880 7.634338 14.460055 -31.409220 -12.855373 0.634702 3.380552
-1.748853 8.232341 -10.963581 -6.790273 7.923188 14.426962 -30.618282 -12.948229 0.337547 5.964933
-1.724956 8.833234 -10.222592 -6.960371 8.311598 15.177430 -29.939882 -13.111186 -2.243200 9.410148
-2.288642 9.411154 -9.794871 -6.542537 8.192281 14.995621 -29.920042 -13.425333 -4.267095 13.284730
-3.059009 10.945149 -11.606288 -5.113139 8.830233 12.998186 -29.728348 -11.963358 -4.518670 16.232346
-4.235568 12.993324 -14.240500 -4.513975 10.633037 10.463328 -29.181974 -8.586882 -4.438225 17.858738
-4.324227 15.008918 -17.880976 -2.763473 11.970963 7.927854 -27.953701 -5.674671 -3.849080 19.409603
-2.991892 16.065989 -20.839336 -0.539912 10.955162 6.099386 -25.104506 -6.162892 -3.194850 20.778561
-0.279096 16.508751 -23.304951 1.547508 9.605515 4.444279 -21.892639 -7.431942 -2.770047 20.965467
2.511786 15.849942 -27.320494 4.174681 8.328872 2.514697 -20.270639 -8.273964 -2.480663 19.779530
5.987205 14.092996 -30.714663 5.721357 6.883067 0.770705 -18.075546 -9.602039 -2.281871 16.939402
10.296242 12.620343 -33.306541 7.900924 6.152215 -0.638979 -17.356104 -9.759247 -2.152234 13.404839
13.816247 11.402877 -35.911736 10.569386 5.331233 -0.988569 -17.558218 -9.703726 -1.571100 9.484016
16.692926 10.066934 -37.257771 11.761351 4.656420 -0.639548 -15.516024 -10.741048 -0.619219 5.929378
19.255981 9.038305 -38.453484 12.939782 3.675379 -0.112713 -13.941364 -11.930759 -0.689005 3.849422
20.742624 8.496007 -38.733646 13.255990 2.772556 0.040582 -11.872953 -13.523850 -0.304339 3.065866
21.320797 8.261568 -38.894714 13.492426 2.329597 0.194832 -11.285415 -14.195579 -0.151342 2.696888
21.242138 8.350430 -38.868492 13.510442 2.284409 0.262572 -11.288109 -14.272899 -0.133491 2.868684
21.023741 8.573490 -38.797245 13.556317 2.222783 0.439730 -11.334172 -14.411183 -0.136943 3.357693
20.854136 8.800777 -38.677635 13.522990 2.165860 0.579061 -11.071957 -14.661927 -0.100388 3.954795
20.451996 9.088611 -38.430103 13.247783 2.177235 0.659058 -10.526669 -14.975294 0.002219 4.816656
19.657009 9.732656 -37.952339 13.126126 1.896216 1.079315 -10.208504 -15.688414 0.270367 6.336907
18.704548 10.448702 -37.161770 12.744568 1.730187 1.369165 -9.387464 -16.525053 0.871265 8.083920
17.594517 11.116386 -36.581928 12.312108 1.653356 1.542678 -8.608496 -17.160051 1.164386 10.055230
16.204027 11.647709 -35.904079 11.781547 1.516935 1.851850 -8.173457 -17.805374 1.167861 12.186061
14.767770 12.293297 -35.113960 11.349150 1.439299 2.040252 -7.867207 -18.343403 1.199247 14.487131
13.358041 12.927545 -34.343231 10.921098 1.301735 2.327415 -7.520784 -18.982901 1.232823 16.785809
11.818610 13.560309 -33.511578 10.129851 1.405281 2.473751 -6.930638 -19.402884 1.266692 19.050613
10.353209 14.137109 -32.664349 9.328299 1.609252 2.448611 -6.467552 -19.704973 1.444004 21.023125
8.706000 14.782455 -31.698580 8.323134 1.850993 2.347535 -5.950376 -20.005426 1.720746 23.140081
7.036497 15.505193 -30.673601 7.340398 2.131359 2.256834 -5.593017 -20.211252 2.061040 25.222275
5.635902 16.216249 -29.711535 6.625226 2.399341 2.282876 -5.422136 -20.392365 2.359203 27.097595
4.535158 16.754930 -28.941000 6.017210 2.611821 2.327214 -5.300511 -20.523951 2.575784 28.454865
3.563178 17.183294 -28.227633 5.380700 2.833265 2.329556 -5.140748 -20.604847 2.784036 29.534229
2.764241 17.558733 -27.596582 4.841488 3.030258 2.366264 -5.000186 -20.671095 2.993359 30.395903
2.292112 17.789833 -27.192034 4.507912 3.144080 2.398825 -4.864110 -20.727924 3.153053 30.915026
2.129013 17.869968 -27.058054 4.394244 3.184710 2.409337 -4.813239 -20.742107 3.207050 31.082676
2.025267 17.928711 -26.945351 4.327461 3.195550 2.438434 -4.784863 -20.781790 3.270279 31.192617
1.744986 18.098034 -26.624313 4.125043 3.257304 2.474564 -4.726449 -20.829075 3.421612 31.482311
1.285708 18.332258 -26.102381 3.773136 3.378996 2.567914 -4.579390 -20.922052 3.681411 31.903339
0.528224 18.634674 -25.459560 3.233004 3.593035 2.594068 -4.473136 -20.948044 3.968089 32.518478
-0.552645 19.036411 -24.649557 2.472052 3.894525 2.523925 -4.408143 -20.858274 4.203393 33.386536
-1.602699 19.400909 -23.684559 1.619910 4.206962 2.477456 -4.271890 -20.843489 4.572047 34.101631
-2.723545 19.804121 -22.528835 0.750440 4.495175 2.550756 -4.112798 -21.035995 5.232798 34.824150
-4.042729 20.327770 -21.257109 -0.152559 4.887560 2.710271 -4.152420 -21.049141 5.975889 35.583885
-5.533367 20.835026 -20.096825 -1.181017 5.265447 2.762949 -4.366767 -20.938150 6.560347 36.260590
