16.470398 7.157618 -6.971287 -17.206547 4.056982 0.197447 13.599247 -26.440157 32.973560 0.902654
15.465240 6.671340 -8.934402 -17.675833 4.121082 -0.580980 14.887436 -23.935677 33.685509 0.473308
14.227904 6.143718 -11.604473 -17.565233 4.176105 -0.979757 15.848821 -21.304306 34.854977 -0.676958
13.036625 5.780599 -13.764280 -17.066248 4.291476 -1.127810 15.846013 -19.093025 35.712093 -1.686526
12.132072 5.164472 -16.340223 -16.190586 4.954973 -1.800751 15.511132 -16.809921 36.348717 -2.815579
11.428914 6.489876 -17.893177 -16.625565 7.157943 -4.058339 15.095777 -13.790842 35.393848 -0.806260
10.693579 6.658797 -20.459816 -15.153007 8.167965 -4.742477 14.425806 -11.273993 35.805882 -1.460402
9.947592 6.283558 -22.771301 -14.228869 9.336779 -6.087818 13.970341 -9.568137 35.632027 -2.419268
9.187784 6.193272 -24.662542 -13.927443 10.550323 -7.641068 13.575124 -8.300166 35.357098 -3.609811
8.882165 5.727586 -26.321129 -13.511767 12.041499 -9.081510 13.124857 -7.395493 34.209599 -5.628273
8.518542 5.156688 -27.815783 -13.422626 13.260734 -10.754904 13.013463 -6.946465 32.142799 -6.732882
9.571790 3.784749 -28.406433 -13.967484 15.270092 -12.712193 13.366809 -7.610367 29.018330 -8.087554
10.875174 2.197335 -29.185808 -14.543233 16.891748 -14.446818 14.069778 -8.553928 25.764141 -8.697730
11.852530 1.080427 -30.011244 -14.938532 18.154997 -15.861125 14.557866 -9.649062 22.616009 -9.366624
12.413534 0.242796 -31.456671 -15.006950 19.173311 -17.511530 14.876406 -10.128583 19.630077 -9.785878
12.707284 -0.508317 -32.579895 -15.154945 19.848450 -18.746744 14.932707 -10.264003 17.126007 -10.163770
12.486135 -0.996608 -33.442814 -15.622322 20.718843 -20.077814 14.832250 -10.102075 14.884461 -10.306724
11.477490 -1.054368 -34.566807 -15.688424 21.028460 -20.916523 14.905427 -9.288780 13.844613 -9.811172
9.955855 -0.890599 -35.469147 -15.941298 21.183020 -21.491453 14.871696 -8.290951 12.982038 -8.886079
8.623588 -0.794857 -36.180035 -16.436666 21.233847 -22.192253 14.805789 -7.168468 12.373761 -7.877014
7.454575 -0.583802 -36.717400 -16.821762 21.142923 -22.700212 14.580869 -6.258627 11.858525 -7.035116
6.572118 -0.674371 -37.497398 -17.311525 21.330116 -23.424778 14.723942 -5.615834 11.038461 -6.564962
5.578896 -0.683611 -38.250870 -17.674065 21.414927 -24.059938 14.911874 -5.181607 10.006665 -5.770578
4.607956 -0.720660 -39.198494 -17.832628 21.360992 -24.512173 15.029679 -4.741863 8.962407 -5.058135
3.852619 -0.757667 -40.071674 -17.778498 21.297461 -24.890207 14.898303 -4.260326 8.137273 -4.556242
3.220257 -0.858799 -40.856159 -17.545155 21.192633 -25.139492 14.485510 -3.769399 7.546232 -4.453533
2.787486 -0.982763 -41.363567 -17.388981 21.156704 -25.220705 14.048532 -3.313636 7.091994 -4.518209
2.431431 -1.121891 -41.690624 -17.369589 21.069283 -25.246769 13.859592 -3.093773 6.647340 -4.378363
2.169894 -1.193550 -41.837593 -17.371181 20.981062 -25.236692 13.759391 -3.007040 6.326306 -4.201522
2.032534 -1.194341 -41.912418 -17.381016 20.949991 -25.259933 13.695662 -2.951927 6.168747 -4.116017
1.961289 -1.197286 -41.936520 -17.398178 20.932203 -25.256697 13.675411 -2.943449 6.120653 -4.071793
1.945898 -1.267139 -41.972370 -17.410810 20.852388 -25.201546 13.771975 -3.052416 6.062106 -4.036494
1.796042 -1.456492 -42.020073 -17.597229 20.655083 -25.080032 14.093635 -3.364733 5.846118 -3.791737
1.470213 -1.800160 -42.071114 -17.823881 20.241991 -24.732533 14.475416 -3.936762 5.491480 -3.458288
0.957357 -2.228993 -42.036335 -18.299032 19.774727 -24.387712 14.918511 -4.651242 4.933424 -2.945264
0.299485 -2.760367 -41.976196 -18.879210 19.119308 -23.910414 15.366775 -5.504215 4.218549 -2.256211
-0.519409 -3.254693 -41.984581 -19.443678 18.344528 -23.418985 15.675086 -6.440525 3.350102 -1.491203
-1.418290 -3.680204 -41.632767 -20.125040 17.459848 -22.780428 15.980999 -7.735645 2.373899 -0.638258
-2.370733 -4.144673 -41.084835 -21.030409 16.613663 -22.219776 16.311972 -9.145565 1.274531 0.482582
-3.580888 -4.643405 -40.282337 -22.346039 15.721167 -21.747988 16.823996 -10.724991 -0.089730 2.125953
-5.006079 -4.750908 -39.371658 -23.482885 14.833323 -21.216043 17.383745 -12.249361 -0.991899 3.974862
-6.129433 -4.856603 -38.795116 -24.147720 13.999790 -20.714424 17.582621 -13.344342 -1.582864 5.272964
-7.254348 -5.011056 -38.022911 -24.981594 13.007623 -19.964977 18.252176 -14.800118 -2.121834 6.751812
-8.422011 -5.051374 -37.013966 -25.945578 12.212597 -19.234217 19.051001 -16.167572 -2.426916 8.374966
-8.968187 -5.080562 -36.344696 -26.480246 11.608186 -18.633846 19.774178 -17.148527 -2.829924 9.542126
-9.224796 -5.062263 -35.788857 -26.809069 10.954125 -18.025099 20.475931 -18.431942 -3.203046 10.610846
-9.265076 -5.011940 -35.359253 -26.959248 10.410174 -17.597437 20.898634 -19.467424 -3.487442 11.429510
-8.945830 -5.111429 -35.173687 -26.900434 9.972512 -17.299292 21.219931 -20.279177 -3.689626 11.757292
-8.791129 -5.092321 -34.894352 -26.913532 9.726242 -17.093014 21.423891 -20.876534 -3.752485 12.045692
-8.592547 -5.143285 -34.702663 -26.822668 9.534126 -16.891014 21.427496 -21.254812 -3.771399 12.079774
-8.523797 -5.165680 -34.638023 -26.807003 9.455447 -16.821407 21.448746 -21.412834 -3.769633 12.080909
-8.053333 -5.348870 -34.201214 -26.911440 9.695115 -16.602737 21.511784 -21.597940 -3.504421 11.597068
-6.668406 -5.970477 -33.347980 -26.984156 10.335905 -16.009235 21.301416 -21.904799 -2.749741 9.592103
-3.499318 -6.767192 -31.517654 -26.107235 11.292558 -14.725188 19.482052 -21.595156 -0.781725 5.717455
0.395984 -8.033839 -30.430119 -25.349798 12.641984 -13.951784 18.391991 -20.911659 1.084052 1.204157
3.931884 -9.652214 -30.064602 -24.310623 12.969896 -12.638528 16.279938 -19.190388 3.883753 -3.863804
4.670084 -10.303932 -29.461634 -23.453451 13.161055 -10.388558 14.313745 -16.187208 8.360959 -7.980141
2.468595 -12.174167 -28.681835 -21.533806 12.455918 -4.091085 10.393582 -11.025068 17.371704 -15.489243
-0.797793 -10.339107 -23.509184 -22.197033 12.819314 -0.435340 6.252100 -6.181133 24.595873 -16.417625
-2.932415 -8.935129 -17.769997 -24.349852 12.018590 2.446979 -0.844617 -1.463733 27.512125 -15.859312
-0.979230 -8.305336 -17.659660 -19.182743 6.813800 5.975028 -9.947186 4.680698 32.035194 -15.658592
3.911609 -9.429461 -17.419161 -15.688109 3.746518 8.543229 -12.223752 7.753122 34.184391 -12.517563
11.480159 -10.230049 -14.180499 -14.660944 0.759155 9.352980 -14.474222 8.402692 32.163822 -8.443462
17.607275 -12.425249 -13.850537 -12.241549 -1.426775 11.993013 -16.738855 7.951546 27.383696 -5.971285
22.289965 -14.629577 -15.214695 -10.151907 -4.045801 14.206491 -17.439428 5.704561 21.144918 -6.290089
29.269646 -17.304411 -14.665051 -8.900763 -5.695510 15.731112 -17.226501 4.857767 16.311279 -3.546473
34.336910 -17.618570 -16.371002 -8.377114 -5.252055 14.338850 -13.003025 5.561808 14.470742 -1.961388
38.977261 -16.522131 -19.297428 -7.653865 -3.541863 11.770507 -6.390996 6.020608 13.747434 0.299344
41.392303 -17.093416 -20.718481 -8.750689 -2.627441 9.238119 -0.415383 5.836520 12.058196 2.381801
42.547878 -17.860615 -20.900169 -10.083046 -2.440107 7.739099 2.461554 4.934254 10.591477 3.132862
42.614449 -17.985905 -20.524136 -10.705452 -2.439269 7.422877 3.061570 4.461656 9.716261 3.619969
42.725109 -17.940147 -20.493168 -10.702679 -2.508933 7.394162 3.011440 4.518304 9.779902 3.789354
43.007137 -17.864630 -20.361355 -10.821806 -2.550231 7.251185 2.839548 4.821589 9.766393 4.211754
43.312744 -17.441334 -19.544928 -11.106614 -2.590031 7.349680 2.075287 5.042861 9.689689 5.096901
43.373417 -16.856590 -17.994993 -11.647635 -2.604593 7.523026 0.754045 5.337030 9.379451 6.254718
42.954361 -15.947069 -16.445124 -11.915226 -2.908553 7.853988 -1.308592 5.716194 8.982358 7.798615
42.829720 -15.942805 -14.242249 -12.688954 -3.508240 8.705013 -3.566133 5.554819 8.431098 8.853818
42.376976 -16.074566 -11.904847 -13.733500 -4.165330 9.401172 -5.791018 5.493276 7.430031 10.143102
41.356098 -16.440535 -9.848886 -14.702315 -5.092379 10.469047 -7.539357 5.336680 6.966271 10.609716
40.439045 -17.116207 -8.255751 -15.820387 -6.174618 11.039047 -9.028610 4.930306 6.148983 11.164895
39.642143 -17.620655 -6.866113 -16.973007 -7.296920 11.281438 -10.509204 4.515152 5.415116 11.918915
39.560059 -18.282425 -4.664710 -18.219105 -7.600812 11.574504 -11.277214 4.070856 4.750256 13.432326
38.988598 -18.733459 -2.585078 -19.625031 -7.704241 11.574166 -11.900072 3.403672 3.769275 14.678428
38.814526 -19.446814 -0.572060 -20.947308 -7.740279 11.601322 -12.530243 3.116414 2.377672 16.340513
38.738052 -20.030159 1.320110 -21.895802 -7.739759 11.693693 -13.246792 2.728199 0.916853 18.219975
38.598888 -20.392494 2.972946 -22.604294 -7.617778 11.722878 -13.684618 2.002929 -0.560206 19.783573
38.477943 -20.652676 4.342469 -23.402651 -7.413865 11.546129 -13.825143 1.432723 -1.798089 21.062836
38.186764 -20.912863 5.217518 -24.041403 -7.037348 11.328742 -13.722816 1.050728 -2.616099 22.018131
37.961758 -21.096045 5.762785 -24.421604 -6.799919 11.115504 -13.582900 0.718871 -3.225661 22.594795
37.631676 -21.055082 5.917731 -24.576832 -6.682239 10.953161 -13.509460 0.476993 -3.505991 22.711761
37.469849 -20.955338 5.901709 -24.555174 -6.648216 10.900913 -13.505579 0.396227 -3.578334 22.694077
