-15.699154 -7.202072 -4.433611 -28.308220 -19.702589 17.321186 -38.750179 -6.314816 2.412498 -12.986713
-15.699154 -7.202072 -4.433611 -28.308220 -19.702589 17.321186 -38.750179 -6.314816 2.412498 -12.986713
-15.699154 -7.202072 -4.433611 -28.308220 -19.702589 17.321186 -38.750179 -6.314816 2.412498 -12.986713
-15.699154 -7.202072 -4.433611 -28.308220 -19.702589 17.321186 -38.750179 -6.314816 2.412498 -12.986713
-15.699154 -7.202072 -4.433611 -28.308220 -19.702589 17.321186 -38.750179 -6.314816 2.412498 -12.986713
-13.637794 -6.449855 0.048786 -33.537136 -18.101255 17.671532 -36.534393 -6.224887 0.830234 -10.192471
-13.641746 -6.395722 0.090933 -33.521454 -18.070984 17.709082 -36.593277 -6.136108 0.890158 -10.189380
-13.640196 -6.407152 0.058956 -33.477547 -18.108721 17.672054 -36.611908 -6.174072 0.913797 -10.189879
-13.642911 -6.404779 0.051153 -33.470982 -18.100023 17.658749 -36.612125 -6.186370 0.910142 -10.199230
-13.641331 -6.404743 0.049175 -33.467129 -18.103046 17.658901 -36.611637 -6.190407 0.911356 -10.197526
-13.640362 -6.404787 0.049581 -33.467346 -18.103971 17.659351 -36.612061 -6.190265 0.911470 -10.196379
-13.638914 -6.403448 0.050407 -33.465179 -18.104179 17.658970 -36.612556 -6.190026 0.913025 -10.194043
-13.636971 -6.402823 0.052945 -33.464264 -18.106722 17.659315 -36.611782 -6.196124 0.912793 -10.192306
-13.636107 -6.403729 0.050924 -33.461933 -18.107933 17.657419 -36.614658 -6.198365 0.911176 -10.194284
-13.634200 -6.403936 0.048319 -33.460312 -18.110628 17.656565 -36.614342 -6.198881 0.910580 -10.194507
-13.636329 -6.403134 0.045801 -33.458725 -18.110224 17.656874 -36.615150 -6.199965 0.910439 -10.195931
-13.635615 -6.403227 0.046006 -33.457630 -18.112337 17.655714 -36.617836 -6.200786 0.911021 -10.194183
-13.632805 -6.403422 0.048977 -33.459991 -18.113394 17.655642 -36.616085 -6.199766 0.910457 -10.191566
-13.631543 -6.401542 0.047856 -33.454712 -18.112745 17.658405 -36.616585 -6.202130 0.911658 -10.193284
-13.630076 -6.401451 0.046242 -33.454273 -18.112080 17.657562 -36.615429 -6.200294 0.910646 -10.191600
-13.630623 -6.401276 0.044961 -33.453644 -18.113703 17.656826 -36.615566 -6.200025 0.911476 -10.191086
-13.631539 -6.401069 0.044280 -33.453045 -18.111284 17.658897 -36.614594 -6.199110 0.912771 -10.194631
-13.629194 -6.400324 0.045845 -33.451218 -18.112328 17.660004 -36.615108 -6.199556 0.910673 -10.193525
-13.627126 -6.400551 0.044739 -33.448341 -18.114197 17.658436 -36.616035 -6.200949 0.912275 -10.191684
-13.627753 -6.398862 0.045465 -33.448505 -18.114765 17.659065 -36.615051 -6.205584 0.910730 -10.190258
-13.625638 -6.400032 0.046132 -33.449169 -18.115843 17.658777 -36.614620 -6.207536 0.909355 -10.188956
-13.625803 -6.399876 0.047351 -33.449505 -18.117233 17.660149 -36.612362 -6.207274 0.909739 -10.186917
-13.626176 -6.399902 0.045863 -33.450047 -18.116953 17.661747 -36.609478 -6.206315 0.909537 -10.188628
-13.625453 -6.399814 0.047423 -33.451202 -18.117960 17.661184 -36.608849 -6.208924 0.906655 -10.185958
-13.625519 -6.398661 0.048941 -33.450809 -18.117111 17.662819 -36.607674 -6.213543 0.905110 -10.186032
-13.623931 -6.398863 0.050292 -33.449638 -18.118351 17.666487 -36.606247 -6.216242 0.906416 -10.186139
-13.433501 -6.460893 -0.179414 -33.152523 -18.044014 17.443636 -36.740147 -6.223158 0.976013 -9.968140
-12.728314 -6.588392 -0.887338 -32.110149 -17.791014 16.793123 -37.055588 -6.212062 1.280481 -9.319556
-11.442564 -6.696447 -2.166896 -30.150639 -17.324686 15.567780 -37.455204 -6.171747 1.836116 -7.959328
-9.898767 -6.754529 -3.717978 -27.802849 -16.825493 14.088304 -37.618431 -6.090192 2.537545 -6.260433
-8.539733 -6.777378 -5.064730 -25.727625 -16.371483 12.819818 -37.524025 -5.933838 3.308039 -4.833768
-7.458609 -6.687364 -6.029189 -23.968132 -16.086460 11.890926 -37.600163 -5.827385 3.903178 -3.777362
-6.233839 -6.791506 -7.051235 -22.364084 -15.825242 11.172144 -37.747078 -5.644378 4.270648 -3.269956
-5.171242 -6.831956 -7.940373 -20.902014 -15.401560 10.533110 -37.741589 -5.333625 4.598098 -2.696818
-3.995926 -6.903662 -8.970201 -19.455263 -14.876249 10.073574 -37.434185 -5.060959 5.116596 -2.224555
-3.206307 -6.546422 -9.642491 -18.145536 -14.202696 9.881791 -37.092632 -4.600278 5.604929 -1.419721
-2.127624 -6.277455 -10.374507 -17.034441 -13.594662 9.995892 -36.482029 -4.170861 6.139165 -1.383846
-1.481844 -5.715112 -10.718992 -16.129732 -12.850019 10.107082 -35.840000 -3.798040 6.766731 -0.626167
-1.083793 -4.936274 -10.900493 -15.428518 -11.994148 10.401945 -35.537312 -3.443701 7.483539 0.236145
-0.817809 -4.257304 -11.111992 -14.715599 -11.369370 10.828973 -35.408012 -3.088156 8.108746 0.760005
-0.600797 -3.569385 -11.516874 -13.838253 -10.796451 11.043349 -35.019115 -2.810876 8.782996 1.686574
-0.601904 -3.051252 -11.771326 -13.276821 -10.355968 11.175859 -34.694065 -2.631137 9.344212 2.449142
-0.627940 -2.519061 -11.979114 -12.730089 -9.946377 11.244434 -34.482643 -2.333091 9.784173 3.099326
-0.554190 -2.161981 -12.330227 -12.250049 -9.655229 11.255834 -34.217720 -2.010731 9.991336 3.569086
-0.517271 -1.944235 -12.605788 -11.964838 -9.478341 11.244192 -33.978500 -1.835936 10.077980 3.935850
-0.476377 -1.888422 -12.709778 -11.855711 -9.414227 11.247887 -33.886959 -1.765221 10.102737 4.023351
-0.557637 -1.794668 -12.745575 -11.781573 -9.314745 11.279824 -33.954952 -1.695229 10.241775 4.151390
-0.993694 -1.352525 -12.839158 -11.544200 -9.218730 11.359837 -33.854557 -1.683583 10.495990 5.050185
-1.322028 -0.715133 -13.378814 -11.101564 -8.873581 11.708285 -33.382832 -1.624811 10.771199 6.420204
-2.858442 0.487233 -13.476833 -10.749872 -8.586395 12.101804 -32.758781 -1.431087 11.145834 9.058213
-3.774865 1.356821 -13.040524 -10.930221 -8.200455 12.339220 -31.948166 -1.693982 10.485642 12.177440
-3.380466 2.135641 -11.391438 -11.130781 -7.066486 13.864483 -31.284121 -1.632458 7.560086 16.050121
-3.589758 2.936502 -10.588717 -10.703193 -6.677420 14.205045 -31.469738 -2.224054 5.613311 20.309933
-3.151874 3.768774 -12.904995 -8.940188 -5.367542 13.973464 -30.594679 -0.239473 4.572907 22.159233
-4.557728 6.296571 -15.980742 -6.511093 -3.217143 13.699083 -30.878500 3.571952 6.636523 22.645260
-4.553192 8.455491 -19.073742 -4.472438 -0.365899 12.216095 -30.364168 7.863890 9.087895 21.347008
-3.260428 8.370895 -21.866690 -2.740634 -1.194151 11.978535 -25.447918 6.279094 10.574891 22.544830
0.395834 6.541058 -23.370901 -1.988214 -3.720965 13.119728 -21.740927 2.589600 7.905722 23.135506
4.312399 5.232918 -25.895222 -0.036903 -4.529536 12.655515 -20.693197 2.003080 6.858408 20.989410
7.830281 3.361013 -28.813120 2.038320 -5.514740 12.372679 -20.079111 1.578854 5.973783 17.624224
11.534401 2.325953 -31.427557 5.327701 -6.997160 12.373013 -20.923126 1.556126 5.940431 14.048717
14.286298 1.571211 -33.441490 8.083134 -7.783803 12.622115 -22.845232 2.194234 6.304666 10.020728
17.402172 -0.114262 -35.576691 9.850889 -9.091410 13.706101 -22.328505 1.473287 5.384395 6.367173
19.933670 -1.563177 -36.682240 10.849990 -10.428574 14.523243 -20.694632 -0.222184 4.909898 4.287757
20.979979 -2.586159 -37.483704 10.894859 -11.489979 14.965786 -18.213135 -1.875212 4.439400 3.929121
21.276617 -2.821074 -37.657291 10.952774 -11.923490 15.154418 -17.586712 -2.525566 4.381634 3.838427
21.182327 -2.746588 -37.597424 10.949776 -11.969089 15.224782 -17.578846 -2.592724 4.438413 4.003913
21.001713 -2.558635 -37.483315 10.988854 -12.048459 15.375978 -17.610952 -2.708349 4.518738 4.430790
20.759432 -2.329883 -37.369175 10.983284 -12.137901 15.551293 -17.398888 -2.959483 4.625485 5.016691
20.239620 -2.031697 -37.109241 10.776493 -12.195317 15.741260 -17.004953 -3.308436 4.755374 5.936307
19.477825 -1.460722 -36.647610 10.664200 -12.426702 16.109051 -16.668747 -4.021067 5.176340 7.409214
18.435043 -0.966223 -36.163124 10.253047 -12.652159 16.510731 -16.093201 -4.689860 5.377429 9.029801
17.330158 -0.452649 -35.816002 9.889150 -12.857355 16.723433 -15.346568 -5.316662 5.524907 10.927215
15.936560 0.191034 -35.078705 9.256477 -13.077765 17.028143 -14.673373 -6.119943 5.568206 13.230628
14.632034 0.934008 -34.190968 8.704335 -13.228088 17.189941 -14.059048 -6.825375 5.632370 15.663415
13.367208 1.727022 -33.317364 8.229658 -13.293850 17.351019 -13.762614 -7.319924 5.744146 17.891291
11.885456 2.555635 -32.363510 7.488330 -13.102637 17.427868 -13.365915 -7.577370 5.939522 20.103380
10.525263 3.226411 -31.488054 6.828589 -12.788115 17.429668 -13.135172 -7.698433 6.199356 21.932156
8.951592 3.837946 -30.494099 5.870151 -12.458390 17.370991 -12.542388 -7.958508 6.522319 23.961868
7.220762 4.587304 -29.283569 4.831928 -12.127515 17.377745 -12.144522 -8.211044 6.880292 26.135063
5.765638 5.306269 -28.202095 3.912874 -11.726803 17.339231 -11.766403 -8.390001 7.171237 28.131269
4.648270 5.853888 -27.318508 3.156264 -11.420438 17.364405 -11.568833 -8.519770 7.340157 29.549557
3.680666 6.275469 -26.489403 2.465310 -11.166906 17.420904 -11.528472 -8.612911 7.490347 30.601938
2.992489 6.624360 -25.893398 1.981386 -10.953147 17.419174 -11.467567 -8.633650 7.650628 31.389534
2.545014 6.832183 -25.514147 1.645284 -10.831536 17.409927 -11.362190 -8.669898 7.764673 31.883015
2.407733 6.912311 -25.400503 1.556326 -10.795341 17.401562 -11.335629 -8.670812 7.814138 32.033752
2.331733 6.968572 -25.290714 1.524365 -10.791208 17.439528 -11.364803 -8.700581 7.870362 32.113853
2.118026 7.133716 -24.981808 1.432020 -10.761840 17.519207 -11.524067 -8.728821 8.004495 32.308765
1.751174 7.343234 -24.468710 1.226047 -10.718119 17.663601 -11.708014 -8.834331 8.214952 32.615685
1.135341 7.625390 -23.772608 0.855877 -10.541528 17.800879 -12.025238 -8.818013 8.419784 33.075531
0.159360 7.997008 -22.826155 0.242774 -10.271308 17.908384 -12.311528 -8.797903 8.666007 33.876156
-0.710018 8.339053 -21.744873 -0.328468 -10.013741 18.111172 -12.779008 -8.821213 8.971636 34.476963
-1.623672 8.701610 -20.495224 -0.888929 -9.820668 18.435755 -13.406302 -8.971483 9.460137 34.944374
-2.746897 9.127131 -19.314379 -1.507672 -9.551135 18.716053 -14.014191 -8.976301 9.906978 35.571793
-3.876754 9.498676 -18.350029 -2.142990 -9.259973 18.914404 -14.772511 -8.780312 10.278745 35.914333
