-7.436660 -8.640932 -30.924240 -25.133209 1.428636 12.002673 8.106505 0.384707 -7.003123 18.691908
-5.130545 -7.733049 -28.469305 -26.880739 2.006031 10.913188 8.497371 0.735119 -8.233350 21.052446
-4.659433 -6.976888 -28.002153 -26.406252 1.651066 12.310628 9.063063 0.717440 -7.767567 22.104053
-5.913246 -5.096637 -27.857235 -24.122784 0.836053 14.077882 7.464513 0.617824 -6.529126 23.584612
-7.180276 -3.024395 -27.343529 -21.982136 0.401206 15.562378 4.658101 1.434770 -5.131583 23.909340
-8.137336 -0.316538 -27.054745 -20.670683 1.376372 15.182443 2.712526 3.235778 -4.343729 25.986471
-7.838385 1.019210 -27.000528 -19.871758 1.914304 13.522392 1.173102 4.361147 -4.697942 27.957619
-8.908763 2.267685 -28.085726 -17.503229 1.687213 12.264372 -0.522656 5.228983 -3.137002 29.917187
-9.734909 3.130454 -29.556086 -14.572383 1.281489 12.094522 -3.213171 6.432261 -2.211835 30.990862
-8.483590 5.041095 -28.110334 -11.810518 0.302549 11.132893 -4.875557 4.656912 0.685441 32.957531
-5.783864 5.036436 -29.165426 -8.040055 -1.366118 10.056886 -5.572853 2.054318 5.484500 31.468046
-4.471262 6.459018 -30.212776 -4.731647 -1.552865 9.721209 -6.827383 2.449996 9.000014 30.027773
-3.322306 7.898744 -28.969542 -4.098848 -2.516566 8.800078 -6.344087 1.010972 9.495540 32.027557
-2.335773 8.831555 -26.513142 -4.155138 -3.906648 8.557172 -7.125030 -1.357572 8.675654 34.599720
-1.322813 8.153259 -25.850620 -3.828790 -6.015627 8.032020 -7.609407 -3.826150 9.553934 34.361855
-1.014725 6.946397 -26.910776 -2.304226 -7.676955 7.604653 -8.987420 -5.053441 11.662257 32.328735
-0.300890 6.690614 -27.354576 -1.085273 -9.042431 9.006303 -8.878771 -6.735471 12.591655 31.186646
0.324903 7.017249 -27.349180 0.491342 -10.918439 9.377033 -9.176633 -8.707325 12.993041 31.987446
0.641479 7.140132 -27.728456 1.351247 -11.897205 9.153795 -9.526699 -9.328681 12.842612 32.308083
0.591851 7.131479 -27.829401 1.372471 -11.964019 8.926327 -9.533198 -9.306567 12.884606 32.246391
0.755494 7.068148 -27.932129 1.482760 -12.006512 8.947581 -9.590924 -9.291917 12.778136 32.137428
1.214806 6.904160 -28.281239 1.852614 -12.150149 8.943171 -9.800259 -9.223984 12.510083 31.797989
2.010488 6.578929 -28.824335 2.395773 -12.388006 8.923888 -9.986756 -9.157940 12.149854 31.131586
3.024647 6.175686 -29.519459 3.051350 -12.671552 8.881574 -10.015399 -9.110938 11.813162 30.241367
4.090415 5.680320 -30.241343 3.716274 -13.024920 8.792260 -10.206500 -9.017004 11.564522 28.921913
5.444744 5.009567 -31.154760 4.410621 -13.403587 8.622696 -10.385099 -8.908554 11.255477 27.059906
6.990245 4.326932 -32.121597 5.259954 -13.757957 8.548263 -10.687786 -8.784620 11.128439 24.859228
8.451612 3.775946 -33.023251 6.269017 -14.202566 8.402027 -11.388660 -8.604692 11.162322 22.749065
9.730330 3.209149 -33.858734 7.082220 -14.558284 8.229379 -11.910876 -8.455345 11.367437 20.654991
11.091871 2.385250 -34.890442 7.908209 -14.862317 8.123243 -12.572453 -8.227245 11.603105 18.048876
12.238859 1.606243 -35.830414 8.398144 -14.953768 7.993810 -12.929627 -7.904998 11.971044 15.493810
13.494181 0.964655 -36.659996 8.997071 -14.906318 8.012428 -13.532002 -7.419560 12.427575 12.863723
14.798513 0.336000 -37.317711 9.589037 -14.698977 7.905916 -14.177604 -6.736793 12.723238 10.416312
15.809947 -0.311181 -37.876778 9.978520 -14.618052 7.674273 -14.811726 -6.188324 12.843331 8.325967
16.773252 -0.976265 -38.482857 10.319035 -14.474250 7.397441 -15.412663 -5.528812 12.565927 6.564559
17.694145 -1.613981 -38.969433 10.582997 -14.323556 7.159147 -15.958517 -4.858882 12.154384 4.954972
18.280607 -1.905560 -39.282509 10.867588 -14.283796 7.058829 -16.394215 -4.487203 12.021073 4.007689
18.534145 -2.112481 -39.431774 10.908688 -14.209731 6.933652 -16.638971 -4.180380 11.918910 3.414084
18.736877 -2.297963 -39.501080 10.873525 -14.139724 6.800880 -16.664804 -4.003882 11.878236 2.934516
18.838442 -2.373605 -39.549675 10.882783 -14.077790 6.739127 -16.674263 -3.905651 11.826629 2.759756
18.431553 -2.114875 -39.310234 10.746654 -13.603228 6.526102 -17.315866 -3.220712 11.823442 2.962638
17.111139 -1.248623 -38.727665 10.371857 -12.533250 6.121639 -19.183500 -1.593384 11.788627 3.719259
14.477278 0.279389 -37.229954 9.126150 -11.403937 5.247036 -20.962326 -0.106508 11.084167 6.814088
12.011844 2.133898 -34.882252 7.480261 -10.051255 4.674834 -22.072071 0.914763 9.782689 11.639986
9.460892 3.313381 -32.333443 4.608443 -8.588771 4.937297 -20.668999 1.119866 8.567050 16.189760
5.151448 4.275952 -30.274599 1.708884 -7.276446 5.400966 -20.019638 1.276417 9.371856 19.321659
1.513333 5.786822 -28.000256 -0.247557 -6.373554 5.847239 -20.882959 1.938016 10.014754 21.431381
-0.292810 8.623990 -22.060379 -3.138638 -5.220613 7.822830 -21.840345 2.698188 5.330917 27.047335
-5.121510 11.778894 -21.229176 -2.289944 -1.891777 8.999063 -26.968603 8.609422 8.237828 25.217232
-7.843538 12.687704 -19.524578 -3.220212 -1.425875 13.080740 -32.073185 11.197515 8.388241 21.794146
-7.303851 10.078403 -14.095840 -7.036755 -3.735707 15.307770 -33.534443 6.408782 4.314462 22.620195
-6.633140 8.178033 -10.560176 -9.637429 -6.068751 16.586512 -34.095810 2.292943 2.565070 22.304630
-6.225398 6.839927 -9.004174 -11.174617 -6.784297 17.380623 -34.318233 0.982839 3.056413 20.003210
-5.052512 5.553080 -9.942804 -11.183802 -6.363712 17.496569 -32.913357 1.371669 5.122710 16.356491
-3.788003 3.844231 -11.583925 -10.610841 -6.017690 17.051636 -32.040981 1.543931 7.409626 12.714082
-2.757402 2.707430 -12.147924 -10.058578 -6.512864 16.127939 -32.724148 1.616057 8.649922 9.473510
-1.379399 1.550898 -12.064985 -10.217467 -7.234757 15.068007 -33.822380 1.354918 8.231402 7.141016
-0.794181 0.610259 -11.517009 -10.728843 -7.708546 14.939769 -34.170380 0.830692 8.065937 5.712846
-0.225463 -0.078563 -11.561067 -11.023981 -7.916903 14.823917 -34.162910 0.496342 7.864055 4.842525
-0.062249 -0.269247 -11.550787 -11.132886 -8.050156 14.742988 -34.082401 0.320901 7.703606 4.773850
-0.098758 -0.287110 -11.424506 -11.248263 -8.088284 14.794656 -34.200363 0.284060 7.683564 4.741092
-0.066151 -0.447163 -11.173576 -11.518366 -8.146309 14.986076 -34.386124 0.189649 7.654633 4.452075
-0.002221 -0.811102 -10.892403 -12.012289 -8.201953 15.150171 -34.485134 -0.028914 7.553378 4.067938
0.222872 -1.306381 -10.723267 -12.571608 -8.193206 15.417350 -34.341850 -0.151378 7.287277 3.570886
0.329990 -1.640388 -10.476419 -13.116549 -8.094869 15.674611 -34.364666 0.035541 6.874624 2.970035
0.396771 -2.212180 -9.900705 -14.000774 -7.986749 16.129763 -34.354973 0.108989 6.314550 2.146350
0.364961 -2.842258 -9.716044 -14.627645 -7.980692 16.297161 -34.325550 0.160336 5.655274 1.682842
0.014820 -3.316941 -9.440156 -15.360685 -8.163581 16.429392 -34.835270 0.316065 4.567268 1.309470
-0.669427 -3.531175 -9.067311 -16.223959 -8.507980 16.616442 -35.629242 0.342611 3.667969 0.906993
-1.940337 -3.335656 -8.344346 -17.317507 -8.615296 16.997786 -36.507477 0.483791 2.832455 1.063756
-2.772212 -3.028614 -7.575432 -18.277405 -8.762428 17.569397 -37.285175 0.737087 1.973872 0.601941
-4.010417 -2.432943 -6.470127 -19.531010 -8.828060 18.306429 -37.892632 0.949925 1.172165 0.553461
-4.957449 -2.099341 -5.439039 -20.863920 -9.000354 19.260017 -38.260944 0.860124 0.421252 0.340974
-6.188147 -1.547643 -4.244192 -22.361099 -9.022545 20.454231 -38.296574 0.965835 -0.323076 0.285931
-7.248782 -1.312539 -3.073631 -24.155193 -9.122182 21.861473 -38.275181 1.035237 -1.267096 -0.615718
-8.663144 -1.131831 -1.682360 -26.193424 -9.520186 23.398796 -38.251553 1.036370 -2.164819 -2.070702
-10.203531 -1.096660 -0.084382 -28.415388 -10.113911 24.973862 -38.248905 0.910453 -2.941043 -3.985096
-11.462508 -0.989541 1.064169 -30.206564 -10.560905 26.346123 -38.029316 0.880742 -3.535385 -5.569072
-12.236372 -0.848679 1.658535 -31.114647 -10.850425 27.101118 -37.795284 0.899161 -3.796245 -6.461222
-12.426582 -0.794923 1.841945 -31.377186 -10.929382 27.338627 -37.680347 0.906862 -3.853674 -6.758032
-12.426916 -0.790845 1.838105 -31.372362 -10.921763 27.330883 -37.689220 0.908160 -3.866421 -6.758778
-12.432209 -0.779543 1.846547 -31.372349 -10.927137 27.334141 -37.702873 0.906526 -3.874054 -6.762755
-12.411956 -0.778471 1.866534 -31.369497 -10.937788 27.346779 -37.703545 0.884751 -3.882115 -6.757094
-12.409142 -0.777675 1.869439 -31.360313 -10.948870 27.360430 -37.709457 0.884035 -3.879019 -6.755587
-12.399436 -0.775013 1.883975 -31.350391 -10.961309 27.359198 -37.719486 0.869649 -3.890280 -6.748406
-12.394827 -0.773066 1.896372 -31.347126 -10.971173 27.361814 -37.727245 0.857873 -3.897187 -6.744494
-12.392809 -0.771878 1.900578 -31.346205 -10.975227 27.357212 -37.731850 0.847612 -3.907558 -6.742361
-12.398791 -0.768963 1.910958 -31.356592 -10.984229 27.361315 -37.736332 0.844691 -3.917420 -6.744571
-12.383997 -0.774845 1.921250 -31.351919 -10.994596 27.349405 -37.746914 0.832343 -3.926934 -6.731144
