18.552378 10.553454 -6.539716 -16.169243 11.724893 10.374067 16.356016 -20.210741 31.417097 1.136231
17.516607 10.057670 -8.560821 -16.605619 11.748966 9.468079 17.625355 -17.719437 32.237591 0.668842
16.269054 9.512206 -11.245454 -16.495586 11.746878 8.997057 18.582466 -15.137926 33.437397 -0.478964
15.005579 9.137116 -13.424023 -15.991834 11.843251 8.811066 18.581892 -12.974622 34.436893 -1.570894
14.019159 8.518526 -16.005404 -15.119685 12.515459 8.158886 18.254236 -10.716908 35.223732 -2.805609
13.315571 9.976277 -17.378073 -15.514985 14.436177 5.776074 17.945702 -7.965877 33.918697 -0.553165
12.523415 10.074281 -19.912683 -14.141274 15.257470 4.832894 17.237377 -5.597017 34.262127 -1.165077
11.831742 9.659066 -22.115580 -13.314607 16.475300 3.524241 16.912861 -3.932819 34.069859 -2.162795
11.174730 9.575320 -23.852852 -13.132748 17.788441 1.966558 16.625267 -2.668051 33.689995 -3.318639
10.899105 9.143983 -25.463497 -12.779271 19.365177 0.418845 16.179918 -1.699409 32.468407 -5.270305
10.507019 8.629055 -26.925713 -12.707037 20.663012 -1.258728 16.063244 -1.176600 30.351786 -6.337924
11.528523 7.311154 -27.535017 -13.237981 22.702528 -3.274601 16.446707 -1.808407 27.226982 -7.658311
12.881163 5.743433 -28.346300 -13.774357 24.341175 -4.932229 17.173683 -2.705880 23.892294 -8.292983
13.877189 4.590414 -29.326456 -14.077585 25.564440 -6.232083 17.681459 -3.712944 20.726387 -9.181556
14.456852 3.618683 -30.906469 -14.006949 26.522465 -7.737406 17.871056 -4.047944 17.862366 -10.091025
14.718232 2.755390 -32.114494 -14.063427 27.159821 -8.833782 17.836185 -4.087730 15.502130 -10.860127
14.399068 2.276844 -33.060696 -14.516437 27.966141 -10.206688 17.756998 -3.893381 13.230873 -10.990513
13.379185 2.226172 -34.186802 -14.587318 28.262573 -11.109713 17.756680 -3.027011 12.138312 -10.416800
11.957071 2.404981 -35.004547 -14.824834 28.458078 -11.669446 17.653376 -1.989972 11.223351 -9.422478
10.814869 2.442835 -35.497513 -15.257953 28.502428 -12.221884 17.616646 -1.005546 10.634021 -8.419948
9.826384 2.601602 -35.864773 -15.580737 28.402943 -12.597034 17.417875 -0.218830 10.132067 -7.601889
8.896795 2.531674 -36.695126 -16.036694 28.581261 -13.247516 17.568447 0.449338 9.365888 -7.166764
7.861143 2.569466 -37.487968 -16.359568 28.669748 -13.846652 17.771194 0.911805 8.400470 -6.368668
6.858230 2.566770 -38.485603 -16.488583 28.620344 -14.258948 17.907948 1.365611 7.430954 -5.672662
6.103991 2.533200 -39.392818 -16.415146 28.555143 -14.602124 17.795708 1.840811 6.675150 -5.226761
5.472940 2.419473 -40.207558 -16.159937 28.435352 -14.835516 17.382364 2.332638 6.132965 -5.179808
5.026027 2.293164 -40.735996 -15.985290 28.370495 -14.930640 16.946241 2.782710 5.713875 -5.268693
4.670324 2.154638 -41.075645 -15.947699 28.258850 -14.960518 16.761419 2.990035 5.283746 -5.130384
4.417167 2.077153 -41.223091 -15.939371 28.150108 -14.937431 16.658268 3.062227 4.975121 -4.966465
4.290097 2.064568 -41.302296 -15.943434 28.105917 -14.952407 16.594561 3.106020 4.831326 -4.897806
4.216959 2.059424 -41.326492 -15.959827 28.083910 -14.949157 16.572729 3.112071 4.788987 -4.857992
4.199491 1.989893 -41.365211 -15.972761 28.002386 -14.906392 16.669308 3.001350 4.730656 -4.819681
4.047896 1.809371 -41.411827 -16.159351 27.808867 -14.803892 16.992682 2.688584 4.508619 -4.555081
3.731070 1.464963 -41.450214 -16.404648 27.407927 -14.481609 17.384481 2.112509 4.145048 -4.211479
3.221197 1.032078 -41.412285 -16.892084 26.938416 -14.179112 17.840944 1.383784 3.613655 -3.701088
2.541691 0.481307 -41.341732 -17.501421 26.259230 -13.757044 18.276493 0.509595 2.908463 -3.013252
1.670263 -0.026179 -41.315861 -18.123997 25.445179 -13.342300 18.572884 -0.457618 2.046998 -2.232038
0.697661 -0.461026 -40.939041 -18.864645 24.514969 -12.813824 18.870152 -1.784224 1.058310 -1.318388
-0.375999 -0.961668 -40.386086 -19.833138 23.566757 -12.448043 19.180098 -3.265125 -0.029472 -0.147005
-1.695235 -1.497071 -39.572269 -21.208832 22.564270 -12.183764 19.648302 -4.931155 -1.370005 1.546691
-3.189655 -1.650287 -38.615929 -22.423956 21.588516 -11.837728 20.167118 -6.557627 -2.253135 3.449610
-4.405932 -1.784459 -38.007572 -23.180550 20.677555 -11.549471 20.328991 -7.757066 -2.795867 4.831051
-5.615187 -1.943404 -37.197979 -24.103897 19.641699 -10.969100 20.973930 -9.300107 -3.301337 6.423551
-6.851168 -1.984805 -36.157417 -25.125238 18.837891 -10.380936 21.742186 -10.728994 -3.559088 8.142461
-7.434728 -2.019605 -35.498318 -25.685917 18.250828 -9.850983 22.449488 -11.735264 -3.919164 9.364400
-7.714088 -2.003535 -34.944168 -26.019077 17.607418 -9.288876 23.137291 -13.029047 -4.258744 10.444488
-7.794344 -2.011156 -34.511482 -26.157354 17.014956 -8.877479 23.569952 -14.134574 -4.505443 11.230435
-7.492153 -2.137292 -34.335648 -26.085020 16.576197 -8.554725 23.900948 -14.957681 -4.671529 11.499756
-7.341203 -2.140008 -34.066994 -26.088980 16.322393 -8.360400 24.092171 -15.557734 -4.730392 11.757528
-7.143854 -2.194660 -33.891098 -25.985403 16.141275 -8.143854 24.092060 -15.921052 -4.740359 11.759412
-7.066541 -2.219254 -33.826759 -25.962593 16.067244 -8.066927 24.116756 -16.077053 -4.736077 11.752200
-6.598640 -2.405011 -33.392788 -26.067137 16.293812 -7.857725 24.190849 -16.276728 -4.460501 11.266660
-5.213983 -3.004952 -32.519913 -26.144848 16.955719 -7.256532 23.991800 -16.574591 -3.718292 9.297265
-2.185098 -3.770138 -30.856640 -25.264967 17.907568 -6.024171 22.136509 -16.159567 -1.784644 5.400357
1.489470 -4.981688 -30.096991 -24.517864 19.269840 -5.384911 20.966930 -15.268044 0.030530 0.848952
5.138223 -6.608515 -29.671898 -23.504526 19.711090 -3.845271 18.920599 -13.539479 2.781048 -4.333154
6.014072 -7.071743 -28.979477 -22.629360 20.164045 -1.446860 17.034670 -10.391432 7.272543 -8.317684
3.891131 -8.888245 -28.074699 -20.794680 19.439167 4.754690 13.271382 -5.444748 16.196392 -15.328734
0.580141 -6.928099 -23.149929 -21.510101 19.643778 8.222306 9.169817 -0.622434 23.067713 -15.786366
-1.497064 -5.567332 -17.216249 -23.725868 18.764812 11.310852 2.021596 3.879446 25.741230 -15.026877
0.454277 -5.137892 -17.190474 -18.563972 13.842600 15.064385 -7.112326 10.285662 30.481819 -15.334499
5.337052 -6.039033 -16.987925 -14.962186 10.997610 17.722420 -9.342705 13.531877 32.881702 -12.276732
12.853061 -6.907305 -13.818281 -13.989778 7.772566 18.379974 -11.623684 14.052135 30.686888 -8.013036
18.960524 -9.437220 -13.385206 -11.642597 4.820217 20.290625 -13.976880 12.948282 26.593380 -6.033899
22.911068 -11.943115 -15.112956 -9.836921 1.188574 20.721592 -15.433158 9.871209 20.995367 -6.545438
29.574354 -15.188533 -14.036153 -9.079671 -1.475668 20.417419 -15.705162 7.555996 16.154007 -3.067244
34.404240 -16.065514 -15.683952 -8.542692 -2.423933 17.508726 -11.918191 7.236418 14.262294 -1.269023
38.893555 -16.010965 -19.117695 -7.726515 -2.103358 13.784079 -6.074480 6.992382 13.491804 0.241256
41.419979 -16.754232 -20.397455 -8.793906 -1.530504 10.815725 -0.261464 6.565938 11.959985 2.219075
42.656185 -17.434210 -20.606443 -10.045232 -1.365235 9.191113 2.668586 5.592210 10.650751 3.113455
42.698570 -17.535883 -20.303411 -10.639729 -1.382707 8.830103 3.318742 5.151770 9.842096 3.602474
42.820938 -17.496832 -20.257698 -10.640040 -1.448640 8.810829 3.252111 5.200660 9.888242 3.761500
43.109955 -17.432419 -20.072371 -10.780500 -1.479190 8.695222 3.049202 5.481418 9.837752 4.188905
43.354282 -17.063789 -19.230385 -11.133035 -1.587021 8.750297 2.258917 5.644088 9.674166 5.074974
43.399693 -16.547392 -17.689016 -11.683328 -1.577773 9.020350 0.896434 6.017399 9.292767 6.094352
43.015320 -15.680499 -16.269457 -11.954713 -1.823162 9.430932 -1.078876 6.428627 8.830476 7.559940
42.767380 -15.574940 -14.122547 -12.747891 -2.261626 10.499779 -3.270200 6.386534 8.258245 8.717977
42.278648 -15.483249 -11.675601 -13.828125 -2.697853 11.388094 -5.428310 6.449655 7.227527 10.169239
41.070778 -15.510036 -9.471133 -14.956535 -3.337954 12.533628 -6.989330 6.457793 6.828666 10.907280
40.430206 -15.904865 -7.653059 -15.978610 -3.876385 13.589435 -8.285527 6.319735 6.017958 11.610036
39.874561 -16.117632 -6.042346 -16.991829 -4.440402 14.439624 -9.486712 6.159111 5.325118 12.555076
39.793705 -16.652832 -3.942350 -18.250202 -4.565144 14.823708 -10.230383 5.901664 4.510099 14.199908
39.216587 -16.964186 -1.934424 -19.651138 -4.476362 15.006682 -10.793532 5.406235 3.440017 15.623321
39.050751 -17.576982 0.065177 -20.947205 -4.371837 15.152876 -11.336989 5.239335 2.076427 17.344360
38.999737 -18.146233 1.990891 -21.884439 -4.247789 15.445579 -12.036800 4.938183 0.735713 19.068687
38.867355 -18.502989 3.699560 -22.582684 -4.051110 15.666249 -12.501160 4.271341 -0.658453 20.484486
38.763943 -18.777025 5.097497 -23.381048 -3.779550 15.691566 -12.663530 3.748012 -1.854959 21.637342
38.479237 -19.058031 5.963268 -24.007442 -3.388751 15.601296 -12.568526 3.372008 -2.607223 22.476971
38.264271 -19.253666 6.502731 -24.368265 -3.148455 15.432995 -12.450560 3.056865 -3.229795 23.020094
37.940723 -19.219313 6.643313 -24.511749 -3.031049 15.299102 -12.381303 2.827483 -3.515144 23.107079
37.786194 -19.123363 6.629935 -24.491417 -2.998050 15.253320 -12.371776 2.741110 -3.588161 23.082956
