-7.891145 3.048768 -31.172213 -11.555294 31.648598 -10.050380 -27.579166 18.294495 1.072407 -14.257427
-7.891145 3.048768 -31.172213 -11.555294 31.648598 -10.050380 -27.579166 18.294495 1.072407 -14.257427
-7.891145 3.048768 -31.172213 -11.555294 31.648598 -10.050380 -27.579166 18.294495 1.072407 -14.257427
-7.891145 3.048768 -31.172213 -11.555294 31.648598 -10.050380 -27.579166 18.294495 1.072407 -14.257427
-7.891145 3.048768 -31.172213 -11.555294 31.648598 -10.050380 -27.579166 18.294495 1.072407 -14.257427
-7.051026 3.677166 -30.172901 -12.873541 33.317574 -10.677783 -26.909157 18.075682 -1.425271 -12.802619
-6.834878 3.674170 -29.975178 -13.019834 33.486107 -10.888667 -26.847670 17.727114 -1.710794 -12.883104
-6.867999 3.668918 -29.993292 -13.013339 33.458694 -10.915355 -26.874922 17.726919 -1.691368 -12.898677
-6.875201 3.667421 -29.999365 -13.010841 33.450966 -10.916247 -26.878304 17.730911 -1.684281 -12.898420
-6.878778 3.667583 -30.002935 -13.009398 33.449753 -10.913287 -26.878387 17.734879 -1.681699 -12.898892
-6.881578 3.666771 -30.004272 -13.009997 33.446796 -10.916084 -26.879313 17.735065 -1.680676 -12.897707
-6.881065 3.666706 -30.006840 -13.007868 33.449570 -10.913390 -26.879261 17.736622 -1.678448 -12.902481
-6.882875 3.663690 -30.008503 -13.011141 33.448578 -10.919378 -26.879990 17.739471 -1.678825 -12.901249
-6.884373 3.662395 -30.010237 -13.010456 33.447453 -10.915376 -26.880232 17.742149 -1.676333 -12.903190
-6.890902 3.661370 -30.015951 -13.008046 33.441422 -10.914015 -26.883709 17.750994 -1.669829 -12.902684
-6.894954 3.660624 -30.021194 -13.004699 33.439358 -10.910855 -26.885649 17.757744 -1.664847 -12.905198
-6.895134 3.659499 -30.020979 -13.001719 33.436657 -10.908554 -26.887680 17.754391 -1.661286 -12.908808
-6.896893 3.662036 -30.018002 -13.002601 33.437691 -10.905353 -26.886095 17.753244 -1.662792 -12.905581
-6.896244 3.661072 -30.017979 -13.003630 33.436333 -10.905128 -26.886610 17.755739 -1.661000 -12.906045
-6.895400 3.661813 -30.017788 -13.002838 33.437973 -10.906567 -26.887482 17.752947 -1.662535 -12.907414
-6.896618 3.662606 -30.017532 -13.001675 33.435478 -10.910998 -26.887623 17.747278 -1.661258 -12.907588
-6.895939 3.661180 -30.017138 -13.002599 33.434555 -10.911187 -26.887175 17.747395 -1.661277 -12.906955
-6.898454 3.662980 -30.019665 -12.999116 33.433693 -10.911715 -26.887558 17.744713 -1.660176 -12.908533
-6.899341 3.659994 -30.020912 -13.000611 33.430756 -10.911577 -26.888922 17.750097 -1.656750 -12.907556
-6.899498 3.658280 -30.022499 -13.001774 33.431965 -10.915581 -26.889452 17.750820 -1.657800 -12.909777
-6.902681 3.659085 -30.025221 -12.998168 33.429893 -10.912181 -26.890276 17.751442 -1.653829 -12.911774
-6.905082 3.660106 -30.026608 -12.996739 33.428493 -10.907700 -26.892181 17.756779 -1.650430 -12.911562
-6.910907 3.659516 -30.031057 -12.993620 33.424000 -10.905233 -26.894480 17.762398 -1.643663 -12.911798
-6.913162 3.659160 -30.031361 -12.992910 33.421116 -10.902730 -26.894815 17.763609 -1.640040 -12.910377
-6.915740 3.659581 -30.031065 -12.993914 33.419605 -10.902781 -26.894466 17.764782 -1.641328 -12.906142
-6.923040 3.659863 -30.038046 -12.987995 33.414940 -10.897456 -26.897951 17.773266 -1.631583 -12.908296
-6.779313 3.492771 -30.024790 -13.072302 33.474232 -10.945756 -26.760197 17.668743 -1.740986 -12.994971
-6.301058 2.966816 -29.804064 -13.527112 33.667973 -11.154623 -26.326313 17.387480 -2.167331 -13.198478
-5.518489 2.092726 -29.518070 -14.193540 33.804081 -11.266955 -25.489437 16.868391 -2.663775 -13.477227
-4.201862 0.697943 -29.267925 -15.088004 33.762489 -11.239170 -23.921471 16.088560 -3.333951 -13.817597
-2.408586 -1.047602 -28.932432 -16.174818 33.794769 -11.152606 -21.783880 14.583651 -4.280184 -14.454778
-1.269310 -2.699643 -28.932581 -17.476702 33.615932 -11.130353 -19.403225 13.621840 -4.841364 -14.695811
-0.245527 -4.533382 -28.846884 -19.070078 32.947105 -10.725486 -16.931690 12.579141 -5.504533 -14.458023
-0.190993 -5.656891 -28.374805 -20.726114 32.032589 -10.284750 -14.748640 11.650891 -5.804180 -13.571220
-0.373602 -6.524903 -28.064512 -22.371759 31.133444 -10.216969 -12.313098 10.604341 -6.152324 -12.532504
-0.926371 -6.831221 -26.979681 -24.478909 30.370115 -10.478342 -10.492925 9.755097 -6.838472 -10.689061
-1.454895 -7.232070 -25.805859 -26.574320 29.412676 -10.473455 -8.969727 8.557076 -7.692169 -9.116162
-2.367688 -7.025991 -24.701502 -28.358507 28.665054 -10.719308 -7.787168 7.562726 -8.170154 -7.439258
-3.395069 -7.040698 -23.096460 -30.848497 28.492195 -11.180337 -5.964947 6.477636 -8.644988 -5.313985
-4.366008 -7.136683 -21.260067 -33.355358 28.407724 -11.245227 -4.491332 5.167926 -9.757154 -3.211735
-5.608976 -7.106803 -19.985350 -35.343353 28.175364 -11.134646 -3.051375 4.207229 -10.427100 -1.357818
-7.031301 -6.998030 -18.445467 -37.305328 27.828053 -10.613143 -1.916549 3.403534 -10.648049 0.303071
-7.885651 -6.897331 -17.358242 -38.582638 27.559214 -10.224295 -1.050917 2.737019 -10.834952 1.754384
-8.630513 -6.775833 -16.501488 -39.512577 27.414705 -9.813758 -0.541793 2.271029 -10.906786 2.851600
-9.016358 -6.721250 -15.980166 -40.058640 27.267826 -9.534765 -0.218187 2.004616 -10.903220 3.563874
-9.166732 -6.727322 -15.816728 -40.267132 27.197327 -9.420026 -0.048088 1.883557 -10.906698 3.808109
-8.714601 -6.968446 -15.842058 -40.034321 26.953756 -9.286092 -0.157690 1.902628 -10.421967 3.379389
-7.231192 -7.624870 -15.670170 -39.232079 25.999409 -8.234606 -0.660644 1.833717 -8.835076 2.295873
-4.900611 -8.155529 -15.759099 -37.119396 24.553686 -6.612507 -2.140371 2.099403 -5.514250 0.090683
-1.134276 -8.961109 -16.292959 -33.802937 23.305229 -4.267853 -3.896849 3.227182 -1.574373 -3.871666
1.272536 -9.109615 -16.848778 -30.866030 22.819330 -2.501657 -4.688381 4.065716 2.165844 -6.994940
2.376590 -9.473081 -16.990835 -29.872690 22.521761 -1.015614 -2.668012 2.839019 5.456270 -8.951184
3.625885 -10.548770 -17.709297 -28.970076 22.979837 0.249311 0.275275 1.906348 8.884731 -11.504195
3.219010 -10.850382 -18.574301 -27.585852 22.248379 2.964332 2.580878 2.222356 13.449531 -13.436777
2.804198 -8.899105 -19.177795 -26.430716 20.439255 5.525355 5.852190 3.680357 20.437542 -13.968015
2.958875 -6.174564 -18.004999 -26.513081 18.423309 7.845785 9.297961 2.056728 24.666767 -12.522946
1.941737 -6.506416 -15.667583 -27.488241 13.816968 13.213703 12.604945 -1.293195 27.987623 -9.360950
1.370146 -4.731740 -13.281869 -28.423018 11.482267 16.059706 15.060055 -5.124289 29.801691 -7.006680
3.744235 -3.300665 -8.149990 -28.642778 10.517611 17.387981 15.595325 -7.306298 30.667164 -3.382889
6.838013 -0.761581 -1.467101 -28.343435 10.790789 19.023111 12.146405 -9.674002 31.194128 -0.908407
7.223034 4.433069 1.313964 -25.364399 10.884801 19.511299 7.566721 -10.207470 32.734776 1.181832
7.045276 8.653942 2.452681 -22.194550 10.582202 19.953373 2.290727 -9.610482 34.051968 2.410349
5.680617 11.554952 1.495603 -17.915419 10.281773 20.909626 -2.574743 -8.680893 35.041252 2.609391
4.791506 13.771210 0.405828 -13.218339 10.342251 22.105356 -8.416746 -7.770138 36.515503 0.986676
4.700493 14.698428 -0.611340 -10.485670 9.886164 22.584730 -11.208520 -7.355447 36.796688 0.567515
4.651500 15.065809 -0.837467 -9.828189 9.666685 22.648252 -11.742868 -7.419137 36.763233 0.743305
4.746283 15.130150 -0.847053 -9.738520 9.657429 22.624659 -11.764485 -7.463806 36.805920 0.807418
5.025432 15.251534 -0.903502 -9.428307 9.601039 22.611956 -11.949430 -7.543669 36.907291 0.837199
5.472077 15.422725 -1.029569 -8.952614 9.463315 22.651573 -12.058925 -7.710478 37.140354 0.815266
6.067334 15.783738 -1.115802 -8.481354 9.289444 22.552570 -11.810946 -8.119564 37.424007 1.141372
6.655032 16.327360 -1.238137 -8.116293 8.922082 22.320091 -11.237754 -8.746775 37.603191 1.823461
7.725909 16.807398 -1.349606 -7.810671 8.315827 21.894186 -10.399532 -9.423520 37.518349 3.078726
8.993235 17.125195 -1.209129 -7.697145 7.523385 21.670259 -9.379933 -10.141618 37.455055 4.220017
10.375725 17.257694 -1.319910 -7.476714 7.016947 21.173498 -8.052484 -10.966038 37.166904 5.151627
11.931752 17.215654 -1.488555 -6.899488 6.459979 20.805153 -7.037731 -11.846049 36.918659 5.798808
13.591779 17.115925 -1.522699 -6.476246 5.901704 20.479561 -6.240503 -12.483343 36.872410 6.179956
14.818480 17.147923 -1.636798 -6.257357 5.351913 20.229237 -5.142454 -13.370331 36.782791 6.589651
16.564863 16.910025 -1.377734 -6.053160 4.757405 20.199511 -4.182868 -14.301607 36.954182 6.931785
18.533659 16.477867 -1.202668 -5.587571 4.262685 20.206612 -3.474325 -15.148641 37.092270 7.169249
20.281406 15.931844 -0.950091 -5.381501 3.783453 20.153620 -2.829663 -15.515716 37.265533 7.573383
21.666847 15.405127 -0.825821 -5.267680 3.385697 20.070780 -1.735717 -16.129255 37.361462 7.944756
22.653193 14.927332 -0.670344 -5.041259 3.002778 20.209696 -0.853307 -16.758528 37.503300 8.110290
23.564009 14.416913 -0.779039 -4.773999 2.799633 20.105419 -0.056806 -17.117828 37.472706 8.170319
24.214809 14.071662 -0.682357 -4.754457 2.665033 20.101847 0.417258 -17.311394 37.441387 8.228594
24.537815 13.904051 -0.664160 -4.688602 2.588671 20.091686 0.754367 -17.480936 37.417080 8.284231
24.699320 13.835079 -0.668828 -4.708180 2.618004 20.046513 0.886228 -17.520016 37.421169 8.255166
24.774607 13.726213 -0.649189 -4.863977 2.676689 20.027456 1.069917 -17.506536 37.470665 8.182504
24.964636 13.363995 -0.349931 -5.438108 2.810291 20.069677 1.461652 -17.463572 37.535633 8.016325
25.090593 12.924685 -0.169553 -6.253414 3.162330 19.915112 2.203130 -17.331245 37.627930 7.786347
25.007187 12.165233 -0.241015 -7.465044 3.732461 19.634239 3.622490 -17.060606 37.821766 7.354223
24.709480 11.199771 -0.412041 -8.983488 4.342940 19.322451 5.201585 -16.491976 38.241825 6.684866
24.392628 10.193191 -0.310932 -10.972917 5.137175 18.834539 6.726578 -15.584386 38.593243 5.824169
23.642847 9.452024 -0.660247 -12.854406 6.081167 18.093815 8.195467 -14.500557 38.623894 4.962624
22.571856 8.606647 -1.769013 -14.136309 6.832607 17.637625 10.043480 -13.510647 39.001148 3.790992
21.318659 7.637389 -3.354829 -15.099849 7.692611 17.167820 12.243159 -12.506866 39.210995 2.597684
