-11.239279 8.456488 -22.630043 -1.992448 -11.547332 10.245293 -12.475400 -10.578863 20.782169 31.026819
-12.231452 8.531104 -21.303782 -3.063045 -11.390517 10.281837 -12.771491 -10.769429 21.479210 30.977709
-13.159873 8.345375 -19.539732 -4.585026 -11.239434 10.440775 -13.478230 -11.049433 21.975769 30.576668
-13.664419 7.850497 -17.821053 -6.148610 -11.150040 10.410395 -14.246555 -11.363566 22.099567 29.896341
-13.975668 7.052949 -16.133976 -7.807200 -11.018329 10.371099 -15.315437 -11.364710 21.934813 28.510586
-12.192219 7.195435 -12.273326 -12.259727 -9.939771 9.130077 -15.481447 -10.832493 20.258476 29.863010
-11.993855 6.506328 -10.477394 -14.082995 -9.519624 9.671885 -16.213820 -10.524538 20.276627 28.237583
-11.936707 5.654551 -9.195572 -15.531132 -9.276074 9.991684 -17.109680 -10.326929 20.040318 26.113199
-11.918961 5.035812 -8.161090 -16.606157 -8.973257 10.451975 -17.988426 -10.046051 19.850460 24.502590
-12.084915 4.142899 -6.958918 -18.092937 -8.801762 10.868776 -19.106363 -9.724477 19.330891 22.406456
-12.007429 3.414323 -6.106431 -19.177488 -8.470613 11.122348 -20.100231 -9.189837 18.777275 20.628372
-12.072380 2.907401 -5.141273 -20.447872 -8.305306 11.273671 -20.809954 -8.871758 18.250137 19.125195
-12.176872 2.662359 -4.488287 -21.538189 -8.007525 11.330146 -21.404882 -8.227695 17.817593 17.720520
-12.558331 2.705728 -3.921969 -22.570246 -7.705386 11.339038 -22.039492 -7.571142 17.505161 16.838760
-12.879904 2.643508 -3.364182 -23.474085 -7.422722 11.278161 -22.405668 -6.992611 17.240566 15.991707
-13.276839 2.458182 -2.986723 -24.721344 -7.149237 11.070143 -22.761660 -6.290862 16.845617 14.652196
-14.085087 2.401180 -2.302245 -26.241882 -7.058037 10.789371 -22.716097 -5.959398 16.490696 13.946183
-14.701028 2.346622 -1.901014 -27.691513 -6.817524 10.555847 -22.476133 -5.413324 16.045694 13.118639
-15.431517 2.376198 -1.505874 -29.147243 -6.433702 10.208262 -22.092373 -4.744747 15.543609 12.456775
-16.141144 2.454309 -1.105116 -30.423267 -6.106386 9.871127 -21.747442 -4.241127 15.129903 12.107960
-16.841969 2.405791 -0.698438 -31.720205 -5.893846 9.609061 -21.429485 -3.961752 14.841998 11.777586
-17.404131 2.373729 -0.386512 -32.892113 -5.728514 9.417104 -21.304668 -3.684517 14.568192 11.352153
-17.932550 2.329394 0.023527 -33.956367 -5.660038 9.406325 -21.215895 -3.502523 14.333243 10.838624
-18.408310 2.298864 0.491823 -35.039490 -5.504589 9.486142 -20.844158 -3.353882 14.086177 10.317757
-18.783569 2.216662 0.888283 -35.894596 -5.477288 9.610620 -20.583910 -3.227133 13.790473 9.692886
-19.025026 2.109992 1.160728 -36.640980 -5.506469 9.665932 -20.270821 -3.089682 13.452030 9.053918
-19.269947 2.006572 1.410409 -37.312035 -5.579919 9.767178 -20.004250 -2.965220 13.108534 8.458869
-19.434072 1.967782 1.561632 -37.726604 -5.653248 9.863852 -19.716330 -2.882700 12.886086 8.072021
-19.517904 1.961967 1.634443 -37.959785 -5.670937 9.912993 -19.563765 -2.781282 12.752689 7.818536
-19.536295 1.943502 1.630675 -38.096745 -5.642819 9.865402 -19.360670 -2.714610 12.669711 7.729844
-19.528887 1.927693 1.633538 -38.124290 -5.648523 9.873424 -19.295145 -2.698354 12.642753 7.676661
-19.532557 1.949178 1.642488 -38.134266 -5.595097 9.811247 -19.302423 -2.719733 12.705247 7.783744
-19.488333 1.980622 1.577221 -38.067181 -5.448094 9.584873 -19.185116 -2.819884 12.905120 8.202306
-19.293047 2.073871 1.358332 -37.776447 -5.151447 9.141932 -18.954180 -2.916156 13.286408 8.977203
-19.073172 2.198018 1.091129 -37.406399 -4.783125 8.629548 -18.531370 -3.068393 13.807070 10.022970
-18.791164 2.369245 0.770460 -36.808369 -4.507042 8.132801 -18.181242 -3.235843 14.332215 11.161433
-18.404535 2.570062 0.337673 -35.985905 -4.259092 7.559875 -17.601189 -3.504270 14.927562 12.516555
-18.040051 2.778449 -0.015291 -35.395515 -3.952858 7.146292 -16.708752 -3.712084 15.468781 13.642338
-17.697390 3.045744 -0.276752 -34.806641 -3.729801 6.789455 -15.826242 -3.952471 15.942445 14.756787
-17.488737 3.269084 -0.444397 -34.412689 -3.516200 6.530113 -15.174694 -4.291380 16.528101 15.823236
-17.220362 3.484691 -0.726958 -33.721218 -3.340995 6.179023 -14.612762 -4.718239 17.137329 17.163486
-17.069040 3.682465 -0.878354 -33.141861 -3.191664 5.917584 -14.247672 -5.067788 17.618877 18.259342
-16.832909 3.890549 -1.189656 -32.482597 -2.947617 5.584283 -13.783377 -5.351737 18.081856 19.472759
-16.686852 4.154088 -1.435604 -31.767282 -2.700166 5.216499 -13.291925 -5.697434 18.561588 20.944958
-16.629808 4.355499 -1.707847 -31.324984 -2.574199 4.926699 -12.726348 -6.099390 18.916542 22.207348
-16.612131 4.560535 -2.004879 -30.998501 -2.424283 4.633970 -12.096565 -6.352105 19.127623 23.333344
-16.571835 4.725287 -2.306777 -30.662945 -2.301219 4.333712 -11.645654 -6.485043 19.277887 24.155106
-16.458897 4.791813 -2.658920 -30.356560 -2.191139 4.051656 -11.215665 -6.514308 19.335114 24.709139
-16.348253 4.860271 -2.981484 -30.083736 -2.092350 3.782361 -10.806260 -6.513644 19.388037 25.209038
-16.269913 4.933796 -3.199265 -29.877201 -2.029047 3.592698 -10.568860 -6.496926 19.425762 25.563168
-16.241402 4.945404 -3.267134 -29.815680 -2.012878 3.547338 -10.494250 -6.499663 19.436836 25.658463
-16.151512 5.138258 -3.399580 -29.509714 -1.985555 3.388050 -10.737449 -6.346544 19.478037 25.822735
-15.891092 5.784007 -3.960593 -28.464926 -1.843151 2.830234 -11.455479 -5.795114 19.613865 26.439756
-15.886103 6.836334 -4.381244 -27.202335 -1.632898 2.052682 -12.847373 -5.005455 19.845932 27.348207
-15.390484 8.054097 -5.570092 -25.211756 -1.437163 0.983655 -14.742965 -3.559477 19.819172 28.018883
-15.223424 9.537427 -6.362001 -22.917919 -1.537148 0.473122 -17.443306 -2.349504 19.541418 29.221855
-14.488011 10.305854 -7.665136 -20.302626 -1.706986 0.523945 -20.246984 -0.902450 18.607048 29.264496
-13.631020 11.287185 -9.331236 -16.554382 -2.442457 1.584665 -23.325193 0.054567 17.285755 30.118196
-11.535573 11.498226 -12.341334 -11.936565 -1.040451 4.639838 -26.362122 3.361902 14.616940 29.797695
-8.312629 10.417209 -16.238573 -7.748879 -0.547894 5.924049 -28.077805 5.784507 12.280886 27.630089
-4.489380 8.564846 -19.175358 -5.200250 -0.070127 7.208496 -29.150852 7.759920 8.223614 25.044901
-1.704916 6.093792 -22.054464 -3.449917 -0.264699 9.537262 -29.706793 8.986242 3.267550 23.471704
1.397081 3.455976 -23.923016 -2.916565 -0.224906 13.160736 -27.902740 9.110459 -2.375144 22.260269
3.241676 1.315160 -26.256189 -2.993547 -1.128467 14.868601 -24.685694 8.073746 -5.830470 21.816746
5.668320 0.154029 -27.165277 -3.421826 -0.868610 14.706895 -21.418591 7.380760 -10.156563 23.809628
7.016090 -0.817266 -31.269203 -2.885415 -1.170710 14.065010 -17.835915 7.723475 -11.206407 22.375658
8.278145 -1.380875 -33.793129 -3.156303 -0.955725 12.534447 -14.859951 8.065768 -11.968155 21.694063
9.836575 -2.372386 -36.461540 -3.323415 -1.098794 9.952579 -12.317819 8.420901 -12.755176 20.611326
11.176867 -2.491066 -38.529549 -3.461782 -0.541043 7.242013 -10.586098 9.589990 -12.645207 19.361382
11.463871 -2.651044 -39.420895 -3.724367 -0.592511 6.180677 -9.694074 9.921377 -12.830770 19.039936
11.512604 -2.596459 -39.590317 -3.838463 -0.616113 5.824379 -9.388058 9.958355 -12.885604 19.193720
11.363630 -2.576020 -39.568596 -3.926491 -0.590729 5.863037 -9.324225 9.968247 -12.886231 19.327255
11.052668 -2.581382 -39.456959 -4.200697 -0.476557 5.945557 -9.162070 9.992076 -12.921279 19.619101
10.642868 -2.533791 -39.338947 -4.465154 -0.316045 6.088285 -8.980204 10.004648 -12.896413 20.052053
10.109647 -2.325535 -39.180302 -4.671196 -0.106463 6.299081 -8.744322 9.983738 -12.777190 20.755079
9.322776 -1.866896 -38.868896 -4.979665 0.243818 6.654025 -8.307240 9.941361 -12.528321 21.840147
8.108045 -1.406572 -38.346359 -5.527653 0.683737 7.029943 -7.889108 9.902066 -12.014319 22.802509
6.467031 -0.555123 -37.336895 -6.207009 1.407853 7.516675 -7.702661 9.978666 -11.605839 24.474882
5.440175 -0.030715 -36.524433 -6.712066 1.885193 7.875400 -7.339459 9.950730 -10.994921 25.474257
4.085661 0.406122 -35.446892 -7.581043 2.294151 8.124448 -7.091104 9.939409 -10.554080 26.586826
2.531711 0.979680 -34.515026 -8.345562 2.593016 8.267285 -6.745396 9.822859 -10.001298 28.093075
1.192409 1.240979 -33.586655 -9.426383 2.951680 8.331620 -6.098062 9.739321 -9.593935 29.232697
-0.094816 1.623137 -32.652740 -10.271323 3.517395 8.585949 -5.721490 9.741693 -9.177358 30.307312
-1.574727 2.004427 -31.466175 -11.357829 4.059986 8.700536 -5.625425 9.819207 -8.865920 31.405466
-3.255518 2.466093 -30.317703 -12.560680 4.543412 8.733205 -5.528657 9.834702 -8.606442 32.588917
-4.766474 2.859493 -29.328547 -13.612064 4.854678 8.693338 -5.459388 9.662889 -8.280356 33.637905
-5.883202 3.238290 -28.630724 -14.385774 5.130449 8.559634 -5.338231 9.564665 -7.872177 34.441467
-6.818227 3.499149 -28.056057 -15.061326 5.341754 8.394422 -5.286628 9.512382 -7.594366 35.053879
-7.500778 3.644271 -27.650837 -15.537179 5.454716 8.370937 -5.246433 9.434374 -7.423529 35.427708
-7.880667 3.749235 -27.383438 -15.810504 5.489621 8.349663 -5.189570 9.319415 -7.276135 35.684441
-8.009234 3.777184 -27.278816 -15.909660 5.482361 8.362909 -5.174047 9.265402 -7.226624 35.781288
-7.956239 3.744663 -27.410294 -15.899621 5.512378 8.297685 -5.056457 9.295421 -7.288703 35.763809
-7.703594 3.636847 -27.862822 -15.808899 5.584287 8.106129 -4.661761 9.353003 -7.426045 35.628544
-7.229652 3.442309 -28.445240 -15.689938 5.652734 7.906133 -4.034484 9.352480 -7.688704 35.436569
-6.542079 3.226228 -29.304920 -15.309247 5.732978 7.685516 -3.276659 9.417668 -7.939675 35.110237
-5.609925 2.944513 -30.710941 -14.715300 5.818118 7.152757 -2.177656 9.537910 -8.246054 34.645668
-4.057113 2.496488 -32.412220 -13.968747 5.646993 6.409729 -0.544448 9.227368 -8.107206 33.841518
-2.424411 1.960552 -33.989204 -13.187181 5.231009 5.665668 0.788409 8.889354 -8.219710 32.878151
-0.604312 1.442271 -35.475765 -12.417212 4.746570 4.708173 1.860940 8.472668 -8.353518 31.619171
1.215659 0.956162 -37.586792 -11.418941 4.033782 3.146435 3.196391 7.951846 -8.454229 30.249876
