-0.987580 3.819767 -42.995594 -3.621871 11.728885 4.972487 5.627667 -5.750668 -8.215787 14.922793
0.273126 3.777388 -44.429371 -3.349896 11.873762 3.081985 6.750397 -4.935624 -7.569476 13.253796
1.229955 3.883723 -46.027939 -3.308065 12.380378 1.304374 8.192894 -3.773050 -6.088299 10.319627
1.162097 4.131155 -47.280136 -3.733872 12.575790 -0.749244 9.577588 -3.089807 -4.375576 8.333863
0.553370 5.446176 -47.796917 -4.410711 13.213712 -3.191708 11.425817 -2.214507 -1.152456 7.282509
1.490786 8.709987 -44.411095 -8.156021 15.645201 -8.037616 14.361243 -2.756119 -0.259096 10.080647
0.573285 10.396367 -42.386333 -10.124220 17.147909 -10.374591 15.738666 -2.142738 2.058628 11.464250
-0.665844 11.762370 -39.934025 -12.128051 18.659687 -12.286247 17.906923 -3.006156 4.469190 13.502400
-1.409749 11.821854 -36.969566 -14.854826 20.207602 -13.263503 20.348976 -4.342174 5.897668 15.170913
-0.840120 11.662076 -34.400288 -16.932510 21.633503 -13.888368 22.677824 -5.744819 6.984542 16.452785
1.204103 11.084646 -31.584129 -18.009956 22.534452 -13.648976 24.097244 -7.964054 8.061335 16.030703
2.858947 10.716713 -28.944639 -19.016602 23.325926 -12.948725 25.103680 -10.253920 9.523283 14.756045
4.303243 10.509804 -27.198643 -19.249411 23.839375 -12.151869 24.926628 -10.565028 12.296034 12.561454
4.346003 10.902022 -26.319954 -18.451035 23.304100 -9.949257 24.157724 -9.528150 16.039459 10.831841
3.221481 11.776397 -26.183210 -16.964386 22.066628 -7.164215 23.010361 -8.389627 20.495832 9.671398
3.080698 12.387786 -25.764074 -16.040714 19.405357 -4.432841 22.325556 -7.840048 23.926598 9.662564
3.224427 12.648116 -24.019335 -16.431015 16.995632 -2.098010 22.251089 -8.656875 25.742352 10.684772
3.925945 12.553598 -21.842716 -16.737770 14.385636 1.076511 22.421625 -10.797015 26.993713 11.512763
6.288557 12.523261 -19.087772 -17.356686 13.018371 2.868103 22.418924 -13.015320 26.182093 12.049296
7.427856 13.053884 -15.004732 -18.627813 11.922560 4.511326 21.818100 -15.470551 26.125181 12.696573
9.868629 12.914994 -10.822753 -19.885654 11.748891 5.649544 21.164680 -18.288635 25.570148 12.049121
13.062986 12.818538 -7.069218 -20.184267 11.215018 7.255771 20.043470 -20.863760 25.533718 11.472116
15.153568 13.509705 -4.850452 -19.147896 10.722425 8.737531 18.133080 -22.948410 25.899588 10.903232
17.101864 14.501076 -3.537684 -16.828295 10.047334 10.270601 15.640916 -24.066813 27.139320 9.543210
18.901396 15.319562 -2.501347 -14.138510 9.583942 11.578000 12.866719 -25.295311 28.084087 8.233169
20.341124 16.263212 -2.106207 -10.917732 9.256386 12.665846 10.080159 -26.515486 28.872253 7.353084
21.735529 17.111946 -1.658491 -8.330060 9.036221 13.503043 7.598787 -27.755541 29.222471 6.550345
22.488823 18.295368 -1.373960 -6.123810 8.450952 14.058312 5.620704 -28.478342 29.589535 6.710668
22.663748 18.861494 -1.314729 -4.812442 7.955056 14.473139 4.202721 -28.579710 29.769014 6.703413
22.716496 19.077503 -1.422992 -4.164777 7.684034 14.624195 3.503008 -28.444792 29.794626 6.721085
22.793575 19.150360 -1.517598 -3.922899 7.595711 14.626622 3.323165 -28.372375 29.823818 6.750896
22.645355 19.226963 -1.505468 -3.885124 7.586541 14.688841 3.166317 -28.350307 29.829288 6.731351
22.354073 19.390646 -1.468221 -3.933791 7.705518 14.758188 2.783448 -28.234838 29.851593 6.602731
21.804415 19.687038 -1.451596 -3.971794 7.873491 14.853642 2.302017 -28.098969 29.886490 6.468853
20.826445 20.148500 -1.387606 -4.224562 8.116802 15.018714 1.613956 -27.813572 29.885544 6.324500
19.819920 20.547234 -1.643934 -4.420970 8.492142 14.964279 0.941440 -27.270105 29.795002 6.069103
18.480503 21.018816 -1.755974 -4.725483 8.913322 14.895615 -0.035863 -26.629831 29.491232 5.913538
16.942799 21.487967 -1.897255 -5.227912 9.414636 14.763804 -0.796557 -25.931805 29.191744 5.741353
15.516950 21.958712 -1.605360 -6.002167 9.822299 14.709334 -1.739487 -25.077154 28.962868 5.681285
14.144497 22.256599 -1.475704 -6.466951 9.961811 14.887684 -2.896864 -23.846352 28.911922 5.774033
12.596519 22.547962 -1.518526 -6.618515 10.261088 15.109413 -4.235201 -22.735216 28.950964 5.723619
10.957459 22.822746 -1.585817 -7.020589 10.746943 15.233091 -5.171546 -21.859873 28.917244 5.517997
9.594001 23.055313 -1.313386 -7.727178 11.355084 15.337533 -6.269948 -20.988745 28.938824 5.031542
8.427169 23.220854 -0.841073 -8.481508 11.672801 15.389124 -7.483538 -20.321081 28.563007 4.898465
7.458057 23.117130 -0.652129 -9.048062 12.127687 15.312350 -8.324697 -19.525423 28.293003 4.509411
6.447661 22.848341 -0.422641 -9.651682 12.609281 15.333488 -9.069417 -18.758615 28.008099 3.900312
5.758842 22.530569 -0.362145 -10.025950 12.913473 15.398990 -9.444909 -18.241083 27.828247 3.485947
5.206404 22.241947 -0.175950 -10.518995 13.102685 15.467942 -9.728869 -17.913500 27.587336 3.191455
4.699485 22.091972 -0.072154 -10.970307 13.265307 15.418717 -9.647756 -17.799557 27.339836 3.202025
4.377735 21.975937 0.008691 -11.315833 13.384301 15.369692 -9.545277 -17.698572 27.172373 3.186357
4.278537 21.924438 0.034840 -11.422501 13.412726 15.359928 -9.538918 -17.654522 27.090517 3.157804
4.217211 21.552540 0.058024 -11.942717 13.665407 15.296726 -8.925188 -17.618296 27.169670 2.857734
3.725323 20.513023 0.558316 -14.326249 14.290659 14.915740 -6.204326 -18.137957 26.826454 2.882985
4.271169 18.687447 1.019462 -17.693493 15.218789 14.046894 -0.817056 -19.723595 26.228064 2.898922
5.452244 16.041349 1.912030 -21.395206 16.328247 13.070141 3.937800 -21.464766 25.128464 1.997935
5.984982 11.036522 0.778930 -24.580708 16.362455 12.986541 9.103271 -20.650698 24.348682 0.870236
6.967093 5.462334 -0.860209 -28.934641 15.622494 12.045746 14.059595 -18.637932 23.060532 0.558797
4.762658 2.341408 -5.414851 -30.823118 14.824430 10.396236 16.029406 -13.896950 23.142799 0.419809
4.862917 -1.922173 -9.529803 -31.808712 14.647514 9.696527 15.682956 -8.445937 22.681877 -2.415144
5.778227 -5.346068 -11.236467 -31.515614 16.732668 7.710041 12.850969 -3.496830 21.549839 -5.032336
7.092906 -6.753260 -12.955642 -29.951702 19.506697 5.117583 9.418067 0.368773 20.282330 -7.362164
7.229044 -9.306437 -14.010002 -29.626680 21.598324 2.733479 5.489456 2.416725 16.149860 -8.112649
7.965359 -11.732931 -13.955973 -30.761122 22.291527 1.048777 3.354232 1.759328 10.414719 -7.262637
7.740553 -11.654047 -13.619625 -31.729500 22.949856 -1.229918 1.022433 3.006252 6.573093 -5.541561
5.869728 -11.585910 -14.289182 -31.582924 21.529150 -1.167867 -2.603391 6.514034 5.638474 -4.759849
4.197346 -11.161937 -14.545619 -32.319912 21.413191 -2.236730 -5.665492 10.053975 4.299570 -3.554982
1.576237 -11.175515 -14.409660 -35.027893 21.956833 -3.990010 -4.922629 9.383536 0.532045 -0.620920
-2.052398 -10.916217 -13.721542 -39.033192 23.203993 -6.735298 -2.905902 8.666803 -3.534497 3.355746
-4.954733 -10.653800 -14.025846 -41.070553 24.256018 -8.077013 -1.464838 8.982707 -6.087756 5.202882
-6.108020 -10.412429 -14.070892 -42.061062 25.095604 -9.067741 -0.932636 9.449098 -7.586202 6.381773
-6.477581 -10.260164 -14.019774 -42.294167 25.287224 -9.117132 -0.796884 9.511937 -8.021886 6.838592
-6.341596 -10.258986 -14.209394 -42.055542 25.296984 -9.163128 -0.961574 9.662107 -7.947742 6.595263
-5.993439 -10.349380 -14.791346 -41.493294 25.326849 -9.353418 -1.250670 10.016189 -7.859178 5.907885
-5.240283 -10.390508 -15.665575 -40.401382 25.425682 -9.584038 -1.828991 10.664861 -7.627046 4.904901
-4.078762 -10.482234 -16.648882 -39.005413 25.837477 -9.898110 -2.725753 11.460054 -7.450805 3.519848
-2.710941 -10.669472 -18.316347 -36.927601 26.029762 -10.158372 -3.665845 12.093086 -7.236384 1.733797
-1.272838 -11.060379 -19.604534 -35.035553 26.318371 -10.164401 -4.900564 12.981712 -6.711278 -0.333150
0.009724 -11.156093 -21.252581 -32.854240 26.486315 -10.187778 -6.463917 14.400342 -5.823141 -2.397567
0.834695 -10.906760 -22.848419 -30.331608 26.524971 -9.746329 -8.658368 15.775167 -5.058803 -4.211779
0.560155 -10.663390 -24.352964 -28.378593 26.845945 -9.408810 -10.236073 17.358597 -4.071362 -5.492571
0.806792 -10.473949 -25.773579 -26.439686 27.387709 -9.249156 -11.598476 18.761444 -3.207347 -6.768652
1.156405 -10.118065 -26.692226 -24.476702 27.717651 -8.951333 -13.468048 19.900187 -2.534036 -7.743334
1.002212 -9.287146 -27.135605 -23.050735 28.021719 -8.812652 -15.648393 21.173237 -2.028297 -8.206248
0.853388 -8.426342 -27.785650 -21.747200 28.289982 -8.848948 -17.508034 22.460424 -1.642973 -8.669690
-0.085953 -6.778071 -27.968777 -20.331812 28.797947 -9.148273 -19.935289 23.854982 -0.746306 -8.816736
-1.272575 -4.933121 -27.919512 -18.787714 28.789104 -8.949597 -22.243593 25.070316 0.351303 -8.294097
-2.883608 -3.214962 -28.157654 -17.488493 28.728662 -8.901112 -24.550900 26.743567 1.511824 -7.631752
-3.942230 -1.953370 -28.318735 -16.586111 28.542143 -8.805032 -26.215292 28.046356 2.464743 -7.066261
-4.719607 -1.093135 -28.647085 -15.907646 28.185463 -8.597761 -27.173254 28.994106 3.242058 -6.685297
-5.180325 -0.626201 -28.885803 -15.458974 27.970358 -8.415432 -27.669571 29.437321 3.737662 -6.522081
-5.300972 -0.477193 -28.883741 -15.373305 27.906549 -8.372647 -27.839092 29.589901 3.896784 -6.437805
-5.302311 -0.477905 -28.885515 -15.373307 27.905025 -8.374066 -27.839762 29.589708 3.897343 -6.439072
-5.303473 -0.479677 -28.885527 -15.374805 27.903612 -8.373963 -27.840351 29.589146 3.897200 -6.441650
-5.304427 -0.479118 -28.887888 -15.374072 27.905466 -8.371742 -27.839624 29.591434 3.899352 -6.443610
-5.304975 -0.480434 -28.886791 -15.375224 27.903305 -8.374070 -27.840088 29.589567 3.898995 -6.443999
-5.305123 -0.479361 -28.887165 -15.374850 27.903261 -8.372905 -27.840002 29.590721 3.900564 -6.444252
-5.307227 -0.477891 -28.888702 -15.374470 27.904055 -8.371793 -27.840992 29.593122 3.900415 -6.443640
-5.308051 -0.478508 -28.888689 -15.374831 27.902586 -8.374004 -27.841520 29.591396 3.900708 -6.445117
-5.308528 -0.482214 -28.890162 -15.375254 27.897099 -8.378428 -27.844128 29.587801 3.901717 -6.448036
-5.310802 -0.481744 -28.889311 -15.375834 27.896538 -8.379671 -27.847515 29.588350 3.901007 -6.447355
