-7.980649 2.679138 -31.117075 -12.102519 31.002455 -9.983525 -27.474220 19.388422 1.234626 -13.405849
-7.980649 2.679138 -31.117075 -12.102519 31.002455 -9.983525 -27.474220 19.388422 1.234626 -13.405849
-7.980649 2.679138 -31.117075 -12.102519 31.002455 -9.983525 -27.474220 19.388422 1.234626 -13.405849
-7.980649 2.679138 -31.117075 -12.102519 31.002455 -9.983525 -27.474220 19.388422 1.234626 -13.405849
-7.980649 2.679138 -31.117075 -12.102519 31.002455 -9.983525 -27.474220 19.388422 1.234626 -13.405849
-7.190361 3.213731 -30.186659 -13.407754 32.515423 -10.465188 -26.808218 19.308416 -1.099072 -11.940459
-7.027601 3.223990 -30.013189 -13.536311 32.633904 -10.653054 -26.762531 19.007618 -1.347134 -11.970791
-7.062986 3.214225 -30.035751 -13.530750 32.605370 -10.679350 -26.788464 19.013048 -1.327724 -11.987988
-7.067550 3.214665 -30.041044 -13.525524 32.600937 -10.679509 -26.792442 19.011158 -1.321265 -11.993637
-7.068890 3.214357 -30.044029 -13.524698 32.601101 -10.677250 -26.792942 19.015594 -1.318485 -11.995960
-7.071344 3.213903 -30.044636 -13.523992 32.599518 -10.679912 -26.793352 19.012648 -1.317493 -11.996802
-7.070442 3.214670 -30.045555 -13.523936 32.602230 -10.678261 -26.792654 19.012707 -1.317268 -11.998776
-7.074626 3.213334 -30.050291 -13.523993 32.599525 -10.682777 -26.794609 19.017447 -1.315427 -11.998055
-7.074441 3.212488 -30.051264 -13.523297 32.600254 -10.679601 -26.795130 19.018965 -1.313895 -12.001419
-7.077914 3.210153 -30.054970 -13.522655 32.596249 -10.679523 -26.796310 19.024075 -1.310737 -12.001910
-7.078602 3.209666 -30.057766 -13.520393 32.597008 -10.678759 -26.797354 19.025862 -1.309123 -12.005287
-7.079123 3.207385 -30.057299 -13.519372 32.593365 -10.677190 -26.798733 19.024523 -1.305710 -12.006876
-7.081799 3.209759 -30.055809 -13.519563 32.592983 -10.672801 -26.798199 19.027132 -1.304978 -12.003562
-7.079640 3.207737 -30.055424 -13.520475 32.594238 -10.673185 -26.798609 19.027246 -1.304767 -12.007098
-7.079755 3.207343 -30.055918 -13.519572 32.592987 -10.672742 -26.799032 19.027260 -1.303389 -12.007644
-7.081533 3.206815 -30.056238 -13.519161 32.590042 -10.676719 -26.800432 19.025631 -1.299615 -12.008494
-7.081439 3.206788 -30.056684 -13.517238 32.588882 -10.675510 -26.799971 19.023680 -1.298942 -12.009116
-7.083255 3.207359 -30.058439 -13.515579 32.587612 -10.676156 -26.800686 19.022940 -1.297371 -12.010087
-7.083823 3.206734 -30.059420 -13.515276 32.587105 -10.676928 -26.802214 19.023922 -1.296297 -12.010737
-7.083610 3.205957 -30.059692 -13.514424 32.586544 -10.679039 -26.801790 19.020086 -1.297144 -12.012749
-7.090069 3.207739 -30.062780 -13.512941 32.581341 -10.675372 -26.803038 19.025064 -1.292603 -12.009084
-7.091078 3.208107 -30.063522 -13.511991 32.581715 -10.671994 -26.804335 19.028227 -1.290883 -12.010730
-7.096874 3.207963 -30.068003 -13.508600 32.576397 -10.669316 -26.806555 19.034863 -1.284092 -12.009493
-7.098638 3.209082 -30.066833 -13.509178 32.575489 -10.669291 -26.806528 19.033230 -1.283435 -12.006906
-7.098896 3.207093 -30.066811 -13.510253 32.575459 -10.669441 -26.806431 19.035357 -1.283573 -12.006340
-7.104583 3.206359 -30.071875 -13.507000 32.569950 -10.664571 -26.808924 19.044847 -1.275250 -12.006106
-6.957372 3.036699 -30.059896 -13.588602 32.629810 -10.710114 -26.669146 18.939337 -1.382060 -12.094219
-6.507937 2.533804 -29.837879 -14.036751 32.818531 -10.915585 -26.241163 18.652409 -1.803470 -12.276859
-5.722145 1.679780 -29.522425 -14.708278 32.944714 -11.018978 -25.417431 18.108494 -2.312473 -12.539573
-4.465895 0.353761 -29.295053 -15.568251 32.909241 -11.002357 -23.900612 17.333599 -2.948611 -12.898761
-2.737805 -1.312640 -28.929226 -16.659956 32.916718 -10.949977 -21.804401 15.832664 -3.920993 -13.436141
-1.587701 -2.925862 -28.899313 -17.935045 32.806824 -10.993705 -19.488075 14.880160 -4.527261 -13.678960
-0.510394 -4.728184 -28.755251 -19.475691 32.191444 -10.625123 -16.971735 13.705041 -5.217530 -13.507852
-0.488895 -5.815731 -28.310520 -21.078985 31.248631 -10.147883 -14.816767 12.831229 -5.457463 -12.625632
-0.634799 -6.692424 -27.985128 -22.727566 30.351398 -10.055187 -12.421129 11.827686 -5.798319 -11.607421
-1.225224 -7.007352 -26.934170 -24.777065 29.586447 -10.231069 -10.606416 10.961295 -6.440124 -9.867245
-1.713549 -7.432100 -25.764168 -26.810562 28.662271 -10.166132 -9.052269 9.732871 -7.230199 -8.387119
-2.351932 -7.370524 -24.569468 -28.637791 28.032492 -10.453258 -7.832182 8.621173 -7.808393 -6.848035
-3.326153 -7.444904 -23.001617 -31.119160 27.884369 -10.903769 -6.011385 7.623260 -8.232169 -4.813275
-4.497203 -7.506746 -21.362440 -33.492111 27.720144 -10.896009 -4.493587 6.378835 -9.179399 -2.817114
-5.772206 -7.502173 -20.143312 -35.484047 27.394287 -10.746391 -3.025207 5.517745 -9.774140 -0.968313
-7.176483 -7.427004 -18.621965 -37.442097 27.060839 -10.234976 -1.886994 4.727526 -9.996755 0.663513
-8.038018 -7.343760 -17.571623 -38.728493 26.824472 -9.880667 -0.999880 4.017771 -10.223582 2.081758
-8.789391 -7.210096 -16.718559 -39.645065 26.698439 -9.477021 -0.492190 3.532404 -10.294582 3.159737
-9.195284 -7.131842 -16.191847 -40.182117 26.552334 -9.194605 -0.169949 3.250251 -10.288611 3.884192
-9.361510 -7.134603 -16.039337 -40.385841 26.480021 -9.083566 -0.004372 3.141926 -10.285786 4.131638
-8.928399 -7.360559 -16.077076 -40.152271 26.237837 -8.957427 -0.107231 3.149136 -9.801045 3.701312
-7.610256 -7.920722 -16.033411 -39.208347 25.356548 -7.955410 -0.754379 3.162402 -8.099267 2.468023
-5.270958 -8.452770 -16.046789 -37.118000 23.831793 -6.275976 -2.275815 3.491300 -4.768778 0.391387
-1.559886 -9.167440 -16.535257 -33.833260 22.592203 -3.994802 -4.000567 4.538657 -0.869524 -3.434760
0.902838 -9.305055 -17.011103 -31.092615 22.079912 -2.389945 -4.819624 5.571352 2.797596 -6.352562
2.153460 -9.681971 -16.923496 -30.310947 21.820562 -1.039166 -2.844503 4.268315 5.803962 -8.046595
3.365175 -10.723362 -17.621887 -29.395500 22.275501 0.292638 0.159966 3.118980 9.097894 -10.497874
3.188000 -10.986815 -18.291887 -28.304413 21.596834 2.746130 2.641965 3.283592 13.330194 -12.127168
2.819535 -8.938601 -18.736984 -27.223139 20.125322 5.048813 5.843096 4.320993 19.817904 -12.701198
3.037497 -6.126055 -17.443377 -27.316957 18.241043 7.286697 9.315209 2.513469 23.966282 -11.245297
2.449102 -6.241168 -14.938437 -28.434111 14.008879 12.199631 12.653330 -1.044912 26.911545 -8.086302
1.898853 -4.354312 -12.562177 -29.400190 11.760928 14.946562 15.121079 -4.933408 28.723608 -5.756377
4.229819 -2.987214 -7.599038 -29.354845 10.979022 16.441414 15.510847 -7.302849 29.822826 -2.762004
7.003704 -0.379889 -1.022224 -28.901739 11.095446 18.351818 11.997967 -9.916323 30.413019 -0.515449
7.127261 4.922471 1.556999 -25.848841 11.018749 18.907185 7.410480 -10.377610 32.002071 1.588379
6.979253 9.176261 2.735324 -22.712852 10.687548 19.359896 2.149655 -9.825034 33.323509 2.872009
5.715392 12.115583 1.866571 -18.527027 10.348042 20.186491 -2.645468 -8.895191 34.153965 3.296524
4.855079 14.342984 0.852379 -13.840885 10.337313 21.412182 -8.413893 -8.108576 35.584145 1.679779
4.798984 15.276157 -0.121020 -11.140086 9.918637 21.830521 -11.217737 -7.650720 35.831638 1.308659
4.766726 15.664986 -0.322519 -10.498779 9.698756 21.881542 -11.749940 -7.735204 35.783634 1.513869
4.856174 15.726979 -0.339857 -10.407044 9.686289 21.861588 -11.767569 -7.777275 35.828472 1.575642
5.145426 15.847545 -0.390756 -10.097363 9.619411 21.857624 -11.945205 -7.863094 35.935963 1.610304
5.647865 16.019909 -0.474749 -9.651806 9.470084 21.891323 -12.039958 -8.029332 36.167606 1.617447
6.232370 16.374273 -0.572753 -9.182582 9.282284 21.799595 -11.772919 -8.432324 36.448208 1.954485
6.822706 16.882982 -0.739136 -8.749766 8.902376 21.629837 -11.211201 -9.039146 36.681248 2.567041
7.800606 17.376999 -0.936374 -8.390150 8.291730 21.229464 -10.363029 -9.725654 36.612137 3.781779
9.032754 17.653891 -0.853589 -8.219088 7.532604 21.042290 -9.363259 -10.439972 36.588787 4.832461
10.367016 17.656855 -1.079221 -7.906154 7.109963 20.576111 -8.021393 -11.285538 36.293373 5.584410
11.911222 17.596144 -1.254069 -7.300476 6.545341 20.254393 -7.018980 -12.211774 36.055500 6.177781
13.552266 17.528139 -1.256287 -6.864945 5.993616 19.974901 -6.245846 -12.828505 36.120121 6.545959
14.917006 17.483860 -1.345689 -6.590012 5.517833 19.732225 -5.167193 -13.652681 36.161404 6.839118
16.649466 17.191303 -1.136761 -6.336603 4.920723 19.735106 -4.181798 -14.549063 36.386036 7.156833
18.593601 16.740822 -1.025841 -5.832129 4.421025 19.783083 -3.456566 -15.353478 36.598553 7.327826
20.318893 16.203115 -0.773599 -5.637210 3.912113 19.753099 -2.761481 -15.721199 36.776539 7.780516
21.722643 15.648299 -0.635904 -5.553367 3.482383 19.696365 -1.648263 -16.309805 36.871967 8.194055
22.613869 15.223759 -0.479214 -5.339312 3.083562 19.837660 -0.793106 -16.947029 36.973248 8.407383
23.530071 14.727318 -0.602322 -5.050789 2.864493 19.750097 0.011166 -17.307247 36.983353 8.458592
24.126049 14.407794 -0.551949 -5.026108 2.728304 19.720749 0.517007 -17.489716 36.942169 8.529202
24.453154 14.239659 -0.557442 -4.946324 2.661489 19.706831 0.860224 -17.654202 36.929844 8.558757
24.617796 14.162772 -0.562779 -4.969786 2.694721 19.657858 0.991587 -17.682880 36.931881 8.528761
24.688095 14.055137 -0.546160 -5.124237 2.753571 19.639664 1.172149 -17.671186 36.983772 8.451200
24.847734 13.699267 -0.282019 -5.684912 2.894819 19.670128 1.557729 -17.621820 37.045460 8.278410
24.940182 13.276562 -0.111257 -6.502020 3.245778 19.508152 2.302638 -17.497772 37.121883 8.060973
24.920506 12.528584 -0.166975 -7.705513 3.806079 19.224850 3.696753 -17.254213 37.307888 7.603073
24.644852 11.584381 -0.359881 -9.217248 4.439745 18.849380 5.232784 -16.704702 37.630543 6.937985
24.257748 10.604708 -0.341240 -11.145536 5.243076 18.350380 6.750529 -15.829862 37.987286 6.013948
23.546610 9.861812 -0.640290 -13.030704 6.173227 17.616722 8.188718 -14.755446 37.989971 5.205981
22.594683 9.047655 -1.580600 -14.436319 6.950830 17.066494 9.998387 -13.781640 38.265102 4.164788
21.419188 8.109554 -3.072614 -15.471619 7.784594 16.553652 12.178137 -12.748061 38.455868 3.082692
