-7.438975 -8.645324 -30.925137 -25.134108 1.419114 11.999169 8.098357 0.375774 -7.011012 18.696302
-5.132935 -7.733595 -28.469299 -26.881912 2.004997 10.912667 8.496080 0.735089 -8.233268 21.051447
-4.660717 -6.978374 -28.001972 -26.407972 1.650051 12.310088 9.061688 0.716975 -7.768354 22.102650
-5.915342 -5.098268 -27.855886 -24.125378 0.835008 14.078496 7.462843 0.617025 -6.529694 23.582470
-7.181576 -3.025815 -27.343426 -21.983688 0.400245 15.562105 4.656895 1.434604 -5.132459 23.907476
-8.140754 -0.319709 -27.052717 -20.674183 1.373427 15.181462 2.709373 3.233841 -4.345763 25.984009
-7.842727 1.014015 -26.997366 -19.874214 1.904575 13.514797 1.168137 4.356004 -4.699548 27.954224
-8.914374 2.254509 -28.077425 -17.509424 1.672459 12.246794 -0.537773 5.219023 -3.140708 29.909790
-9.739909 3.115961 -29.553520 -14.578084 1.266256 12.080977 -3.224711 6.421366 -2.215327 30.981604
-8.528761 5.024477 -28.096920 -11.838776 0.258515 10.997953 -4.884034 4.586170 0.719843 33.014824
-5.852612 4.994781 -29.189613 -8.051270 -1.443098 9.883529 -5.608974 1.973759 5.569065 31.491564
-4.536450 6.405071 -30.269621 -4.726520 -1.667373 9.505524 -6.880769 2.378851 9.027029 30.062216
-3.383946 7.800435 -29.018026 -4.117330 -2.690963 8.552962 -6.412537 0.879010 9.497035 32.056271
-2.404845 8.694695 -26.523653 -4.224967 -4.169817 8.209665 -7.227257 -1.604108 8.631125 34.697205
-1.439475 7.985268 -25.922770 -3.918262 -6.343982 7.573555 -7.666628 -4.132243 9.628226 34.414597
-1.188212 6.739699 -27.012583 -2.389090 -8.071019 7.092035 -9.101216 -5.371238 11.732903 32.390186
-0.481176 6.471625 -27.402056 -1.195850 -9.484545 8.422603 -9.045345 -7.077191 12.602427 31.277172
0.138597 6.805450 -27.410336 0.381379 -11.358613 8.767067 -9.352458 -9.029357 12.997689 32.059574
0.435135 6.919306 -27.790634 1.222650 -12.348721 8.501160 -9.729407 -9.656317 12.836614 32.365211
0.381124 6.903046 -27.888403 1.239324 -12.422145 8.275567 -9.745462 -9.637829 12.879472 32.292282
0.543426 6.837738 -27.992188 1.349124 -12.470737 8.284810 -9.803011 -9.628447 12.773424 32.188568
1.012609 6.672661 -28.331657 1.718765 -12.606161 8.295275 -10.013145 -9.562550 12.497577 31.853230
1.823480 6.358914 -28.875629 2.280623 -12.827081 8.290565 -10.191868 -9.490479 12.136197 31.216133
2.822459 5.964279 -29.587967 2.949654 -13.112371 8.244662 -10.229875 -9.432919 11.814718 30.321146
3.888769 5.463610 -30.314014 3.615448 -13.469460 8.164601 -10.419581 -9.337501 11.565787 28.988134
5.225928 4.804180 -31.230541 4.302171 -13.855350 7.994899 -10.601112 -9.224335 11.264386 27.120071
6.758864 4.122170 -32.201477 5.159222 -14.243311 7.915305 -10.928383 -9.111103 11.136468 24.919540
8.247417 3.573932 -33.083725 6.160314 -14.653832 7.805009 -11.612757 -8.922221 11.154353 22.815187
9.532778 3.002401 -33.896454 6.966252 -15.004249 7.645876 -12.133748 -8.786135 11.365620 20.712732
10.917189 2.192358 -34.933899 7.801115 -15.317223 7.529395 -12.767611 -8.564390 11.615180 18.108852
12.048885 1.424151 -35.877850 8.257439 -15.409015 7.342717 -13.103896 -8.251965 12.008050 15.574298
13.292403 0.775360 -36.683815 8.841315 -15.373369 7.357326 -13.724170 -7.775217 12.440637 12.965146
14.591991 0.143604 -37.345577 9.428222 -15.181461 7.246888 -14.358538 -7.105955 12.763436 10.492372
15.617295 -0.499678 -37.906063 9.825926 -15.095288 7.022825 -14.984944 -6.557822 12.881488 8.417238
16.588417 -1.143236 -38.510647 10.175081 -14.935316 6.751402 -15.574835 -5.891149 12.616597 6.669158
17.504339 -1.774549 -38.998299 10.443487 -14.782809 6.511703 -16.123592 -5.218671 12.213418 5.061596
18.095985 -2.069326 -39.291679 10.727723 -14.752117 6.400490 -16.575975 -4.868570 12.085529 4.126332
18.349648 -2.277547 -39.438549 10.771002 -14.671477 6.284356 -16.820057 -4.561909 11.982095 3.536910
18.553278 -2.464636 -39.504547 10.737654 -14.597393 6.161378 -16.851379 -4.383720 11.936879 3.058071
18.651453 -2.540123 -39.558628 10.749295 -14.538203 6.095675 -16.859917 -4.285834 11.889129 2.882128
18.251234 -2.276485 -39.316200 10.614377 -14.056923 5.889543 -17.497314 -3.596342 11.880378 3.092088
16.932798 -1.411878 -38.731884 10.239945 -13.006074 5.466444 -19.370155 -1.978026 11.846437 3.843767
14.309082 0.104697 -37.213669 8.984933 -11.874585 4.608495 -21.164286 -0.487613 11.085614 6.945034
11.827682 1.959666 -34.980591 7.409442 -10.491012 4.142744 -22.242754 0.614843 9.827033 11.675196
9.276690 3.125048 -32.421509 4.537001 -9.050886 4.368152 -20.842072 0.790230 8.606463 16.245304
4.964374 4.080805 -30.327686 1.600150 -7.730560 4.831662 -20.195021 0.945207 9.400580 19.365509
1.334307 5.597450 -28.106964 -0.339727 -6.781075 5.307319 -21.018919 1.631986 10.080665 21.453041
-0.433140 8.649748 -22.053202 -3.223091 -5.453182 7.596645 -21.930012 2.588705 5.234535 27.075905
-5.304646 11.988771 -21.186604 -2.229140 -1.987635 8.915998 -27.058908 8.709544 8.245904 25.240927
-8.101906 12.927483 -19.487930 -3.234265 -1.545310 13.174997 -32.232872 11.351186 8.424226 21.683411
-7.521255 10.293239 -14.029655 -7.068256 -3.860463 15.370010 -33.712635 6.506165 4.304554 22.571579
-6.861210 8.403222 -10.469364 -9.706342 -6.180379 16.680275 -34.291988 2.393713 2.541746 22.264219
-6.445671 7.044551 -8.885056 -11.245434 -6.896504 17.472015 -34.492878 1.082650 3.011565 19.960817
-5.301252 5.759369 -9.882071 -11.237108 -6.444237 17.552673 -33.023426 1.539068 5.138322 16.318888
-4.002679 4.028100 -11.521361 -10.631300 -6.081697 17.128712 -32.083984 1.701643 7.419559 12.639959
-2.943110 2.854732 -12.105834 -10.059410 -6.578594 16.165401 -32.764488 1.750800 8.660861 9.407329
-1.548481 1.707874 -12.042008 -10.186697 -7.290825 15.072333 -33.860939 1.506342 8.240479 7.118305
-0.934263 0.746691 -11.484925 -10.700812 -7.750044 14.943512 -34.216064 0.955751 8.070989 5.698757
-0.354731 0.051901 -11.527260 -10.998036 -7.949106 14.832235 -34.211739 0.611204 7.867885 4.839886
-0.188272 -0.153976 -11.522780 -11.115050 -8.081102 14.754107 -34.130463 0.424129 7.708413 4.763566
-0.226914 -0.168671 -11.398751 -11.228491 -8.119904 14.803514 -34.248711 0.388411 7.689200 4.735713
-0.193339 -0.328665 -11.143475 -11.500898 -8.177656 14.994661 -34.437847 0.286188 7.665250 4.441967
-0.114130 -0.705942 -10.869241 -11.990336 -8.229334 15.157758 -34.524635 0.054801 7.571294 4.059968
0.117839 -1.203400 -10.697707 -12.555829 -8.217083 15.431220 -34.377220 -0.071134 7.302313 3.573241
0.242492 -1.544847 -10.446635 -13.097784 -8.114577 15.689325 -34.386967 0.111124 6.889187 2.981315
0.313941 -2.119744 -9.857884 -13.986423 -8.003077 16.152754 -34.376419 0.182694 6.331991 2.154384
0.280977 -2.745308 -9.672174 -14.619123 -7.986795 16.323303 -34.346554 0.240958 5.666383 1.702545
-0.054835 -3.226469 -9.407070 -15.362364 -8.153783 16.441368 -34.874489 0.389589 4.548130 1.353198
-0.724784 -3.440902 -9.029126 -16.209505 -8.504219 16.617350 -35.669792 0.406947 3.648359 0.957732
-1.997495 -3.250381 -8.328600 -17.286320 -8.625662 16.966295 -36.579418 0.539778 2.807946 1.114625
-2.852975 -2.921149 -7.554123 -18.249647 -8.784000 17.524746 -37.391201 0.803064 1.940555 0.678486
-4.058511 -2.337964 -6.449321 -19.479879 -8.859144 18.251730 -38.003513 0.988922 1.121376 0.644056
-5.043666 -1.994054 -5.392924 -20.855227 -9.044864 19.222673 -38.384045 0.903940 0.363641 0.430281
-6.266801 -1.412225 -4.203678 -22.315197 -9.062398 20.409035 -38.428753 1.020109 -0.368621 0.409873
-7.339810 -1.155023 -3.014833 -24.117121 -9.162705 21.823505 -38.424511 1.098073 -1.323180 -0.475424
-8.767859 -0.961939 -1.617480 -26.171770 -9.548223 23.374498 -38.397762 1.117829 -2.217827 -1.928843
-10.319468 -0.903700 -0.024268 -28.386074 -10.128186 24.947762 -38.390221 1.016002 -2.986570 -3.827410
-11.592383 -0.786868 1.113392 -30.186953 -10.568581 26.324869 -38.171982 0.998846 -3.578494 -5.406310
-12.380791 -0.638159 1.711997 -31.101683 -10.860144 27.093416 -37.927933 1.024132 -3.828065 -6.313017
-12.568230 -0.585358 1.896569 -31.363689 -10.935037 27.331743 -37.812904 1.032663 -3.892190 -6.606144
-12.567456 -0.578255 1.893239 -31.356712 -10.927348 27.319839 -37.827732 1.033090 -3.908419 -6.598817
-12.573635 -0.567050 1.903708 -31.358662 -10.933268 27.327824 -37.839890 1.031733 -3.914470 -6.609218
-12.557912 -0.566396 1.923889 -31.360664 -10.942992 27.344847 -37.840591 1.010784 -3.922856 -6.608710
-12.551805 -0.564317 1.923815 -31.345961 -10.954391 27.353294 -37.848560 1.012189 -3.921202 -6.599092
-12.543477 -0.560489 1.936939 -31.337093 -10.963771 27.351791 -37.859291 1.000643 -3.930825 -6.591337
-12.536116 -0.559397 1.950618 -31.333988 -10.972800 27.350296 -37.870159 0.986294 -3.940617 -6.583850
-12.539682 -0.551800 1.959339 -31.336662 -10.977547 27.349087 -37.880016 0.979589 -3.953439 -6.581142
-12.542038 -0.549363 1.966910 -31.343132 -10.986297 27.348137 -37.885864 0.977131 -3.964740 -6.576822
-12.530810 -0.555805 1.978714 -31.342527 -10.996793 27.342648 -37.893120 0.966786 -3.974744 -6.570389
