-16.409149 -3.078427 -4.177187 -24.055138 -9.901268 13.159232 -39.509838 -20.126690 -3.679570 -20.165398
-16.409149 -3.078427 -4.177187 -24.055138 -9.901268 13.159232 -39.509838 -20.126690 -3.679570 -20.165398
-16.409149 -3.078427 -4.177187 -24.055138 -9.901268 13.159232 -39.509838 -20.126690 -3.679570 -20.165398
-16.409149 -3.078427 -4.177187 -24.055138 -9.901268 13.159232 -39.509838 -20.126690 -3.679570 -20.165398
-16.409149 -3.078427 -4.177187 -24.055138 -9.901268 13.159232 -39.509838 -20.126690 -3.679570 -20.165398
-13.932961 -1.511077 1.148847 -29.995577 -7.512888 12.328584 -37.062862 -21.483149 -6.929373 -16.750801
-13.753209 -1.446232 1.392723 -30.172445 -7.503183 12.267967 -36.970215 -21.454407 -7.013746 -16.533234
-13.762533 -1.441024 1.357660 -30.111977 -7.517645 12.227674 -36.999340 -21.539701 -7.002428 -16.557522
-13.764779 -1.439270 1.355280 -30.106926 -7.516613 12.222634 -37.000721 -21.547077 -6.999044 -16.561008
-13.764116 -1.439296 1.351720 -30.101238 -7.519880 12.223859 -37.000813 -21.550701 -6.996932 -16.560345
-13.763992 -1.439638 1.351377 -30.099543 -7.520660 12.226229 -37.002663 -21.553766 -6.996496 -16.561771
-13.763409 -1.438860 1.350847 -30.096397 -7.520172 12.225794 -37.003754 -21.552759 -6.994486 -16.560381
-13.763201 -1.439792 1.349710 -30.095291 -7.518958 12.223448 -37.004211 -21.555380 -6.995370 -16.562847
-13.761865 -1.440602 1.348278 -30.092178 -7.521255 12.223393 -37.007412 -21.558662 -6.996121 -16.565542
-13.762474 -1.441983 1.342341 -30.086727 -7.524415 12.224501 -37.008549 -21.557146 -6.993055 -16.569193
-13.765679 -1.444865 1.334865 -30.082308 -7.527977 12.227939 -37.013653 -21.546141 -6.985447 -16.573458
-13.764972 -1.445079 1.335765 -30.081100 -7.526533 12.225387 -37.017464 -21.549107 -6.986371 -16.574013
-13.764011 -1.443714 1.338018 -30.081390 -7.525302 12.224887 -37.016640 -21.552269 -6.988490 -16.573772
-13.761634 -1.441619 1.339456 -30.080309 -7.521766 12.224325 -37.016674 -21.557329 -6.993905 -16.573425
-13.760250 -1.440898 1.339112 -30.079762 -7.518685 12.222542 -37.014622 -21.561058 -6.998681 -16.571760
-13.763702 -1.440809 1.333454 -30.074453 -7.520180 12.223562 -37.015568 -21.561497 -6.995191 -16.574490
-13.764988 -1.442122 1.333322 -30.074457 -7.519750 12.227296 -37.014370 -21.560198 -6.993287 -16.577192
-13.764425 -1.439738 1.333562 -30.071737 -7.519410 12.226973 -37.015560 -21.560991 -6.996675 -16.575840
-13.763616 -1.440473 1.330779 -30.068014 -7.520803 12.224813 -37.018581 -21.560352 -6.995962 -16.574965
-13.766072 -1.440475 1.328909 -30.065857 -7.523014 12.228508 -37.018620 -21.563841 -6.994446 -16.576134
-13.767551 -1.441120 1.326520 -30.063845 -7.526830 12.230646 -37.021118 -21.560526 -6.992498 -16.575544
-13.768566 -1.441514 1.325810 -30.061419 -7.528521 12.234269 -37.020821 -21.559414 -6.988645 -16.576778
-13.772984 -1.443673 1.320071 -30.060253 -7.530980 12.238639 -37.019798 -21.552677 -6.982815 -16.580320
-13.772817 -1.443506 1.319455 -30.059029 -7.530931 12.237527 -37.020760 -21.552193 -6.983657 -16.580036
-13.771936 -1.442478 1.319964 -30.058201 -7.526536 12.236933 -37.021099 -21.555471 -6.984290 -16.583202
-13.772974 -1.444449 1.316132 -30.053930 -7.527156 12.241943 -37.023010 -21.554663 -6.982078 -16.587589
-13.585961 -1.506321 1.085778 -29.758017 -7.453419 12.017714 -37.158421 -21.558329 -6.915698 -16.366440
-12.881218 -1.635371 0.385492 -28.716125 -7.202617 11.373962 -37.481152 -21.546949 -6.624040 -15.713847
-11.601411 -1.728662 -0.888676 -26.754442 -6.744444 10.145908 -37.879425 -21.511715 -6.069875 -14.340610
-10.058916 -1.787905 -2.442067 -24.403873 -6.255508 8.666155 -38.047543 -21.419601 -5.360581 -12.635503
-8.703227 -1.806566 -3.785184 -22.329691 -5.802763 7.401595 -37.957947 -21.251997 -4.586490 -11.201158
-7.632876 -1.708653 -4.749832 -20.568228 -5.507121 6.477090 -38.040894 -21.133848 -3.992368 -10.140580
-6.406865 -1.810717 -5.756052 -18.975794 -5.230538 5.747003 -38.194702 -20.961527 -3.651294 -9.608612
-5.357877 -1.828589 -6.646579 -17.516117 -4.778956 5.102897 -38.180660 -20.636213 -3.301594 -9.024022
-4.188883 -1.894778 -7.692019 -16.065351 -4.255234 4.633245 -37.859829 -20.370129 -2.759230 -8.552893
-3.401860 -1.542069 -8.359708 -14.760345 -3.581739 4.439679 -37.519127 -19.912884 -2.276464 -7.744556
-2.353370 -1.252250 -9.112143 -13.670120 -2.991393 4.497504 -36.877453 -19.494919 -1.794050 -7.618289
-1.717500 -0.692881 -9.466084 -12.763904 -2.249504 4.621214 -36.236382 -19.117043 -1.162082 -6.868811
-1.319777 0.077424 -9.644279 -12.060587 -1.408893 4.914236 -35.946510 -18.759733 -0.455686 -6.000369
-1.057317 0.757562 -9.860001 -11.342505 -0.789834 5.343437 -35.813618 -18.399939 0.180399 -5.472757
-0.843339 1.453776 -10.270475 -10.461559 -0.213361 5.552766 -35.417294 -18.129068 0.862194 -4.545877
-0.848452 1.977721 -10.531567 -9.896636 0.234873 5.691970 -35.088448 -17.949179 1.436621 -3.792007
-0.870515 2.500379 -10.748299 -9.346718 0.637418 5.752945 -34.876320 -17.657701 1.876864 -3.152259
-0.786268 2.834732 -11.116561 -8.859680 0.916607 5.748902 -34.605396 -17.361423 2.083348 -2.708580
-0.743544 3.040488 -11.420536 -8.563481 1.080489 5.732351 -34.357594 -17.191917 2.178462 -2.358999
-0.701886 3.090806 -11.530535 -8.453102 1.142703 5.735102 -34.265984 -17.122173 2.205257 -2.279380
-0.793897 3.185326 -11.578541 -8.381772 1.238279 5.760367 -34.337791 -17.042740 2.341326 -2.145582
-1.235769 3.641865 -11.659622 -8.148081 1.338669 5.844885 -34.233429 -17.036097 2.583476 -1.222676
-1.570572 4.264293 -12.213509 -7.707113 1.696461 6.191714 -33.773083 -16.957899 2.868058 0.103775
-3.086134 5.440141 -12.321148 -7.344336 1.983812 6.595070 -33.147900 -16.768946 3.264864 2.688223
-3.995972 6.300492 -11.911642 -7.512327 2.376741 6.838048 -32.335884 -17.017303 2.615646 5.785247
-3.590086 7.079597 -10.215938 -7.735928 3.545168 8.414628 -31.713541 -16.910099 -0.375611 9.681878
-3.815948 7.892222 -9.408665 -7.294266 3.950971 8.780533 -31.940069 -17.466684 -2.290747 13.915085
-3.359257 8.704148 -11.697280 -5.520104 5.235887 8.560770 -31.090284 -15.494109 -3.325950 15.749181
-4.763142 11.238317 -14.790424 -3.084903 7.427739 8.319580 -31.358112 -11.667592 -1.242622 16.188805
-4.764361 13.346361 -17.878571 -1.048223 10.261292 6.852150 -30.852261 -7.379467 1.200304 14.870177
-3.475600 13.261894 -20.679274 0.690312 9.433352 6.621264 -25.932367 -8.968498 2.692114 16.061628
0.185990 11.432384 -22.191837 1.451528 6.902479 7.763730 -22.223215 -12.658844 0.031157 16.656361
4.103390 10.124548 -24.716522 3.403834 6.093952 7.299337 -21.174006 -13.245977 -1.015462 14.510680
7.610773 8.259098 -27.649881 5.492245 5.106822 7.029650 -20.553858 -13.652702 -1.867798 11.116363
11.314677 7.221986 -30.266600 8.782138 3.625535 7.029941 -21.401939 -13.673372 -1.904884 7.539403
14.065413 6.469609 -32.281036 11.534942 2.838909 7.275176 -23.323414 -13.033493 -1.544832 3.513694
17.183985 4.783743 -34.402328 13.299746 1.521074 8.359145 -22.803049 -13.770302 -2.443245 -0.156827
19.720188 3.322893 -35.518566 14.297768 0.176113 9.162426 -21.159081 -15.469240 -2.911877 -2.240334
20.765821 2.299806 -36.321823 14.343938 -0.884946 9.603503 -18.678690 -17.120926 -3.380822 -2.600494
21.062105 2.064471 -36.495838 14.401737 -1.318894 9.792236 -18.053072 -17.769318 -3.437816 -2.691116
20.968302 2.139349 -36.435040 14.398348 -1.364046 9.862435 -18.044907 -17.837841 -3.381284 -2.525609
20.786165 2.327142 -36.322681 14.438029 -1.444542 10.014097 -18.078310 -17.950979 -3.299756 -2.099103
20.543549 2.555999 -36.207573 14.432216 -1.534848 10.190509 -17.866829 -18.201933 -3.192021 -1.512219
20.023283 2.853485 -35.946976 14.225084 -1.593668 10.381899 -17.472080 -18.553373 -3.063188 -0.591785
19.261379 3.424380 -35.485264 14.112450 -1.825045 10.749440 -17.136095 -19.264854 -2.641761 0.881441
18.218410 3.918915 -35.001053 13.701129 -2.049910 11.150432 -16.560545 -19.933516 -2.441333 2.501809
17.099426 4.439825 -34.670120 13.331388 -2.257851 11.350318 -15.818691 -20.546686 -2.301184 4.407459
15.705450 5.082489 -33.933811 12.698891 -2.479768 11.656108 -15.145206 -21.347103 -2.254729 6.710955
14.401220 5.825606 -33.045933 12.146755 -2.629563 11.817922 -14.530614 -22.053499 -2.191169 9.143687
13.136015 6.619341 -32.171970 11.672621 -2.695280 11.979573 -14.233974 -22.548477 -2.079051 11.371911
11.654601 7.447520 -31.218237 10.931532 -2.505111 12.057372 -13.837320 -22.804525 -1.881524 13.583972
10.295736 8.117796 -30.343060 10.272054 -2.188053 12.058173 -13.606339 -22.927265 -1.622010 15.410121
8.720103 8.729053 -29.350748 9.315374 -1.859740 12.000839 -13.014933 -23.183090 -1.294984 17.439232
6.988911 9.480546 -28.141541 8.280342 -1.527434 12.008007 -12.617500 -23.438726 -0.936431 19.609779
5.532601 10.204169 -27.062990 7.367009 -1.126201 11.970585 -12.240957 -23.619287 -0.643898 21.604416
4.414420 10.751817 -26.180626 6.610244 -0.819859 11.995037 -12.043834 -23.747017 -0.475174 23.022854
3.445712 11.172904 -25.351595 5.918600 -0.565933 12.050913 -12.003769 -23.840405 -0.326150 24.075783
2.756780 11.520003 -24.756721 5.435555 -0.352200 12.050079 -11.942442 -23.860937 -0.163856 24.861305
2.306857 11.725333 -24.378368 5.099160 -0.233912 12.043469 -11.838611 -23.892553 -0.046481 25.355206
2.169686 11.804659 -24.264578 5.010958 -0.196989 12.035872 -11.812057 -23.895279 0.003269 25.503759
2.092031 11.860008 -24.156601 4.979180 -0.193096 12.075562 -11.841219 -23.926643 0.060587 25.582211
1.877182 12.023267 -23.849821 4.886635 -0.163438 12.155140 -12.001161 -23.952766 0.193963 25.775991
1.510059 12.232984 -23.337196 4.681001 -0.120593 12.300409 -12.185395 -24.058580 0.403756 26.083241
0.890813 12.519239 -22.646694 4.321024 0.056204 12.441511 -12.506969 -24.042137 0.614023 26.536930
-0.087342 12.891650 -21.703943 3.711383 0.325318 12.550661 -12.796384 -24.017715 0.863084 27.335499
-0.956077 13.231679 -20.619928 3.137716 0.583544 12.751369 -13.264993 -24.042717 1.167495 27.937855
-1.868308 13.590900 -19.365631 2.573818 0.777568 13.073861 -13.895564 -24.192083 1.655343 28.406631
-2.993093 14.019566 -18.198088 1.956424 1.049241 13.347198 -14.509283 -24.173759 2.101760 29.033409
-4.118041 14.400327 -17.241364 1.321254 1.344360 13.533327 -15.275677 -23.965038 2.465435 29.383286
