-11.059380 8.641207 -22.520832 -1.920659 -11.101622 10.799436 -12.245344 -10.291945 20.789413 31.084120
-12.074972 8.720288 -21.252115 -2.965793 -10.958846 10.808370 -12.627604 -10.443059 21.447662 31.038464
-12.994905 8.523902 -19.500517 -4.481993 -10.816414 10.950047 -13.324143 -10.740951 21.933670 30.652802
-13.499907 8.029041 -17.843140 -5.985488 -10.743270 10.894609 -14.087963 -11.044346 22.086496 29.937542
-13.811796 7.223668 -16.163805 -7.653476 -10.612667 10.854198 -15.171693 -11.046558 21.899845 28.539051
-12.034971 7.374284 -12.262553 -12.131850 -9.535356 9.710761 -15.370990 -10.498075 20.180874 29.831259
-11.826873 6.677893 -10.467611 -13.956006 -9.106836 10.262250 -16.100969 -10.195730 20.199892 28.197567
-11.776935 5.836149 -9.175196 -15.410851 -8.848333 10.587797 -16.990648 -9.991952 19.977982 26.077034
-11.770096 5.210485 -8.125666 -16.497335 -8.557326 11.055119 -17.862129 -9.722201 19.788563 24.469122
-11.938218 4.318341 -6.912654 -17.992367 -8.387086 11.472087 -18.989258 -9.402307 19.257900 22.380505
-11.855438 3.589024 -6.063700 -19.071423 -8.052629 11.718997 -19.972244 -8.870755 18.710129 20.612297
-11.919753 3.080938 -5.104968 -20.336805 -7.883283 11.869380 -20.674206 -8.545680 18.187817 19.111712
-12.001129 2.810458 -4.426621 -21.435106 -7.592401 11.924378 -21.270065 -7.914994 17.766026 17.654148
-12.404096 2.859941 -3.826758 -22.504950 -7.271370 11.985468 -21.884743 -7.243934 17.447044 16.730511
-12.737673 2.806101 -3.268067 -23.412964 -6.977875 11.937763 -22.239611 -6.649465 17.193733 15.868854
-13.087616 2.623023 -2.922435 -24.593964 -6.683083 11.712263 -22.591404 -5.940816 16.817476 14.536871
-13.884716 2.567456 -2.252923 -26.110008 -6.587363 11.435948 -22.529238 -5.606765 16.458817 13.837609
-14.494546 2.510280 -1.844065 -27.565071 -6.355961 11.203807 -22.281757 -5.078214 16.013351 13.013172
-15.233167 2.528491 -1.439810 -29.035107 -5.969479 10.862336 -21.910326 -4.411705 15.509769 12.330146
-15.949423 2.602659 -1.038384 -30.309174 -5.640599 10.534287 -21.570347 -3.909301 15.105319 11.967839
-16.658653 2.578316 -0.627018 -31.598862 -5.412763 10.280640 -21.249743 -3.617564 14.825806 11.654357
-17.223322 2.549560 -0.323086 -32.765747 -5.239782 10.082860 -21.126301 -3.327308 14.560033 11.226682
-17.756294 2.507667 0.090486 -33.835949 -5.167542 10.068020 -21.040394 -3.142448 14.327111 10.711404
-18.242395 2.468363 0.553673 -34.929977 -5.018580 10.148344 -20.655907 -2.985424 14.082675 10.189044
-18.620989 2.376444 0.952491 -35.797577 -4.996967 10.269099 -20.399015 -2.858356 13.786477 9.549907
-18.861193 2.267616 1.225233 -36.544338 -5.025985 10.326036 -20.086391 -2.721055 13.447071 8.909049
-19.099045 2.165209 1.465953 -37.201462 -5.099044 10.423022 -19.829050 -2.598302 13.102347 8.319664
-19.261681 2.121420 1.625607 -37.623882 -5.180690 10.519661 -19.542570 -2.524065 12.874434 7.925273
-19.342728 2.111610 1.701772 -37.861439 -5.203656 10.569273 -19.391073 -2.428437 12.735800 7.668628
-19.360870 2.092404 1.698206 -37.998875 -5.175598 10.522199 -19.188616 -2.361433 12.651695 7.578815
-19.353220 2.076266 1.701005 -38.026737 -5.181190 10.530576 -19.123180 -2.344798 12.624163 7.525013
-19.356749 2.097641 1.709971 -38.036343 -5.128066 10.468074 -19.130508 -2.366747 12.687043 7.632414
-19.312836 2.129659 1.644731 -37.969234 -4.980772 10.241555 -19.012873 -2.466690 12.887219 8.051597
-19.123102 2.223341 1.435229 -37.691429 -4.685116 9.800032 -18.770424 -2.563562 13.269619 8.827496
-18.902834 2.351132 1.163970 -37.317123 -4.313514 9.287747 -18.346382 -2.714710 13.793750 9.881138
-18.622980 2.521470 0.847919 -36.722347 -4.039328 8.800894 -17.993153 -2.889576 14.307984 11.030939
-18.242167 2.725591 0.417423 -35.905910 -3.795661 8.226600 -17.425203 -3.165183 14.894924 12.375333
-17.863947 2.932188 0.059615 -35.301010 -3.489680 7.804757 -16.537468 -3.372180 15.440339 13.502974
-17.513514 3.207358 -0.196994 -34.698582 -3.260419 7.459514 -15.649037 -3.616973 15.924851 14.620158
-17.297049 3.435524 -0.367395 -34.300167 -3.042865 7.197998 -14.992893 -3.951303 16.511436 15.689723
-17.027653 3.655766 -0.651474 -33.606152 -2.863863 6.847446 -14.426500 -4.375479 17.123907 17.032125
-16.882341 3.852125 -0.803203 -33.028309 -2.718087 6.587441 -14.063881 -4.727907 17.603554 18.129284
-16.650116 4.060618 -1.110685 -32.371490 -2.473347 6.256784 -13.601924 -5.013079 18.065252 19.346939
-16.519039 4.327186 -1.342686 -31.679993 -2.226806 5.898554 -13.108732 -5.359848 18.532242 20.821341
-16.496435 4.522088 -1.582284 -31.295237 -2.111320 5.629040 -12.546159 -5.762445 18.867937 22.059845
-16.465622 4.737320 -1.913288 -30.928892 -1.957545 5.312232 -11.923807 -6.008685 19.090673 23.224600
-16.406815 4.897641 -2.227293 -30.563997 -1.840791 4.975761 -11.486023 -6.146970 19.246435 24.069696
-16.294149 4.965154 -2.577450 -30.259653 -1.728283 4.694765 -11.057116 -6.174645 19.301968 24.622452
-16.185083 5.032471 -2.897402 -29.988733 -1.630951 4.423452 -10.649004 -6.176135 19.354830 25.121973
-16.107121 5.102153 -3.112310 -29.782831 -1.568420 4.238862 -10.412885 -6.156637 19.389118 25.474977
-16.078234 5.113052 -3.181847 -29.721012 -1.551312 4.192814 -10.339287 -6.158038 19.400187 25.569170
-15.985919 5.305847 -3.317158 -29.411787 -1.524831 4.034294 -10.577741 -6.008440 19.442158 25.738186
-15.716873 5.951410 -3.894134 -28.350674 -1.389812 3.459738 -11.280093 -5.469296 19.577623 26.375782
-15.713718 7.004139 -4.324207 -27.082489 -1.185008 2.676938 -12.675858 -4.678786 19.811172 27.282341
-15.231232 8.241034 -5.537014 -25.079054 -0.982565 1.623379 -14.580095 -3.224351 19.777159 27.988440
-15.039615 9.705214 -6.357143 -22.772673 -1.108036 1.075571 -17.295073 -2.026300 19.482788 29.171661
-14.323632 10.462910 -7.674510 -20.145758 -1.309141 1.094035 -20.113768 -0.591967 18.559937 29.213684
-13.467802 11.431841 -9.365551 -16.375950 -2.058340 2.150391 -23.208025 0.364313 17.239925 30.050220
-11.352680 11.685850 -12.246407 -11.823588 -0.684792 5.233137 -26.255491 3.631424 14.489132 29.785715
-8.139503 10.580159 -16.154539 -7.652030 -0.291620 6.494847 -27.948601 5.985343 12.155491 27.584364
-4.432642 8.701858 -19.226877 -5.101878 0.011140 7.665643 -29.027512 7.881824 8.204161 24.911186
-1.731301 6.280983 -22.193907 -3.336403 -0.233361 9.915195 -29.508652 9.070850 3.478357 23.257416
1.253008 3.572305 -24.216225 -2.804226 -0.307446 13.391046 -27.752628 9.146935 -2.009490 21.918297
3.163892 1.370680 -26.505676 -2.842885 -1.260113 15.145694 -24.544973 8.066400 -5.439000 21.402992
5.501230 0.173149 -27.663120 -3.215755 -1.062149 14.993731 -21.266731 7.448733 -9.521925 23.120197
6.858775 -0.828549 -31.659653 -2.739942 -1.348906 14.339339 -17.724384 7.761125 -10.730043 21.851271
8.096730 -1.369291 -34.175247 -2.981022 -1.169469 12.827046 -14.744086 8.088465 -11.513623 21.231821
9.644585 -2.351655 -36.842060 -3.138210 -1.323202 10.246058 -12.203828 8.429430 -12.293050 20.143349
10.948375 -2.459032 -38.909924 -3.203560 -0.884049 7.650253 -10.437654 9.448124 -12.188663 18.885872
11.232940 -2.607773 -39.760864 -3.488943 -0.935982 6.569468 -9.536481 9.747691 -12.419013 18.636824
11.267714 -2.553814 -39.937229 -3.595920 -0.978099 6.226701 -9.213473 9.754889 -12.468280 18.785324
11.130575 -2.534754 -39.902889 -3.692448 -0.941349 6.261830 -9.152243 9.770582 -12.479510 18.929480
10.813465 -2.540281 -39.793297 -3.967887 -0.828215 6.341619 -8.991170 9.796638 -12.512661 19.220451
10.398851 -2.478575 -39.669617 -4.228519 -0.659903 6.477089 -8.806705 9.810608 -12.493555 19.672726
9.863328 -2.265982 -39.506634 -4.435604 -0.443463 6.687164 -8.572415 9.793047 -12.379041 20.386055
9.085224 -1.823877 -39.186558 -4.735804 -0.089151 7.054540 -8.158757 9.760430 -12.106639 21.428549
7.861052 -1.365320 -38.640530 -5.291017 0.318955 7.486321 -7.727281 9.668261 -11.590915 22.387476
6.219388 -0.519075 -37.614979 -5.983750 1.016846 7.964632 -7.545863 9.717332 -11.191936 24.085510
5.199266 0.000825 -36.796574 -6.496172 1.493321 8.315639 -7.185250 9.695972 -10.593518 25.099796
3.849465 0.423763 -35.711159 -7.368801 1.898903 8.570122 -6.936239 9.670852 -10.149432 26.202370
2.289051 1.008192 -34.781891 -8.138015 2.219017 8.711845 -6.586199 9.556799 -9.590650 27.705112
0.957835 1.258375 -33.859470 -9.218362 2.568829 8.775434 -5.939384 9.459988 -9.175643 28.825832
-0.342911 1.642081 -32.949688 -10.067488 3.143887 9.024177 -5.567845 9.482347 -8.768216 29.893002
-1.826153 2.036880 -31.767651 -11.155436 3.696518 9.149119 -5.470325 9.573780 -8.459863 31.002584
-3.502811 2.496764 -30.614580 -12.353731 4.170230 9.190501 -5.371056 9.577905 -8.199172 32.186279
-5.010477 2.899353 -29.638037 -13.398569 4.487514 9.137010 -5.284559 9.410005 -7.862717 33.239342
-6.130736 3.274240 -28.947071 -14.173693 4.766000 9.003788 -5.163582 9.315828 -7.453531 34.034264
-7.065881 3.529774 -28.370104 -14.849471 4.973792 8.841021 -5.112224 9.254106 -7.172901 34.640663
-7.748600 3.671549 -27.969549 -15.324867 5.089601 8.818033 -5.074743 9.181750 -7.005416 35.012947
-8.128148 3.775026 -27.696693 -15.600575 5.125071 8.799367 -5.023434 9.066710 -6.856600 35.269470
-8.254554 3.801847 -27.589392 -15.701544 5.116812 8.816522 -5.008004 9.010363 -6.807874 35.366005
-8.202063 3.770970 -27.721220 -15.693547 5.149357 8.753844 -4.889135 9.042387 -6.871464 35.350830
-7.949755 3.658904 -28.174641 -15.599272 5.215406 8.561905 -4.494414 9.094619 -7.007489 35.211098
-7.478757 3.460731 -28.751194 -15.481048 5.271428 8.353292 -3.878441 9.096788 -7.277854 35.025757
-6.789394 3.250330 -29.604177 -15.096075 5.346479 8.127232 -3.119292 9.155334 -7.527274 34.706490
-5.873425 2.961498 -31.032578 -14.499147 5.430330 7.567205 -2.025820 9.293062 -7.835440 34.228001
-4.332633 2.512530 -32.719212 -13.763918 5.263940 6.796133 -0.409365 8.999115 -7.718367 33.442009
-2.706110 1.983509 -34.303177 -12.992326 4.861701 6.037564 0.918573 8.674742 -7.827893 32.471291
-0.851689 1.454271 -35.775208 -12.206623 4.398956 5.047240 1.942685 8.290692 -7.946445 31.194437
1.000010 0.963691 -37.849689 -11.234642 3.707910 3.472131 3.256609 7.781624 -8.051158 29.833891
