-0.748334 -1.617997 -43.331726 -7.965234 -1.715104 3.969085 4.476088 4.591054 -2.845268 22.163748
0.274620 -2.210449 -44.766460 -8.152225 -2.512509 0.744119 5.005993 4.611335 -2.454696 20.389801
1.046726 -2.405959 -46.514523 -8.323923 -2.928666 -2.160307 6.197127 5.298341 -0.917712 17.755701
0.800886 -2.204659 -47.709587 -9.048856 -3.557989 -5.236433 7.713955 5.348495 1.228414 16.164392
0.020675 -1.083701 -48.098099 -9.954319 -3.703512 -8.322395 9.437176 5.629823 4.684084 15.374042
0.544519 1.015085 -45.843819 -13.124914 -2.248057 -13.082520 12.283104 6.586574 7.222495 17.811869
-1.061335 2.535214 -43.675205 -15.113216 -0.994945 -15.357864 13.796059 6.708971 10.204516 19.326229
-2.660301 3.641588 -41.311333 -17.306927 0.609847 -17.444744 15.818433 5.859046 12.818246 21.442575
-3.717598 3.556037 -38.539120 -20.016392 2.026743 -18.633955 17.992336 4.196715 14.209346 23.177238
-3.034549 3.490515 -35.814373 -22.072399 3.642839 -19.177399 20.300798 2.518476 15.401870 24.263893
-1.252736 3.097769 -33.214161 -23.059071 4.462885 -18.780165 21.563389 0.920633 16.836613 23.848082
0.260755 2.973635 -30.759615 -24.041283 5.158776 -18.099487 22.565248 -0.580250 18.563061 22.888561
1.916103 2.944452 -28.958548 -23.973438 5.770183 -17.065828 22.501129 -0.797668 21.726183 20.555302
1.851056 3.895428 -27.870043 -22.727573 5.881917 -15.228168 21.588028 -1.205515 24.610172 18.659380
1.410403 4.824697 -26.759047 -21.511911 5.794291 -12.846013 20.600580 -1.747725 27.869263 17.003754
1.576897 5.702637 -26.103718 -20.206894 4.946536 -10.849942 19.598618 -2.449418 30.062651 15.734492
1.955577 6.304013 -24.192728 -20.309168 3.845841 -9.082519 19.290779 -4.311366 31.442999 15.469555
2.493123 6.687551 -21.573170 -20.471432 1.752381 -6.491871 18.874462 -6.585824 32.671207 16.407742
4.171801 6.482290 -19.435659 -20.788483 -0.120497 -4.176517 18.828451 -7.913343 33.145489 16.724983
5.531643 6.447718 -16.005547 -22.100941 -2.313646 -1.716930 18.626991 -9.792589 33.703835 17.323097
7.509491 5.926596 -12.642313 -23.348591 -4.386807 0.504685 18.299606 -11.190332 34.241985 17.335430
10.161075 5.707232 -9.734939 -23.609159 -6.090332 2.454175 17.058420 -12.196256 35.034657 17.148987
12.517327 5.954007 -7.130543 -23.256960 -7.375367 4.019859 15.163852 -13.076617 35.853085 17.399586
14.760023 6.598138 -5.420889 -21.621275 -8.693326 5.662685 12.855687 -13.519821 37.256878 16.936623
16.598116 7.278268 -4.286126 -19.345379 -9.784202 7.010204 10.125603 -13.894560 38.453159 16.522606
17.789619 8.064063 -3.852315 -16.768160 -11.004116 8.289156 7.702766 -14.352785 39.381351 16.635170
18.692593 8.780206 -3.564716 -14.673271 -11.971858 9.163982 5.670311 -14.969289 39.630093 16.767191
19.581371 9.698330 -3.309322 -12.840055 -12.936809 9.703209 4.015174 -15.404362 39.957073 17.206379
19.859564 10.162981 -3.287907 -11.639455 -13.523334 10.101213 2.766925 -15.446078 40.075924 17.265839
19.955309 10.389617 -3.436310 -10.867575 -13.759010 10.268924 2.057153 -15.399877 40.109928 17.216536
20.068832 10.458735 -3.539692 -10.570115 -13.827758 10.277462 1.862664 -15.376616 40.152714 17.186539
19.943787 10.525706 -3.515828 -10.553582 -13.834574 10.326821 1.717300 -15.348845 40.155609 17.173176
19.684095 10.666756 -3.466220 -10.653779 -13.710452 10.365970 1.369418 -15.195352 40.193890 17.045610
19.182552 10.933874 -3.419643 -10.738840 -13.528296 10.424621 0.893898 -15.022052 40.246357 16.905003
18.288279 11.352251 -3.280142 -11.004057 -13.180483 10.554306 0.159822 -14.747828 40.260929 16.699015
17.360703 11.691418 -3.431059 -11.191783 -12.673266 10.492186 -0.624802 -14.220844 40.216362 16.351254
16.050873 12.116069 -3.452505 -11.423793 -12.140941 10.486170 -1.693263 -13.717530 39.985920 16.037357
14.573668 12.509887 -3.482772 -11.838309 -11.481815 10.397527 -2.587310 -13.182853 39.725025 15.685641
13.088412 12.998099 -3.264001 -12.393406 -10.743498 10.257243 -3.667610 -12.586710 39.431545 15.298909
11.835071 13.361506 -3.144797 -12.690271 -10.032774 10.156519 -4.914758 -11.892355 39.121540 14.813766
10.450362 13.683442 -3.010790 -12.781886 -9.413424 10.326757 -6.282277 -11.243471 39.002708 14.378493
8.990744 13.964330 -2.876237 -13.150423 -8.769347 10.491533 -7.240221 -10.784377 38.872940 13.875132
7.517306 14.193619 -2.645816 -13.720766 -8.079251 10.610020 -8.423981 -10.027501 38.758316 13.304461
6.191511 14.326520 -2.402512 -14.119559 -7.649071 10.853751 -9.704529 -9.394552 38.615749 12.823019
5.083733 14.291633 -2.312380 -14.451936 -7.061220 10.873049 -10.592934 -8.828212 38.425362 12.177100
3.967605 14.094061 -2.098903 -14.968467 -6.518647 10.915390 -11.330445 -8.242202 38.105007 11.508965
3.220710 13.841521 -2.045721 -15.292429 -6.172383 10.969953 -11.707339 -7.820259 37.900326 11.076717
2.602757 13.641212 -1.883712 -15.722733 -5.960717 11.041274 -11.994906 -7.573574 37.678089 10.754784
2.077897 13.529954 -1.782144 -16.140530 -5.785559 11.011249 -11.917858 -7.495825 37.464970 10.724692
1.750571 13.436370 -1.700477 -16.448420 -5.651256 10.979194 -11.827574 -7.424846 37.324352 10.673347
1.659098 13.384057 -1.664928 -16.544773 -5.619527 10.977451 -11.829618 -7.390826 37.247231 10.633691
1.560818 12.993957 -1.670075 -17.131737 -5.436214 10.933074 -11.160406 -7.263479 37.278507 10.476588
1.242121 11.755406 -1.126855 -19.736574 -5.013954 10.628346 -8.319793 -7.488196 36.943222 10.730124
2.142897 9.564974 -0.604029 -23.777805 -4.948490 9.846907 -2.602603 -8.212588 36.394669 11.703354
3.272064 6.710757 -0.272230 -27.615864 -4.600468 9.042654 2.375050 -8.582306 36.090328 11.328384
4.356209 2.547312 -1.044855 -30.583830 -3.435280 8.132387 7.153069 -8.554242 34.841133 9.488904
4.155444 -1.742576 -3.444678 -32.983410 -2.112900 6.987818 11.215833 -8.293017 33.022900 7.297388
2.163343 -4.091182 -7.807822 -33.450634 -0.066172 4.917655 13.118866 -6.880710 31.997520 4.345175
0.911691 -6.336198 -11.183606 -33.488907 2.436047 3.377633 12.344101 -5.063959 30.366571 0.025958
0.796139 -8.489779 -14.084817 -32.216747 5.724443 1.066634 10.168425 -2.953397 27.815235 -4.389262
0.353452 -9.785816 -17.108940 -30.488979 7.964848 -1.050847 6.885208 1.247321 26.439850 -8.138673
-1.212006 -12.206043 -19.471052 -30.045481 10.600850 -3.370126 3.319861 2.346208 22.234282 -10.784898
-2.018089 -13.571553 -19.511066 -30.845114 11.268395 -4.561727 0.152624 1.834549 16.895325 -9.323573
-1.906556 -13.365023 -19.475771 -31.344080 12.477853 -6.779482 -2.646568 2.351276 12.907117 -8.334823
-2.516748 -13.928975 -19.404783 -32.032143 12.420806 -7.719506 -5.614507 4.519157 10.161267 -7.407115
-3.721464 -14.455940 -20.128477 -32.835564 12.556253 -8.975107 -7.466034 6.318994 7.720853 -6.763708
-6.725273 -14.228386 -20.492378 -35.034943 13.133701 -10.918209 -6.762993 5.536456 4.292020 -4.066628
-10.391436 -13.474728 -19.930290 -38.279083 14.044603 -13.017511 -5.061648 5.248567 0.833100 0.269308
-12.810533 -12.994488 -19.944096 -40.141380 14.892128 -13.940558 -3.542644 5.327714 -2.230459 2.630632
-13.944360 -12.664812 -19.854755 -41.168549 15.245381 -14.559049 -2.630304 5.500853 -3.956695 4.199791
-14.234118 -12.479452 -19.729523 -41.377903 15.388996 -14.521590 -2.394674 5.417197 -4.482658 4.718493
-14.042331 -12.496403 -19.870325 -41.156681 15.402454 -14.591122 -2.534322 5.493354 -4.424353 4.500308
-13.593897 -12.584266 -20.326067 -40.592560 15.405469 -14.775374 -2.791381 5.583933 -4.322133 3.877293
-12.873323 -12.721647 -21.169893 -39.608871 15.371350 -14.990487 -3.258574 5.879450 -4.044427 2.801420
-12.032302 -12.878828 -22.324121 -38.312504 15.551742 -15.417861 -4.194541 6.548451 -3.556338 1.326297
-10.901199 -13.020061 -23.928272 -36.465981 15.677552 -15.826608 -5.356005 7.485742 -2.966604 -0.323581
-9.617672 -13.282425 -25.136482 -34.624809 15.556564 -15.807670 -6.666875 8.412106 -2.022754 -2.111491
-8.605079 -13.704785 -26.965361 -32.686245 15.588527 -16.024797 -8.201683 9.755567 -1.101313 -4.497659
-7.622137 -14.024457 -28.518753 -30.626162 15.714093 -15.767104 -10.106441 11.008637 -0.669042 -6.738920
-7.256417 -14.027369 -29.617426 -28.955624 16.002205 -15.489636 -11.366465 12.031707 0.026699 -8.020383
-6.650286 -13.755609 -30.599976 -27.131052 16.290096 -15.476695 -12.683395 12.961915 0.953453 -9.019649
-5.857925 -13.325438 -31.160259 -25.233240 16.489172 -15.286427 -14.363367 13.565627 1.501794 -9.944127
-6.015355 -12.266850 -31.592922 -23.561306 16.707359 -15.338477 -16.262041 14.317238 2.068154 -10.321650
-6.291770 -11.370742 -32.281273 -22.189837 16.852188 -15.477041 -18.096537 15.621713 2.768776 -10.710575
-7.430097 -9.971702 -32.676033 -20.869745 16.950445 -15.556973 -20.356447 17.031275 3.584295 -10.729967
-8.657935 -8.571228 -32.796417 -19.715982 16.688856 -15.283628 -22.507236 18.253775 4.345953 -10.379094
-10.045929 -7.263832 -33.132607 -18.726614 16.521837 -15.216285 -24.478622 19.809731 5.107965 -9.900169
-11.084258 -6.251205 -33.433662 -18.042120 16.514221 -15.342388 -26.027384 21.030191 5.652773 -9.633587
-11.696430 -5.503526 -33.688782 -17.462324 16.401672 -15.292864 -26.907085 21.779322 6.120787 -9.382119
-11.975596 -5.045893 -33.784790 -17.060307 16.241812 -15.146522 -27.324823 22.065449 6.460509 -9.160534
-12.038758 -4.908322 -33.745777 -16.992319 16.181778 -15.099804 -27.447872 22.148533 6.542819 -9.071343
-12.040128 -4.907801 -33.747753 -16.991781 16.180872 -15.099133 -27.448421 22.148090 6.544966 -9.072598
-12.036325 -4.906630 -33.743969 -16.991043 16.184464 -15.088909 -27.447109 22.149292 6.542677 -9.075080
-12.036598 -4.906500 -33.743488 -16.991404 16.181919 -15.089209 -27.447584 22.149391 6.541864 -9.074077
-12.039579 -4.908415 -33.746784 -16.991640 16.177790 -15.093554 -27.447258 22.145897 6.546809 -9.076495
-12.038751 -4.905276 -33.742474 -16.991497 16.178116 -15.094238 -27.446993 22.146255 6.546162 -9.070699
-12.039971 -4.904060 -33.743538 -16.991350 16.178055 -15.092927 -27.446823 22.147264 6.547691 -9.073458
-12.040544 -4.904433 -33.742237 -16.991434 16.177420 -15.090940 -27.448460 22.144470 6.549061 -9.075953
-12.041600 -4.905309 -33.743145 -16.991167 16.173676 -15.095358 -27.450647 22.141712 6.547691 -9.073873
-12.042724 -4.905565 -33.744831 -16.990961 16.171814 -15.096807 -27.451477 22.141264 6.548439 -9.075551
