-8.244902 -4.400961 -30.944593 -21.224279 11.378744 7.328991 7.520947 -13.770789 -13.965205 12.092407
-5.689284 -2.359588 -27.674511 -23.419683 12.610865 5.442522 8.277966 -15.193051 -16.359982 14.757927
-5.217530 -1.504671 -27.171755 -22.937099 12.591297 6.539227 8.825619 -15.411651 -16.230040 15.789094
-6.305734 0.287331 -26.849691 -20.760715 11.739478 8.330753 7.228686 -15.637904 -15.126903 17.314913
-7.437050 2.370352 -26.097818 -18.717402 11.271568 9.777654 4.400237 -15.042490 -13.939424 17.782551
-8.275635 5.131849 -25.611946 -17.458345 12.312618 9.300483 2.345119 -13.401475 -13.292460 19.872028
-7.941181 6.510399 -25.454222 -16.591856 12.954368 7.681032 0.726987 -12.466459 -13.668521 21.753387
-9.235497 7.833677 -26.617136 -14.114038 12.847750 6.328031 -1.078369 -11.631179 -12.206061 23.713419
-10.093152 8.734037 -28.161287 -11.007380 12.755198 6.061340 -3.805979 -10.635348 -11.305684 24.417274
-8.806397 10.624456 -26.782084 -8.148602 11.922281 5.087194 -5.428085 -12.505403 -8.311494 26.114807
-6.134609 10.604057 -27.905052 -4.293473 10.352894 4.022943 -6.129742 -15.126195 -3.464458 24.451315
-4.883843 12.037194 -29.034590 -0.899985 10.228820 3.698560 -7.368262 -14.721300 0.111504 22.915306
-3.725727 13.462858 -27.818781 -0.239975 9.336648 2.758992 -6.885108 -16.179970 0.602722 24.818247
-2.727087 14.404309 -25.375399 -0.285514 7.975711 2.495473 -7.663307 -18.536486 -0.216080 27.363903
-1.722375 13.736968 -24.713873 0.055209 5.879911 1.967562 -8.150183 -21.001175 0.695996 27.075953
-1.401561 12.502423 -25.801989 1.582981 4.220562 1.513301 -9.515864 -22.274193 2.786528 25.008484
-0.673357 12.252295 -26.242496 2.797843 2.872154 2.917009 -9.400187 -23.982927 3.697670 23.879494
-0.049553 12.587931 -26.240057 4.379405 0.991936 3.291707 -9.687117 -25.955618 4.122017 24.685524
0.266895 12.709272 -26.618677 5.239626 0.002436 3.078159 -10.037876 -26.567678 3.982357 25.010988
0.218382 12.700642 -26.719030 5.266247 -0.073674 2.854574 -10.043791 -26.546219 4.030031 24.953739
0.381278 12.638329 -26.823027 5.377830 -0.113408 2.872042 -10.103146 -26.532949 3.922666 24.842964
0.839862 12.478161 -27.170494 5.746177 -0.248643 2.860126 -10.311631 -26.483250 3.644673 24.500984
1.633814 12.152037 -27.713106 6.288499 -0.488216 2.837621 -10.499974 -26.418810 3.284171 23.836401
2.651115 11.749155 -28.406435 6.942048 -0.768345 2.786878 -10.527321 -26.371637 2.937786 22.952847
3.718046 11.250998 -29.131044 7.605938 -1.125194 2.691483 -10.718630 -26.263119 2.690077 21.640709
5.075060 10.578885 -30.043442 8.291132 -1.510903 2.519983 -10.894734 -26.136181 2.378827 19.792603
6.616363 9.900407 -31.014120 9.139538 -1.858775 2.447390 -11.194212 -26.008453 2.248400 17.590500
8.073634 9.348454 -31.921936 10.152864 -2.304180 2.300771 -11.894190 -25.826111 2.289804 15.472572
9.335866 8.776487 -32.762604 10.970110 -2.675750 2.136841 -12.420591 -25.678328 2.512983 13.366182
10.691144 7.960217 -33.802189 11.805755 -2.976854 2.021886 -13.084518 -25.455359 2.756430 10.757672
11.831528 7.191170 -34.757069 12.301669 -3.060057 1.885917 -13.422261 -25.173901 3.153402 8.181386
13.078016 6.545293 -35.589302 12.901038 -3.010195 1.910695 -14.029592 -24.701801 3.611542 5.536967
14.378294 5.912207 -36.253700 13.496345 -2.792559 1.801743 -14.683971 -24.017778 3.907724 3.074760
15.389997 5.263812 -36.813000 13.884559 -2.707155 1.565368 -15.315429 -23.472935 4.019657 0.984924
16.349251 4.613722 -37.421158 14.230129 -2.559146 1.286292 -15.918074 -22.794857 3.748760 -0.761951
17.273563 3.977503 -37.910938 14.492967 -2.413628 1.046206 -16.457638 -22.109148 3.341264 -2.357981
17.858219 3.689360 -38.226498 14.768002 -2.374417 0.935666 -16.885914 -21.724199 3.196849 -3.290780
18.110830 3.484516 -38.382057 14.807086 -2.302618 0.795888 -17.129797 -21.395098 3.094732 -3.874807
18.319040 3.295197 -38.451305 14.772492 -2.247012 0.671899 -17.149641 -21.201086 3.059180 -4.339782
18.428501 3.209011 -38.495899 14.775836 -2.198821 0.617985 -17.156294 -21.080338 3.020835 -4.507167
18.022913 3.462418 -38.252644 14.636651 -1.743421 0.417151 -17.798717 -20.370970 3.032418 -4.291237
16.709232 4.330667 -37.662651 14.263643 -0.674766 0.018259 -19.664671 -18.750347 3.001828 -3.534820
14.069749 5.851097 -36.141758 13.013874 0.456358 -0.847626 -21.473721 -17.259007 2.255847 -0.437793
11.611455 7.700698 -33.785301 11.368656 1.825770 -1.414892 -22.600368 -16.242811 0.942812 4.356891
9.059465 8.886244 -31.236149 8.499786 3.306142 -1.165006 -21.202778 -16.062330 -0.300438 8.899877
4.747290 9.860354 -29.184145 5.602549 4.651919 -0.713025 -20.549210 -15.931967 0.489399 12.011184
1.084496 11.374495 -26.915415 3.660553 5.540652 -0.271588 -21.424051 -15.306395 1.135057 14.104607
-0.722859 14.230885 -20.943996 0.760851 6.727004 1.750519 -22.403015 -14.508089 -3.558821 19.738565
-5.516618 17.352970 -20.055103 1.625904 10.073567 3.017328 -27.583141 -8.654444 -0.614487 17.792530
-8.208906 18.243126 -18.340816 0.702634 10.534512 7.120137 -32.683723 -6.124343 -0.475000 14.374270
-7.710419 15.647455 -12.958559 -3.102810 8.231474 9.314303 -34.165936 -10.842027 -4.528290 15.179498
-7.036202 13.753939 -9.412980 -5.694317 5.883769 10.613976 -34.726532 -14.956443 -6.250337 14.864419
-6.630158 12.451175 -7.859925 -7.224568 5.161477 11.427394 -34.949230 -16.247482 -5.727161 12.580867
-5.433304 11.157382 -8.792739 -7.223213 5.571008 11.606113 -33.508751 -15.867421 -3.617187 8.930824
-4.157204 9.444060 -10.423415 -6.639985 5.888193 11.180099 -32.631634 -15.684735 -1.310843 5.294003
-3.127561 8.302852 -10.985095 -6.084296 5.367246 10.262552 -33.321358 -15.596369 -0.062952 2.066401
-1.756545 7.147744 -10.882176 -6.266279 4.609597 9.187681 -34.417217 -15.835727 -0.492487 -0.204011
-1.163372 6.195941 -10.332793 -6.769429 4.121640 9.070320 -34.774918 -16.341192 -0.645745 -1.637609
-0.588280 5.505397 -10.361412 -7.067021 3.890685 8.926955 -34.774590 -16.691055 -0.860760 -2.470834
-0.428140 5.319094 -10.352009 -7.185129 3.762197 8.825356 -34.689583 -16.863367 -1.036760 -2.521940
-0.462252 5.302613 -10.221631 -7.318053 3.739819 8.847444 -34.804279 -16.905672 -1.089058 -2.544753
-0.431144 5.142160 -9.975889 -7.594951 3.719964 9.006648 -34.994465 -17.002377 -1.147244 -2.848778
-0.362481 4.776080 -9.697938 -8.087420 3.695269 9.151684 -35.101624 -17.234558 -1.267891 -3.263210
-0.152081 4.284478 -9.549446 -8.643690 3.732575 9.402390 -34.959606 -17.362602 -1.549909 -3.785613
-0.057499 3.952286 -9.319854 -9.189346 3.851172 9.639481 -34.984821 -17.174036 -1.981621 -4.397205
-0.004910 3.382257 -8.757561 -10.071329 3.970575 10.078193 -34.977749 -17.091187 -2.549508 -5.222032
-0.045324 2.753307 -8.577077 -10.693919 3.975723 10.231574 -34.960949 -17.026731 -3.214396 -5.681727
-0.403815 2.286089 -8.300037 -11.419197 3.784969 10.350361 -35.477108 -16.881653 -4.306915 -6.042367
-1.092420 2.074309 -7.933640 -12.280239 3.446872 10.530366 -36.269249 -16.844219 -5.212730 -6.444018
-2.363655 2.273662 -7.221197 -13.371634 3.347402 10.922342 -37.142601 -16.688904 -6.040796 -6.300651
-3.201403 2.586843 -6.451325 -14.341752 3.204762 11.498425 -37.916710 -16.435383 -6.899362 -6.761067
-4.433263 3.185186 -5.342287 -15.595076 3.141242 12.240771 -38.520588 -16.236912 -7.700939 -6.814609
-5.373640 3.515818 -4.305282 -16.932959 2.971012 13.201509 -38.888275 -16.330608 -8.451560 -7.029609
-6.595137 4.064910 -3.104280 -18.430769 2.940833 14.414292 -38.919811 -16.237335 -9.181844 -7.089744
-7.647490 4.300144 -1.933272 -20.222954 2.849457 15.822356 -38.900738 -16.173801 -10.119656 -8.006145
-9.051537 4.476332 -0.537795 -22.259098 2.437740 17.378876 -38.871014 -16.169178 -11.000036 -9.460261
-10.581501 4.513794 1.068734 -24.483168 1.834147 18.964424 -38.863407 -16.291313 -11.769096 -11.365188
-11.828507 4.614133 2.227727 -26.277225 1.369072 20.356173 -38.638847 -16.307674 -12.343262 -12.936728
-12.595432 4.741427 2.825650 -27.178291 1.068568 21.148584 -38.408012 -16.289629 -12.576028 -13.845156
-12.779237 4.793563 3.013202 -27.440552 0.985725 21.393167 -38.292515 -16.283195 -12.629508 -14.143068
-12.783181 4.799911 3.009940 -27.429029 0.990262 21.399004 -38.301926 -16.293530 -12.635188 -14.150425
-12.788436 4.813390 3.017808 -27.423803 0.993664 21.403641 -38.315285 -16.315094 -12.647503 -14.166519
-12.774564 4.819011 3.032338 -27.419456 0.998177 21.406132 -38.321606 -16.351053 -12.668010 -14.172650
-12.774362 4.821415 3.034064 -27.409052 1.001673 21.412222 -38.328861 -16.369421 -12.675749 -14.182161
-12.770975 4.826935 3.042703 -27.396612 0.992255 21.411608 -38.339775 -16.390680 -12.687617 -14.180772
-12.765749 4.829630 3.053471 -27.392004 0.981627 21.414242 -38.347771 -16.402065 -12.692460 -14.177390
-12.762950 4.828544 3.058231 -27.391253 0.974401 21.410414 -38.354290 -16.401186 -12.699719 -14.171412
-12.763030 4.829555 3.070409 -27.403185 0.957740 21.414957 -38.355976 -16.394447 -12.705287 -14.165792
-12.744813 4.819435 3.079741 -27.399424 0.935125 21.407660 -38.362606 -16.388430 -12.703859 -14.142765
