18.339148 10.418076 -6.545474 -16.259193 10.792367 10.824862 16.093901 -18.802464 32.162617 1.865300
17.406555 9.815158 -8.473726 -16.844593 10.674472 9.979038 17.391674 -16.248358 32.935001 1.545789
16.243954 9.312571 -11.060799 -16.698978 10.767586 9.495031 18.358582 -13.841821 34.074265 0.388108
14.991442 8.902970 -13.325508 -16.145744 10.997641 9.268410 18.486616 -11.846863 35.056499 -0.901728
13.887681 8.363781 -15.909847 -15.246232 11.712815 8.595256 18.148359 -9.676990 35.821224 -2.122826
13.137097 9.892335 -17.328636 -15.595060 13.909500 6.005834 17.818338 -7.109415 34.427509 -0.104246
12.442829 10.040548 -19.747292 -14.336949 14.811745 4.952260 17.138340 -4.879447 34.553280 -0.565641
11.775195 9.645548 -21.862627 -13.695087 16.009420 3.534675 16.871246 -3.180575 34.264736 -1.406263
11.087677 9.464915 -23.645947 -13.539759 17.320742 1.992013 16.583200 -1.826060 33.872372 -2.596706
10.844657 8.889851 -25.346085 -13.247604 18.800560 0.478176 16.150124 -0.580491 32.761372 -4.525809
10.419049 8.316659 -26.885687 -13.090982 20.076763 -1.101683 16.047218 -0.081804 30.669344 -5.664755
11.344982 7.009244 -27.592794 -13.590043 21.908659 -2.997887 16.439932 -0.555828 27.649748 -6.904087
12.666144 5.470554 -28.454004 -14.038719 23.507912 -4.642324 17.054398 -1.236303 24.539181 -7.592323
13.677407 4.269602 -29.514650 -14.317751 24.614092 -5.891449 17.551636 -2.035468 21.545391 -8.495709
14.153939 3.338094 -31.127047 -14.226613 25.498999 -7.364418 17.693546 -2.223810 18.862225 -9.367652
14.441190 2.405225 -32.377865 -14.308350 26.133287 -8.479873 17.669205 -2.106743 16.549622 -10.154038
14.195666 1.818884 -33.327934 -14.767273 26.924393 -9.819119 17.631208 -1.853027 14.261954 -10.300966
13.380244 1.710407 -34.288467 -14.918575 27.149288 -10.595712 17.738941 -1.184368 13.153415 -9.746728
11.948195 1.874304 -35.093204 -15.186518 27.332012 -11.168565 17.644918 -0.151390 12.212596 -8.707088
10.785411 1.905774 -35.583809 -15.637860 27.337103 -11.705478 17.623726 0.851507 11.613532 -7.636062
9.805442 2.074261 -35.930943 -15.962147 27.245615 -12.078945 17.425489 1.614671 11.080864 -6.793570
8.894612 1.999079 -36.741955 -16.423868 27.428509 -12.729127 17.583494 2.273028 10.308518 -6.347007
7.854119 2.039933 -37.535969 -16.748672 27.515947 -13.331538 17.790562 2.744196 9.334678 -5.533019
6.869902 2.010808 -38.541897 -16.881222 27.468527 -13.740621 17.916679 3.254793 8.387943 -4.870269
6.111593 1.953781 -39.472912 -16.801268 27.374842 -14.058881 17.796925 3.788083 7.659434 -4.443775
5.484981 1.825990 -40.296909 -16.543858 27.235291 -14.275473 17.386604 4.290798 7.123888 -4.408841
5.040059 1.690458 -40.829399 -16.373055 27.158718 -14.361851 16.949774 4.758867 6.707934 -4.497814
4.697757 1.542001 -41.175529 -16.328911 27.038343 -14.373865 16.756741 4.985641 6.301919 -4.392227
4.446355 1.460927 -41.326813 -16.318966 26.920429 -14.340772 16.650328 5.075502 6.005577 -4.233675
4.311208 1.451092 -41.410667 -16.317877 26.867222 -14.349363 16.583488 5.123656 5.862774 -4.154918
4.238585 1.446712 -41.436573 -16.331707 26.848213 -14.346416 16.561108 5.124458 5.816998 -4.118597
4.222768 1.377367 -41.477184 -16.343393 26.766932 -14.305274 16.656767 5.013455 5.758997 -4.083196
4.068961 1.196534 -41.520596 -16.533461 26.570803 -14.205422 16.981979 4.703161 5.533921 -3.805563
3.745393 0.855663 -41.556496 -16.784897 26.180927 -13.900703 17.378738 4.118733 5.155774 -3.445662
3.246731 0.421469 -41.505749 -17.283428 25.717611 -13.611116 17.838444 3.362212 4.611568 -2.927165
2.573938 -0.118804 -41.417030 -17.901154 25.048943 -13.202804 18.280720 2.453335 3.895028 -2.222218
1.712526 -0.628552 -41.375130 -18.529860 24.234863 -12.788540 18.577332 1.488997 3.035757 -1.420341
0.734116 -1.052470 -40.987431 -19.274172 23.299990 -12.262845 18.877192 0.153269 2.030950 -0.469500
-0.323533 -1.545407 -40.412746 -20.252420 22.356649 -11.901813 19.201637 -1.350070 0.931716 0.724990
-1.669981 -2.096195 -39.589081 -21.631868 21.378357 -11.644422 19.680586 -3.064000 -0.470556 2.423421
-3.166498 -2.279059 -38.603981 -22.888636 20.434511 -11.318754 20.225777 -4.715203 -1.430009 4.337104
-4.349523 -2.445263 -37.993702 -23.649193 19.531015 -11.020370 20.377295 -5.924940 -2.014459 5.704305
-5.551172 -2.627143 -37.203125 -24.559000 18.479467 -10.423676 21.023245 -7.443326 -2.489014 7.267919
-6.791982 -2.670876 -36.167812 -25.568338 17.661360 -9.818791 21.782843 -8.868570 -2.727121 8.968579
-7.320666 -2.744801 -35.506340 -26.135761 17.089125 -9.290442 22.480698 -9.860579 -3.078207 10.135765
-7.623056 -2.766481 -34.993172 -26.462971 16.441809 -8.740412 23.156090 -11.078516 -3.413526 11.211387
-7.724051 -2.790441 -34.590443 -26.590881 15.839313 -8.327739 23.584410 -12.134601 -3.628227 11.983973
-7.445118 -2.907208 -34.449875 -26.517927 15.399206 -8.016887 23.925682 -12.908628 -3.759902 12.258088
-7.301040 -2.900069 -34.184288 -26.526899 15.157846 -7.833973 24.125927 -13.525780 -3.818842 12.519383
-7.114032 -2.944847 -34.017990 -26.420303 14.988007 -7.627332 24.129990 -13.895293 -3.830912 12.524278
-7.041765 -2.967352 -33.956417 -26.394972 14.913968 -7.550521 24.153694 -14.052335 -3.821395 12.515053
-6.581236 -3.148660 -33.519234 -26.506580 15.132928 -7.340556 24.242165 -14.248783 -3.545486 12.050948
-5.239530 -3.726576 -32.638969 -26.594604 15.815106 -6.768170 24.057631 -14.566155 -2.817883 10.120114
-2.216830 -4.493715 -30.975945 -25.721634 16.793278 -5.563995 22.196850 -14.145889 -0.906501 6.228312
1.449051 -5.676166 -30.245550 -24.892471 18.088640 -4.829161 20.977959 -13.216659 1.052778 1.632875
4.917852 -7.185556 -29.927113 -23.764120 18.593294 -3.358352 18.789101 -11.371463 3.877897 -3.598064
5.765821 -7.540030 -29.167791 -22.908342 19.078596 -1.013496 16.888178 -8.365910 8.274756 -7.503774
3.884384 -8.900080 -27.825670 -21.366076 18.736649 4.550168 13.232965 -4.079511 16.376438 -14.121793
0.441036 -6.780059 -22.996908 -22.033039 19.082310 7.982881 9.452914 0.019181 23.079508 -14.918822
-1.601287 -5.409421 -17.029888 -24.264118 18.327612 10.990803 2.321247 4.231029 25.532021 -14.188315
1.031661 -4.950385 -16.466789 -19.407087 13.709831 14.571531 -6.726740 10.087516 29.818283 -14.357955
5.552402 -5.537256 -16.391645 -15.584306 10.968936 17.224588 -8.848738 13.236648 32.332195 -11.539890
12.800165 -6.052244 -13.445227 -14.499547 7.864814 17.743540 -11.278290 13.566262 30.095181 -7.555637
18.923164 -8.262693 -12.883359 -12.298464 4.850760 19.511396 -13.573101 12.143609 25.731918 -5.503611
23.018925 -10.730958 -14.490638 -10.539145 1.215816 19.918051 -15.048912 8.933515 20.052105 -6.015574
29.796736 -14.119729 -13.720402 -9.660153 -1.392656 19.707874 -15.346480 6.794581 15.475567 -3.139992
34.529308 -14.922603 -15.396140 -9.144781 -2.341598 16.825861 -11.643049 6.358219 13.525901 -1.332626
38.777199 -14.876561 -18.995995 -8.072209 -1.977552 13.128142 -5.880639 6.235957 12.886190 0.042706
41.222523 -15.452147 -20.293930 -9.110953 -1.423863 10.077159 -0.062756 5.808001 11.273397 1.982446
42.418766 -16.167280 -20.575277 -10.289392 -1.269954 8.514651 2.853330 4.842754 10.047253 2.782335
42.416801 -16.209219 -20.308281 -10.831282 -1.293455 8.161604 3.489769 4.379439 9.265739 3.208944
42.519157 -16.161465 -20.282164 -10.817153 -1.362626 8.149096 3.425482 4.426525 9.328647 3.340421
42.787251 -16.106993 -20.118540 -10.928841 -1.399467 8.051207 3.200219 4.722668 9.292448 3.755382
42.960754 -15.755960 -19.320244 -11.233595 -1.503877 8.142816 2.369760 4.932872 9.163383 4.629486
42.917477 -15.266933 -17.927147 -11.694223 -1.508004 8.467409 1.016637 5.283609 8.865370 5.479302
42.497284 -14.400374 -16.534283 -11.961559 -1.794048 8.905061 -0.950248 5.683895 8.411793 6.902963
42.247536 -14.399981 -14.411073 -12.740610 -2.273215 10.048590 -3.091263 5.711592 7.945455 8.032533
41.761032 -14.272826 -12.000624 -13.833714 -2.797447 10.926016 -5.267404 5.813802 6.920683 9.403092
40.687366 -14.316384 -9.697735 -15.023646 -3.395518 12.008087 -6.832986 5.811330 6.429811 10.195922
40.164898 -14.817059 -7.674396 -16.146881 -3.955660 13.089543 -8.228132 5.771844 5.576829 11.131498
39.510994 -15.053731 -6.122896 -17.057352 -4.453763 13.917862 -9.501390 5.693981 4.952116 12.082753
39.348259 -15.471309 -4.057923 -18.269508 -4.600654 14.304388 -10.223455 5.407357 4.177339 13.716008
38.846001 -15.864023 -2.024029 -19.646887 -4.532180 14.531662 -10.806758 4.915083 3.101811 15.196552
38.686951 -16.476233 -0.067344 -20.927153 -4.450618 14.678324 -11.335832 4.707264 1.747911 16.884800
38.695034 -17.086494 1.848927 -21.896107 -4.326807 14.946264 -12.046384 4.410010 0.390646 18.570721
38.503128 -17.413881 3.502802 -22.600639 -4.145939 15.145767 -12.502414 3.780852 -0.941160 19.949558
38.444145 -17.713236 4.894224 -23.423704 -3.889504 15.160984 -12.666762 3.243665 -2.156956 21.080809
38.182537 -18.006664 5.785192 -24.048195 -3.516353 15.096158 -12.586574 2.875040 -2.895955 21.929359
37.955063 -18.165558 6.334092 -24.421682 -3.282234 14.902270 -12.482854 2.561785 -3.526987 22.478298
37.608116 -18.160643 6.447075 -24.539368 -3.178332 14.799383 -12.407743 2.365094 -3.762525 22.566696
37.445801 -18.087046 6.422737 -24.500254 -3.142185 14.774492 -12.397791 2.288462 -3.816772 22.546343
