-9.999932 0.054018 -31.560671 -12.543681 23.890255 -20.530043 -31.029591 12.079004 1.774338 -13.612043
-9.999932 0.054018 -31.560671 -12.543681 23.890255 -20.530043 -31.029591 12.079004 1.774338 -13.612043
-9.999932 0.054018 -31.560671 -12.543681 23.890255 -20.530043 -31.029591 12.079004 1.774338 -13.612043
-9.999932 0.054018 -31.560671 -12.543681 23.890255 -20.530043 -31.029591 12.079004 1.774338 -13.612043
-9.999932 0.054018 -31.560671 -12.543681 23.890255 -20.530043 -31.029591 12.079004 1.774338 -13.612043
-8.765801 0.578523 -30.498285 -13.939775 26.098307 -20.949312 -29.921236 11.939947 0.226089 -12.697405
-8.519825 0.640446 -30.262495 -14.067417 26.337646 -21.045897 -29.809330 11.621743 -0.038245 -12.764588
-8.537787 0.644334 -30.265213 -14.065299 26.320261 -21.062695 -29.817654 11.607387 -0.024348 -12.748217
-8.545711 0.642984 -30.269302 -14.064207 26.309622 -21.068037 -29.821342 11.607815 -0.020452 -12.743167
-8.550184 0.641971 -30.272343 -14.063593 26.304268 -21.073692 -29.821451 11.607421 -0.017872 -12.739680
-8.552829 0.643354 -30.272072 -14.063563 26.304447 -21.071239 -29.823303 11.610117 -0.016959 -12.739636
-8.551416 0.643902 -30.272551 -14.060381 26.306673 -21.070059 -29.824947 11.610528 -0.016311 -12.740875
-8.551297 0.641813 -30.270658 -14.064330 26.306196 -21.072554 -29.824316 11.611239 -0.018421 -12.737269
-8.553667 0.640009 -30.273857 -14.063500 26.302925 -21.072371 -29.824238 11.612897 -0.014807 -12.739512
-8.559327 0.640364 -30.278042 -14.060993 26.297960 -21.069309 -29.827120 11.621849 -0.010601 -12.735673
-8.563283 0.640795 -30.282597 -14.057207 26.296795 -21.065050 -29.829084 11.628704 -0.004957 -12.737538
-8.564034 0.640671 -30.282486 -14.054293 26.294157 -21.062740 -29.830017 11.625348 -0.000144 -12.741309
-8.566208 0.642552 -30.281919 -14.053288 26.293451 -21.061840 -29.829010 11.624409 0.000739 -12.740628
-8.566472 0.642872 -30.281981 -14.053606 26.291683 -21.062531 -29.829357 11.626224 0.003357 -12.738935
-8.564512 0.643711 -30.280451 -14.052767 26.294571 -21.061403 -29.830179 11.624111 0.001367 -12.741021
-8.565043 0.646435 -30.279478 -14.051920 26.296730 -21.057972 -29.829308 11.621957 -0.000329 -12.740115
-8.564496 0.644474 -30.280001 -14.052621 26.294306 -21.061243 -29.829283 11.621354 -0.000943 -12.737990
-8.564828 0.647937 -30.279070 -14.048839 26.296322 -21.055685 -29.829477 11.619800 -0.001680 -12.738822
-8.566000 0.644810 -30.280518 -14.050351 26.293140 -21.055273 -29.830475 11.625149 0.001908 -12.738718
-8.564988 0.643693 -30.279619 -14.051950 26.295254 -21.055851 -29.830791 11.625132 0.000683 -12.740942
-8.567834 0.644378 -30.282127 -14.048203 26.292955 -21.053228 -29.831594 11.625573 0.004052 -12.742122
-8.569699 0.644355 -30.284410 -14.045632 26.290447 -21.048622 -29.833532 11.630020 0.008115 -12.742908
-8.574926 0.643124 -30.290373 -14.042459 26.286295 -21.045092 -29.835197 11.636411 0.014858 -12.744954
-8.577765 0.643064 -30.291243 -14.041387 26.283222 -21.042826 -29.835600 11.638415 0.018578 -12.744174
-8.580583 0.643427 -30.291653 -14.042012 26.281607 -21.043009 -29.835255 11.639879 0.017800 -12.740360
-8.587840 0.643664 -30.298590 -14.036075 26.276863 -21.037685 -29.838678 11.648265 0.027589 -12.742528
-8.443319 0.476707 -30.289076 -14.118421 26.337248 -21.080437 -29.697002 11.546302 -0.074294 -12.835416
-7.953750 -0.049692 -30.076958 -14.568791 26.536623 -21.267550 -29.252516 11.278853 -0.487847 -13.061305
-7.180612 -0.927049 -29.815634 -15.242115 26.672556 -21.353540 -28.384209 10.772184 -0.954887 -13.372501
-5.869713 -2.321674 -29.587761 -16.144718 26.638226 -21.274446 -26.777739 10.012819 -1.574556 -13.766444
-4.074189 -4.068355 -29.266548 -17.230822 26.677952 -21.120872 -24.585165 8.510533 -2.435493 -14.471677
-2.956263 -5.681333 -29.281116 -18.518677 26.509956 -21.058487 -22.174185 7.562599 -2.933460 -14.700902
-1.930357 -7.507847 -29.203941 -20.084946 25.880985 -20.548647 -19.735199 6.566546 -3.621484 -14.450381
-1.907015 -8.653266 -28.769753 -21.747971 25.006092 -20.060467 -17.619272 5.736203 -4.039114 -13.534318
-2.114745 -9.524008 -28.524652 -23.390053 24.226410 -19.846695 -15.228078 4.847507 -4.516619 -12.455674
-2.667638 -9.820734 -27.488047 -25.517216 23.580244 -20.003099 -13.305990 4.089066 -5.270995 -10.542666
-3.119375 -10.195239 -26.364283 -27.589672 22.775860 -19.778305 -11.646240 3.038383 -6.213930 -8.990817
-4.012207 -9.910929 -25.182749 -29.391403 22.047821 -19.980719 -10.358713 2.028579 -6.719455 -7.225043
-5.016307 -9.787480 -23.510887 -31.879162 21.875547 -20.386843 -8.470634 0.914159 -7.243784 -4.966518
-5.855978 -9.719601 -21.545860 -34.373875 21.886000 -20.305864 -6.934362 -0.390398 -8.417568 -2.703412
-7.026244 -9.688456 -20.263580 -36.339298 21.707417 -20.106688 -5.501863 -1.265134 -9.247088 -0.819547
-8.383064 -9.612598 -18.724371 -38.287472 21.369642 -19.540638 -4.386273 -1.990371 -9.638014 0.823254
-9.199888 -9.497881 -17.556999 -39.638363 21.133177 -19.052021 -3.465572 -2.568469 -10.066409 2.292663
-9.908240 -9.357769 -16.682625 -40.590523 21.004467 -18.621284 -2.919557 -2.975638 -10.282262 3.418557
-10.265245 -9.300865 -16.151667 -41.149345 20.884792 -18.311497 -2.585401 -3.182843 -10.358277 4.122291
-10.415003 -9.305387 -15.980116 -41.367935 20.823107 -18.187288 -2.421757 -3.280335 -10.398873 4.367578
-10.010332 -9.566052 -16.065397 -41.120319 20.579430 -18.064707 -2.548388 -3.258733 -9.863292 3.916539
-8.617046 -10.315927 -16.033150 -40.256332 19.683392 -16.953512 -3.142707 -3.325262 -8.078868 2.754585
-6.319650 -10.938044 -16.286152 -38.051865 18.227539 -15.439347 -4.656340 -3.063628 -4.423688 0.317008
-2.485577 -11.912251 -16.953579 -34.704868 16.975857 -13.203696 -6.405274 -1.883371 -0.509948 -3.816584
0.171073 -12.255748 -17.336349 -31.759521 16.650166 -11.062990 -7.102943 -1.062670 3.230149 -7.287769
1.264750 -12.501182 -17.336159 -30.689890 16.486549 -9.282554 -5.037477 -2.255572 6.543490 -9.199017
2.441679 -13.416677 -17.862375 -29.717310 16.936321 -7.919866 -2.318380 -3.231935 10.079034 -11.534957
2.056949 -13.863564 -18.673914 -28.269951 16.052065 -5.225410 -0.250166 -3.001963 14.956805 -13.763155
1.485325 -12.151167 -19.547266 -27.051653 13.876271 -2.957139 2.973793 -1.674346 22.028229 -14.559587
1.491495 -9.579329 -18.452408 -27.222126 11.625869 -0.873716 6.415030 -3.414256 26.220345 -13.191699
0.248332 -9.774158 -16.076319 -28.261906 6.849916 4.266650 9.751504 -6.892634 29.673426 -9.948637
-0.421017 -8.037719 -13.689418 -29.312460 4.383208 6.802354 12.166301 -10.842763 31.650291 -7.669415
1.811558 -6.581589 -8.694977 -29.557594 3.433560 7.781370 12.706109 -12.988791 32.699635 -4.022774
4.905132 -4.103995 -2.244575 -29.258087 3.626290 9.127624 9.339854 -15.377371 33.333172 -1.499645
5.239112 0.943208 0.375158 -26.329388 3.664051 9.403484 4.841132 -15.951136 34.970524 0.577578
4.961390 5.140518 1.512189 -23.209570 3.330207 9.759031 -0.406284 -15.431271 36.381046 1.836047
3.538648 7.996348 0.625181 -18.945679 2.993285 10.718261 -5.373140 -14.515604 37.398708 1.946817
2.603423 10.191821 -0.423677 -14.231240 3.083705 12.015212 -11.280042 -13.585331 38.899326 0.221622
2.501372 11.111834 -1.435839 -11.495405 2.618032 12.480535 -14.112146 -13.158921 39.192402 -0.224160
2.444999 11.472954 -1.657338 -10.841372 2.390408 12.530204 -14.660401 -13.221295 39.167332 -0.060345
2.540415 11.536637 -1.669189 -10.752553 2.380373 12.506655 -14.679176 -13.267154 39.212864 0.000306
2.823954 11.658748 -1.723695 -10.444638 2.324834 12.494818 -14.859287 -13.351511 39.316395 0.028966
3.274971 11.830205 -1.856238 -9.966116 2.186394 12.527261 -14.969126 -13.518071 39.547527 0.007475
3.876480 12.190557 -1.943706 -9.495419 2.013723 12.429402 -14.719562 -13.927076 39.829391 0.327450
4.470968 12.735892 -2.077791 -9.124675 1.650257 12.191682 -14.145255 -14.545927 40.007854 1.002351
5.556300 13.217969 -2.200237 -8.820165 1.051592 11.758265 -13.293676 -15.217652 39.934978 2.240869
6.843764 13.541254 -2.059557 -8.711561 0.263299 11.520146 -12.253166 -15.945062 39.878445 3.379539
8.243491 13.678946 -2.175780 -8.496424 -0.236970 11.011200 -10.911735 -16.772583 39.591122 4.305387
9.806001 13.646101 -2.364820 -7.922077 -0.789316 10.620365 -9.881033 -17.657120 39.366055 4.946389
11.482889 13.554389 -2.415386 -7.493262 -1.330643 10.313833 -9.073677 -18.283947 39.307110 5.330044
12.724042 13.589015 -2.525372 -7.272200 -1.876710 10.080541 -7.981911 -19.168648 39.180172 5.755806
14.493168 13.345283 -2.266899 -7.065555 -2.455797 10.071169 -7.030123 -20.079962 39.305981 6.099297
16.492498 12.906013 -2.099596 -6.601478 -2.947814 10.061904 -6.321563 -20.910707 39.416325 6.334979
18.276739 12.353481 -1.859934 -6.399671 -3.439873 9.971330 -5.676149 -21.270691 39.549397 6.772519
19.697050 11.826004 -1.749288 -6.285970 -3.856475 9.842893 -4.582354 -21.879654 39.598927 7.194630
20.706196 11.350020 -1.607645 -6.054730 -4.252232 9.952589 -3.704177 -22.506527 39.707928 7.403909
21.616661 10.841243 -1.727279 -5.781400 -4.451098 9.847834 -2.909644 -22.857927 39.687885 7.458838
22.270811 10.492648 -1.633835 -5.759252 -4.586918 9.840981 -2.436371 -23.052353 39.658039 7.517371
22.599916 10.320169 -1.615089 -5.691003 -4.665305 9.827357 -2.101253 -23.218710 39.626396 7.568871
22.762260 10.251365 -1.623526 -5.707801 -4.635352 9.780023 -1.968173 -23.256407 39.633366 7.539310
22.838690 10.138732 -1.600282 -5.866451 -4.578038 9.760272 -1.788852 -23.244946 39.676647 7.468468
23.019737 9.780081 -1.292490 -6.447866 -4.445145 9.805566 -1.401074 -23.205460 39.739185 7.309652
23.143229 9.338376 -1.106528 -7.265985 -4.099252 9.653752 -0.662689 -23.075808 39.827084 7.076112
23.066751 8.574071 -1.162733 -8.483935 -3.529331 9.392542 0.754878 -22.805542 39.992443 6.647038
22.743835 7.613033 -1.317952 -9.996875 -2.880138 9.156016 2.338645 -22.221130 40.430050 5.930224
22.392111 6.612966 -1.202888 -11.974792 -2.050552 8.745530 3.865129 -21.304506 40.810261 5.030908
21.641888 5.869636 -1.513079 -13.854085 -1.091429 8.070641 5.329233 -20.227840 40.780994 4.203122
20.579367 5.017636 -2.555388 -15.160565 -0.340724 7.677883 7.177424 -19.256102 41.071758 3.073575
19.329151 4.032937 -4.067434 -16.154940 0.501680 7.254025 9.373672 -18.281628 41.191917 1.924429
