16.139816 6.835977 -6.992042 -17.412352 2.760563 0.239462 13.168757 -25.306356 33.691448 1.559011
15.243237 6.228660 -8.835181 -18.052372 2.678675 -0.486772 14.488444 -22.748980 34.357857 1.265050
14.092622 5.748791 -11.408180 -17.907236 2.837928 -0.888978 15.465605 -20.287382 35.471539 0.103463
12.927715 5.356090 -13.650899 -17.362448 3.092548 -1.075027 15.594497 -18.240021 36.285065 -1.076341
11.909982 4.820802 -16.225824 -16.460516 3.806017 -1.761433 15.248396 -16.041145 36.893482 -2.188161
11.156198 6.234803 -17.842705 -16.822544 6.270895 -4.336334 14.845822 -13.218874 35.892422 -0.320619
10.500027 6.455461 -20.296692 -15.452256 7.344245 -5.129795 14.198433 -10.856639 36.111729 -0.831570
9.771507 6.106585 -22.560358 -14.678727 8.478875 -6.557064 13.773041 -9.107408 35.843479 -1.642253
9.010670 5.929253 -24.496059 -14.391953 9.708986 -7.981628 13.384909 -7.740878 35.537277 -2.899013
8.725403 5.324145 -26.256350 -14.029793 11.105469 -9.379483 12.954183 -6.558977 34.526161 -4.910512
8.318834 4.691771 -27.844707 -13.848146 12.296781 -10.953671 12.862398 -6.135594 32.500568 -6.099766
9.277769 3.319635 -28.537827 -14.361280 14.085513 -12.798640 13.228372 -6.659113 29.484554 -7.378506
10.573556 1.758340 -29.356005 -14.856593 15.684764 -14.501948 13.841290 -7.389350 26.447910 -8.035521
11.566486 0.593284 -30.250132 -15.232401 16.811335 -15.923154 14.327900 -8.307479 23.460083 -8.669360
11.973238 -0.219228 -31.709888 -15.304513 17.735638 -17.659023 14.589847 -8.665448 20.696098 -9.020156
12.290474 -1.036415 -32.876301 -15.478851 18.404881 -18.918520 14.664486 -8.651168 18.239931 -9.406773
12.151034 -1.634368 -33.721252 -15.951310 19.255989 -20.220701 14.590940 -8.443415 15.982745 -9.555943
11.349453 -1.743184 -34.683674 -16.098507 19.500832 -20.934881 14.763886 -7.816406 14.923880 -9.078362
9.793735 -1.596202 -35.584015 -16.389086 19.639229 -21.531252 14.740124 -6.824234 14.047723 -8.108582
8.440341 -1.501631 -36.297703 -16.901566 19.657791 -22.214314 14.692029 -5.676023 13.433236 -7.031812
7.280389 -1.279274 -36.812664 -17.296751 19.581722 -22.722397 14.461545 -4.785698 12.873886 -6.161775
6.418765 -1.379588 -37.567081 -17.800217 19.770470 -23.445095 14.613546 -4.160668 12.037478 -5.675923
5.424344 -1.385303 -38.317284 -18.164494 19.859039 -24.074986 14.803462 -3.712986 10.991303 -4.867025
4.473186 -1.450636 -39.268066 -18.329885 19.807522 -24.521296 14.907328 -3.220909 9.967519 -4.185085
3.708045 -1.511118 -40.168835 -18.266739 19.714424 -24.879570 14.764145 -2.677168 9.175399 -3.708755
3.081876 -1.632526 -40.963657 -18.030500 19.590956 -25.106846 14.352924 -2.174953 8.592535 -3.626129
2.652720 -1.768969 -41.475937 -17.875683 19.540897 -25.174887 13.912398 -1.701100 8.140794 -3.697046
2.316759 -1.919424 -41.808266 -17.846674 19.444006 -25.178795 13.712804 -1.461087 7.716591 -3.593166
2.056749 -1.997252 -41.957645 -17.847958 19.340578 -25.166283 13.607305 -1.362552 7.408307 -3.420097
1.910510 -1.997955 -42.036591 -17.854668 19.297321 -25.184408 13.539027 -1.306698 7.251277 -3.325483
1.838997 -2.000403 -42.061653 -17.869551 19.280762 -25.183310 13.516424 -1.304761 7.199729 -3.284756
1.824790 -2.067196 -42.101120 -17.879511 19.204491 -25.129951 13.613603 -1.410547 7.142629 -3.250626
1.674082 -2.252700 -42.146889 -18.066256 19.013279 -25.000837 13.940022 -1.711882 6.924510 -2.994629
1.343521 -2.590062 -42.195751 -18.296997 18.615810 -24.665789 14.328025 -2.287680 6.553139 -2.643379
0.840797 -3.017966 -42.143780 -18.783052 18.155725 -24.330116 14.778190 -3.030813 5.985854 -2.122798
0.183622 -3.529094 -42.067616 -19.370375 17.519611 -23.862068 15.240716 -3.912036 5.266538 -1.413815
-0.619799 -4.023220 -42.053535 -19.941326 16.749622 -23.363129 15.552744 -4.842284 4.389056 -0.621268
-1.520658 -4.430602 -41.692123 -20.624773 15.871057 -22.720608 15.863912 -6.137651 3.391975 0.275230
-2.447015 -4.884295 -41.115177 -21.539482 15.037005 -22.151888 16.210388 -7.564214 2.269198 1.421754
-3.672967 -5.395824 -40.307861 -22.850878 14.180853 -21.669691 16.735361 -9.177367 0.840384 3.061960
-5.091644 -5.532402 -39.373341 -24.024523 13.335425 -21.137510 17.322540 -10.715444 -0.141991 4.912257
-6.176111 -5.666134 -38.793095 -24.693062 12.512243 -20.616213 17.513865 -11.814280 -0.781785 6.190604
-7.280106 -5.842340 -38.032085 -25.514236 11.510884 -19.827959 18.184669 -13.240664 -1.311957 7.645111
-8.440618 -5.880432 -37.022530 -26.464958 10.712597 -19.065025 18.978718 -14.593628 -1.608020 9.252361
-8.926225 -5.951418 -36.346645 -27.009224 10.125817 -18.469296 19.689798 -15.555982 -2.012594 10.373261
-9.201572 -5.970896 -35.830063 -27.337553 9.469491 -17.874502 20.379213 -16.758003 -2.393529 11.447193
-9.260303 -5.935111 -35.434994 -27.477325 8.909077 -17.458920 20.794626 -17.745039 -2.648149 12.257796
-8.970907 -6.033442 -35.280647 -27.417160 8.461822 -17.171217 21.126999 -18.517389 -2.810267 12.582357
-8.820972 -6.012426 -35.006565 -27.436817 8.219930 -16.980124 21.338139 -19.138771 -2.877196 12.871759
-8.632881 -6.050733 -34.828838 -27.339180 8.037449 -16.790701 21.350368 -19.522795 -2.893599 12.910071
-8.569299 -6.070825 -34.768551 -27.319935 7.960294 -16.721092 21.372494 -19.680067 -2.884079 12.907815
-8.106922 -6.251417 -34.328354 -27.432510 8.188624 -16.505142 21.449930 -19.864389 -2.618589 12.444863
-6.767472 -6.848943 -33.474792 -27.511086 8.845598 -15.947068 21.260561 -20.193228 -1.871468 10.477382
-3.606876 -7.652458 -31.651133 -26.632038 9.812914 -14.696645 19.439337 -19.894577 0.090069 6.587846
0.280361 -8.889726 -30.596252 -25.786678 11.084437 -13.848501 18.300705 -19.183292 2.100827 2.044499
3.635648 -10.385452 -30.343575 -24.626244 11.481782 -12.613558 16.043148 -17.334635 4.979416 -3.073450
4.315377 -10.886483 -29.684902 -23.780058 11.711534 -10.423825 14.075884 -14.458078 9.382598 -7.092442
2.350709 -12.326616 -28.467741 -22.179321 11.349429 -4.778805 10.243522 -9.973638 17.551228 -14.219700
-1.049248 -10.354455 -23.363565 -22.793816 11.865892 -1.140461 6.430289 -5.858507 24.648354 -15.554369
-3.172803 -8.921173 -17.580477 -24.964502 11.194583 1.674698 -0.668918 -1.410936 27.349483 -15.026583
-0.513959 -8.256988 -16.932669 -20.090036 6.286890 5.009980 -9.671049 4.167861 31.410057 -14.647138
3.995192 -9.064876 -16.844513 -16.383333 3.304914 7.538887 -11.873636 7.154031 33.621277 -11.697368
11.309492 -9.529028 -13.814883 -15.266561 0.455646 8.205107 -14.233455 7.608572 31.564236 -7.927284
17.468426 -11.417367 -13.346972 -12.996778 -1.735748 10.731130 -16.429747 6.878399 26.516611 -5.398909
22.289652 -13.524240 -14.693158 -10.867494 -4.272382 13.048407 -17.118956 4.622393 20.249458 -5.738245
29.397802 -16.308247 -14.452738 -9.501060 -5.797315 14.767385 -16.910950 4.023983 15.639946 -3.622013
34.403431 -16.527012 -16.155844 -8.979130 -5.308030 13.463157 -12.771478 4.625941 13.756004 -2.027971
38.840439 -15.412000 -19.224375 -7.983757 -3.517664 10.954549 -6.211970 5.194482 13.180812 0.131757
41.184109 -15.810640 -20.644129 -9.065432 -2.586680 8.387706 -0.215461 5.023999 11.383321 2.182192
42.299183 -16.609779 -20.882620 -10.326430 -2.404498 6.969629 2.637490 4.143664 9.984413 2.822544
42.322697 -16.680527 -20.537325 -10.895829 -2.411291 6.666641 3.217305 3.646864 9.129278 3.243053
42.414375 -16.626451 -20.527260 -10.879478 -2.480985 6.646825 3.171087 3.702973 9.210361 3.385213
42.671947 -16.553787 -20.421028 -10.970690 -2.526267 6.521936 2.982924 4.025074 9.219063 3.796020
42.914425 -16.156649 -19.656574 -11.205770 -2.569769 6.648334 2.180821 4.285612 9.180158 4.670586
42.879948 -15.596217 -18.259651 -11.657102 -2.599294 6.864427 0.873467 4.551558 8.962327 5.671398
42.415688 -14.684842 -16.743443 -11.923300 -2.952640 7.209037 -1.187671 4.913163 8.581771 7.177592
42.292587 -14.786143 -14.567805 -12.675056 -3.608744 8.108358 -3.400331 4.813486 8.142795 8.208318
41.836868 -14.887230 -12.279421 -13.727007 -4.367127 8.779307 -5.645123 4.785691 7.164098 9.405202
40.944508 -15.284771 -10.142179 -14.759309 -5.268377 9.765622 -7.397131 4.619264 6.585771 9.923875
40.131420 -16.084793 -8.337416 -15.995741 -6.384263 10.366655 -9.002721 4.320189 5.694585 10.689178
39.218929 -16.613106 -7.004292 -17.045227 -7.451316 10.579547 -10.566445 3.987413 5.040059 11.455453
39.053741 -17.158693 -4.840210 -18.245010 -7.783115 10.866552 -11.315660 3.509582 4.414636 12.953580
38.546421 -17.682468 -2.741642 -19.632154 -7.900158 10.899703 -11.941562 2.855358 3.422043 14.272765
38.367867 -18.401033 -0.764777 -20.952837 -7.966224 10.937963 -12.573194 2.528512 2.050560 15.867909
38.351624 -19.024181 1.113011 -21.933931 -7.971671 11.003534 -13.299798 2.137316 0.573148 17.707376
38.163177 -19.354488 2.701810 -22.642323 -7.858159 11.014032 -13.719427 1.455098 -0.844187 19.229851
38.086746 -19.640661 4.066120 -23.466497 -7.672396 10.821584 -13.860607 0.873244 -2.103341 20.487404
37.814098 -19.906267 4.946650 -24.100361 -7.321487 10.602689 -13.753296 0.491880 -2.879129 21.447968
37.580013 -20.047979 5.502885 -24.489655 -7.083366 10.369608 -13.625677 0.165671 -3.495907 22.036003
37.226662 -20.036539 5.626316 -24.616383 -6.978435 10.238063 -13.547380 -0.040807 -3.725051 22.153629
37.055168 -19.961088 5.599179 -24.577240 -6.944048 10.205026 -13.544569 -0.113328 -3.777861 22.137817
