-8.049559 -4.760556 -30.852179 -21.418148 10.430305 7.852996 7.601298 -12.558363 -13.237712 12.732249
-5.465184 -2.905524 -27.669651 -23.653368 11.592954 6.010754 8.230950 -13.575826 -15.454000 15.297055
-5.058900 -2.142650 -27.226332 -23.168465 11.483056 7.196053 8.763695 -13.616999 -15.203135 16.320370
-6.226677 -0.285857 -26.968243 -20.912617 10.724614 8.917418 7.091573 -13.803346 -14.084796 17.787851
-7.341245 1.781772 -26.203733 -18.887774 10.252777 10.365595 4.278583 -13.198960 -12.887403 18.254635
-8.210432 4.508307 -25.751156 -17.650839 11.203908 9.968811 2.317127 -11.538212 -12.169869 20.347866
-7.925969 5.868656 -25.623928 -16.818613 11.810467 8.337224 0.708615 -10.565737 -12.541362 22.237209
-9.167259 7.144088 -26.746056 -14.387630 11.651804 7.024089 -1.051572 -9.762127 -11.074830 24.202131
-10.103237 8.034815 -28.297485 -11.330356 11.481153 6.721188 -3.798891 -8.691337 -10.251208 25.097136
-8.860240 9.937934 -26.900406 -8.515133 10.595352 5.606762 -5.416664 -10.598996 -7.237505 26.936050
-6.195190 9.901653 -28.056990 -4.649735 8.985828 4.504695 -6.137895 -13.225541 -2.331257 25.249294
-4.871474 11.295274 -29.172743 -1.273022 8.814329 4.145153 -7.385702 -12.819712 1.177239 23.724739
-3.705130 12.671818 -27.943951 -0.642745 7.848478 3.183599 -6.918332 -14.332154 1.652230 25.624714
-2.710289 13.574763 -25.459799 -0.741392 6.392492 2.826381 -7.724709 -16.804264 0.791130 28.243877
-1.750801 12.867640 -24.871595 -0.416858 4.222670 2.182783 -8.162967 -19.334799 1.824248 27.901102
-1.491525 11.602386 -25.992336 1.113077 2.518501 1.680195 -9.589231 -20.604170 3.909062 25.843372
-0.769485 11.337844 -26.370783 2.300870 1.115126 3.005055 -9.530999 -22.334160 4.758789 24.750652
-0.149394 11.681803 -26.377373 3.885951 -0.772887 3.353597 -9.827891 -24.296757 5.177909 25.545380
0.151311 11.797615 -26.740927 4.722380 -1.786890 3.086677 -10.209822 -24.933672 5.019045 25.876347
0.097613 11.778719 -26.839445 4.743464 -1.871402 2.866848 -10.225317 -24.909863 5.070504 25.808819
0.258960 11.715666 -26.945448 4.855425 -1.916207 2.872568 -10.282960 -24.903387 4.962631 25.703423
0.728139 11.553038 -27.285784 5.224329 -2.039460 2.874640 -10.492500 -24.851532 4.678090 25.360809
1.539379 11.236174 -27.832176 5.784179 -2.252673 2.864087 -10.669886 -24.784279 4.309892 24.719193
2.534436 10.842453 -28.545584 6.453602 -2.540288 2.816183 -10.709122 -24.718834 3.986683 23.830002
3.597526 10.338596 -29.279158 7.122980 -2.899489 2.735334 -10.897709 -24.613167 3.740466 22.496668
4.940274 9.674931 -30.195280 7.800749 -3.293681 2.561377 -11.079136 -24.476620 3.440434 20.641907
6.475725 8.991113 -31.162354 8.655169 -3.689933 2.486702 -11.405545 -24.356422 3.317467 18.448744
7.946888 8.442259 -32.062473 9.666384 -4.107871 2.378033 -12.088614 -24.163366 3.355776 16.325109
9.220431 7.876373 -32.867447 10.467531 -4.452820 2.210519 -12.615032 -24.027636 3.555738 14.233155
10.592930 7.088527 -33.927425 11.303212 -4.747143 2.083446 -13.219987 -23.821079 3.835850 11.617989
11.720802 6.334199 -34.871159 11.769399 -4.830932 1.902849 -13.553983 -23.541573 4.224729 9.072497
12.953284 5.676648 -35.679268 12.352852 -4.795272 1.922932 -14.183484 -23.077288 4.660155 6.442863
14.245558 5.038354 -36.353561 12.947464 -4.599324 1.813880 -14.828949 -22.403637 4.989031 3.949986
15.269158 4.423099 -36.909790 13.353046 -4.492622 1.589401 -15.448098 -21.852633 5.107385 1.891391
16.238890 3.780759 -37.516682 13.703213 -4.332311 1.314535 -16.038391 -21.181984 4.839518 0.146491
17.153584 3.146999 -38.010452 13.973005 -4.178169 1.069428 -16.584866 -20.501146 4.433132 -1.459374
17.744579 2.845458 -38.309723 14.250851 -4.158069 0.957280 -17.030361 -20.134577 4.305961 -2.383490
17.996084 2.633685 -38.463802 14.289991 -4.086721 0.834544 -17.271605 -19.791719 4.207584 -2.958486
18.211538 2.441083 -38.521694 14.249336 -4.026076 0.716021 -17.294907 -19.607735 4.160999 -3.419180
18.318571 2.360440 -38.567684 14.255020 -3.981538 0.660484 -17.298822 -19.498898 4.126981 -3.587584
17.926792 2.623889 -38.317127 14.116805 -3.510228 0.459883 -17.934420 -18.797785 4.128320 -3.366869
16.613075 3.485032 -37.730560 13.740242 -2.469995 0.044792 -19.805468 -17.167288 4.104702 -2.609362
13.986392 4.998038 -36.190228 12.479489 -1.334175 -0.816225 -21.624470 -15.681458 3.316180 0.489660
11.504822 6.836660 -33.965118 10.914202 0.062158 -1.268932 -22.727142 -14.573473 2.044258 5.166857
8.958629 8.006968 -31.400679 8.039817 1.532516 -1.051978 -21.330753 -14.412461 0.792632 9.734547
4.636965 8.967139 -29.316225 5.104496 2.873647 -0.606063 -20.685568 -14.271452 1.567464 12.844956
0.985228 10.489167 -27.107056 3.180180 3.821160 -0.130741 -21.515917 -13.615361 2.260617 14.903349
-0.781706 13.571620 -21.014677 0.290420 5.177073 2.199164 -22.452785 -12.638912 -2.610656 20.553431
-5.618665 16.888985 -20.080099 1.286121 8.661471 3.583114 -27.629862 -6.574846 0.416027 18.635258
-8.392182 17.813015 -18.378387 0.290867 9.096542 7.859669 -32.806797 -3.979873 0.589265 15.082273
-7.850952 15.193014 -12.962938 -3.534981 6.783192 10.019569 -34.310951 -8.746208 -3.508678 15.955845
-7.180467 13.315403 -9.383545 -6.174381 4.450249 11.342351 -34.883331 -12.866851 -5.255457 15.662513
-6.755702 11.997161 -7.800253 -7.713691 3.730658 12.139742 -35.085590 -14.157721 -4.767076 13.387572
-5.572661 10.708035 -8.769848 -7.711833 4.174304 12.275315 -33.573704 -13.725856 -2.615928 9.758523
-4.265456 8.972537 -10.404272 -7.093263 4.512774 11.869123 -32.634659 -13.546556 -0.309298 6.079597
-3.218765 7.801798 -11.004406 -6.520935 3.993878 10.903655 -33.318893 -13.474298 0.942391 2.857106
-1.811122 6.642704 -10.907118 -6.666471 3.246636 9.817786 -34.415897 -13.690839 0.530462 0.609199
-1.185911 5.670175 -10.340331 -7.178157 2.771297 9.694015 -34.779846 -14.227469 0.361725 -0.805927
-0.595853 4.970587 -10.368816 -7.476294 2.544154 9.562698 -34.779823 -14.585463 0.154432 -1.629697
-0.434334 4.768681 -10.369643 -7.600036 2.413150 9.469250 -34.689644 -14.768412 -0.016533 -1.687721
-0.481547 4.751236 -10.255044 -7.715178 2.390843 9.499359 -34.810768 -14.799932 -0.051105 -1.723583
-0.451966 4.582306 -10.011150 -7.986585 2.363729 9.665273 -35.006954 -14.902450 -0.101124 -2.038323
-0.385900 4.203506 -9.753742 -8.468942 2.344503 9.809759 -35.100464 -15.143773 -0.214959 -2.451769
-0.172195 3.710074 -9.602209 -9.032180 2.392556 10.064166 -34.950996 -15.288492 -0.509780 -2.966580
-0.069020 3.372908 -9.373017 -9.565039 2.520535 10.305136 -34.970184 -15.108803 -0.938525 -3.583260
-0.013236 2.796947 -8.801934 -10.445945 2.642077 10.758468 -34.962421 -15.029245 -1.500594 -4.418409
-0.057282 2.174115 -8.621213 -11.071238 2.663947 10.917299 -34.939972 -14.975974 -2.176116 -4.873101
-0.407302 1.693117 -8.363167 -11.805116 2.484929 11.024063 -35.477123 -14.820410 -3.293081 -5.210861
-1.074549 1.479816 -7.981891 -12.656952 2.142265 11.191018 -36.265026 -14.802038 -4.205977 -5.599825
-2.348468 1.677704 -7.290122 -13.733705 2.029872 11.547253 -37.169220 -14.659376 -5.044761 -5.452268
-3.207221 2.007970 -6.517411 -14.707515 1.874692 12.110293 -37.976536 -14.388024 -5.911607 -5.885448
-4.404050 2.594231 -5.405048 -15.938541 1.797660 12.843307 -38.586365 -14.212517 -6.727649 -5.920904
-5.381572 2.942996 -4.339272 -17.317848 1.620797 13.815490 -38.968430 -14.312411 -7.490602 -6.139502
-6.592746 3.521298 -3.145025 -18.780598 1.592099 15.017016 -39.011345 -14.196799 -8.204865 -6.161931
-7.658206 3.781001 -1.952303 -20.583460 1.496814 16.432415 -39.006603 -14.125639 -9.155904 -7.053236
-9.069660 3.971293 -0.542336 -22.646561 1.095621 17.995670 -38.972336 -14.100086 -10.039936 -8.492546
-10.609636 4.032115 1.057334 -24.860916 0.506434 19.578606 -38.962734 -14.192054 -10.796240 -10.384656
-11.860018 4.139078 2.209743 -26.667538 0.045469 20.975075 -38.735313 -14.196411 -11.368940 -11.947673
-12.633473 4.280288 2.822008 -27.584005 -0.258799 21.772301 -38.496788 -14.173924 -11.599687 -12.855432
-12.814018 4.332141 3.010600 -27.846926 -0.334786 22.014891 -38.380138 -14.166914 -11.662976 -13.147754
-12.811498 4.342536 3.013370 -27.837992 -0.329245 22.011858 -38.394699 -14.182003 -11.678026 -13.143691
-12.818034 4.356407 3.024427 -27.839579 -0.326447 22.017017 -38.405842 -14.201361 -11.693555 -13.158709
-12.811251 4.362004 3.040843 -27.839422 -0.322151 22.026373 -38.411003 -14.236745 -11.711198 -13.169866
-12.810000 4.367712 3.038423 -27.821884 -0.318903 22.028170 -38.419304 -14.259575 -11.721117 -13.172875
-12.808570 4.374458 3.044115 -27.807583 -0.327663 22.028515 -38.436043 -14.269415 -11.724431 -13.172420
-12.801780 4.373873 3.057354 -27.806541 -0.340735 22.028217 -38.446560 -14.280267 -11.734196 -13.160966
-12.804291 4.379746 3.066280 -27.810061 -0.343510 22.024168 -38.455708 -14.280093 -11.747393 -13.155890
-12.803424 4.381426 3.071523 -27.813530 -0.361604 22.026922 -38.461594 -14.266496 -11.746633 -13.148734
-12.787575 4.371210 3.079856 -27.811892 -0.384076 22.025690 -38.466679 -14.259009 -11.746861 -13.135137
