-10.260074 -0.450036 -31.578176 -13.158006 22.906826 -20.865496 -31.111097 12.966214 1.981368 -12.839817
-10.260074 -0.450036 -31.578176 -13.158006 22.906826 -20.865496 -31.111097 12.966214 1.981368 -12.839817
-10.260074 -0.450036 -31.578176 -13.158006 22.906826 -20.865496 -31.111097 12.966214 1.981368 -12.839817
-10.260074 -0.450036 -31.578176 -13.158006 22.906826 -20.865496 -31.111097 12.966214 1.981368 -12.839817
-10.260074 -0.450036 -31.578176 -13.158006 22.906826 -20.865496 -31.111097 12.966214 1.981368 -12.839817
-9.049529 -0.048034 -30.582531 -14.532468 24.894094 -21.300591 -29.936537 12.858480 0.644519 -11.807284
-8.845706 0.032771 -30.359919 -14.643414 25.092840 -21.356058 -29.838699 12.590093 0.398595 -11.810231
-8.871925 0.031129 -30.374418 -14.634663 25.061787 -21.388435 -29.847363 12.575110 0.419878 -11.795154
-8.873807 0.033136 -30.379162 -14.628812 25.060547 -21.385712 -29.848707 12.574461 0.421404 -11.794524
-8.873973 0.032377 -30.378765 -14.628577 25.059118 -21.384130 -29.851309 12.576746 0.421762 -11.795337
-8.876871 0.034367 -30.377197 -14.628775 25.060766 -21.381752 -29.853428 12.576216 0.422081 -11.797779
-8.876580 0.033931 -30.378143 -14.628063 25.061108 -21.382992 -29.854446 12.574607 0.422663 -11.799373
-8.878023 0.033436 -30.379652 -14.628404 25.061001 -21.381281 -29.854645 12.579548 0.422193 -11.797576
-8.878824 0.032009 -30.380627 -14.628575 25.058428 -21.383482 -29.853426 12.577859 0.425154 -11.799554
-8.881663 0.030689 -30.382792 -14.628036 25.054972 -21.383717 -29.853022 12.582035 0.427538 -11.796292
-8.882565 0.030515 -30.384357 -14.625856 25.054445 -21.384947 -29.854221 12.581871 0.429650 -11.797590
-8.882881 0.029427 -30.384165 -14.624330 25.051680 -21.382179 -29.855207 12.581682 0.432885 -11.799350
-8.885184 0.030956 -30.384539 -14.623034 25.050711 -21.377800 -29.854807 12.584575 0.434963 -11.798041
-8.882563 0.030061 -30.384096 -14.622646 25.053051 -21.375624 -29.855236 12.585752 0.434923 -11.801355
-8.881422 0.029786 -30.383257 -14.621832 25.053057 -21.372328 -29.853977 12.585980 0.436169 -11.802405
-8.883840 0.029639 -30.383551 -14.622147 25.052090 -21.372152 -29.855330 12.586172 0.438761 -11.804456
-8.885493 0.029950 -30.386133 -14.619891 25.049000 -21.375465 -29.855217 12.583627 0.440352 -11.803469
-8.885438 0.031831 -30.385437 -14.617709 25.050720 -21.370281 -29.856297 12.584923 0.439836 -11.804777
-8.886208 0.031746 -30.386032 -14.617785 25.049931 -21.371357 -29.857031 12.585598 0.440429 -11.804991
-8.884962 0.031492 -30.382725 -14.617723 25.050142 -21.369032 -29.857574 12.580540 0.439341 -11.807768
-8.891780 0.033050 -30.385271 -14.616320 25.044250 -21.366425 -29.859203 12.585028 0.443330 -11.802768
-8.893052 0.032705 -30.386902 -14.614736 25.043394 -21.364660 -29.860785 12.587036 0.446311 -11.804784
-8.898054 0.031943 -30.392811 -14.611197 25.038595 -21.360380 -29.862234 12.594226 0.453092 -11.805056
-8.900665 0.033397 -30.392935 -14.611087 25.036812 -21.362795 -29.861755 12.592788 0.454099 -11.801654
-8.900658 0.030933 -30.393700 -14.612291 25.037647 -21.361649 -29.860838 12.595568 0.454556 -11.802098
-8.906387 0.030117 -30.398678 -14.608955 25.031948 -21.356941 -29.863283 12.604718 0.463039 -11.801741
-8.760554 -0.138574 -30.392849 -14.686701 25.091984 -21.396790 -29.717270 12.503568 0.369203 -11.899699
-8.303231 -0.641732 -30.182287 -15.127026 25.285227 -21.575602 -29.282381 12.234454 -0.034562 -12.113438
-7.524580 -1.498087 -29.892111 -15.804150 25.415237 -21.650505 -28.423735 11.705622 -0.513070 -12.408240
-6.273590 -2.823574 -29.683523 -16.671774 25.388643 -21.576031 -26.867163 10.952071 -1.098800 -12.821257
-4.543643 -4.483792 -29.332455 -17.758703 25.408461 -21.447456 -24.713520 9.458562 -1.981423 -13.428491
-3.411990 -6.050675 -29.321726 -19.015755 25.317362 -21.438332 -22.363398 8.528444 -2.524444 -13.668377
-2.332098 -7.843253 -29.179960 -20.534435 24.748495 -20.950491 -19.884750 7.407472 -3.247470 -13.488208
-2.341527 -8.942457 -28.772785 -22.138737 23.860176 -20.413145 -17.798630 6.648076 -3.607324 -12.576079
-2.509934 -9.818700 -28.508560 -23.782444 23.085115 -20.170156 -15.452006 5.806573 -4.084981 -11.516320
-3.087217 -10.130548 -27.493366 -25.854078 22.440554 -20.232433 -13.541011 5.025760 -4.800894 -9.707927
-3.488814 -10.530810 -26.370872 -27.867220 21.672316 -19.949141 -11.857676 3.951647 -5.692007 -8.256136
-4.091083 -10.388018 -25.079611 -29.723372 21.083792 -20.171700 -10.501398 2.826503 -6.301868 -6.628210
-5.036889 -10.323686 -23.435209 -32.204430 20.937006 -20.562353 -8.622768 1.803412 -6.792847 -4.457581
-6.085998 -10.227979 -21.678686 -34.559708 20.862625 -20.398945 -7.041187 0.570270 -7.803403 -2.307029
-7.283886 -10.220187 -20.452324 -36.529385 20.604792 -20.138800 -5.585425 -0.194811 -8.573601 -0.420139
-8.620507 -10.168962 -18.928305 -38.472298 20.279531 -19.578165 -4.461968 -0.899380 -8.971063 1.188682
-9.446923 -10.065404 -17.794212 -39.829128 20.074007 -19.127493 -3.517161 -1.523194 -9.436831 2.633617
-10.159208 -9.906278 -16.922796 -40.768139 19.971107 -18.690170 -2.970557 -1.940052 -9.661880 3.742764
-10.535125 -9.826472 -16.393597 -41.313019 19.847624 -18.379877 -2.641206 -2.160889 -9.738791 4.456112
-10.699718 -9.824093 -16.231798 -41.527882 19.788052 -18.254047 -2.477266 -2.245120 -9.770549 4.706403
-10.311866 -10.072108 -16.333574 -41.279839 19.550537 -18.135674 -2.595147 -2.231283 -9.233720 4.246243
-9.081563 -10.726677 -16.435207 -40.275013 18.736761 -17.073099 -3.335189 -2.214662 -7.325275 2.932195
-6.765910 -11.354883 -16.607193 -38.096851 17.202814 -15.482532 -4.889695 -1.894430 -3.653768 0.603745
-2.982939 -12.266286 -17.229473 -34.786983 15.936126 -13.319293 -6.610653 -0.819026 0.208918 -3.408502
-0.283718 -12.571561 -17.518183 -32.048862 15.593801 -11.339825 -7.326040 0.187813 3.849503 -6.626479
0.963459 -12.825939 -17.270447 -31.189379 15.478426 -9.682014 -5.290244 -1.091939 6.900776 -8.274823
2.100659 -13.728928 -17.781803 -30.207693 15.915166 -8.268409 -2.519614 -2.289951 10.301583 -10.523561
1.944305 -14.148667 -18.397522 -29.055492 15.065753 -5.857471 -0.274869 -2.227223 14.844459 -12.445743
1.398913 -12.325843 -19.111996 -27.912491 13.201993 -3.853723 2.879820 -1.335508 21.452374 -13.282059
1.442175 -9.688820 -17.883547 -28.103577 11.055429 -1.897051 6.312917 -3.264813 25.566893 -11.911694
0.613135 -9.680045 -15.352639 -29.293859 6.640591 2.761462 9.675362 -6.955212 28.652702 -8.686217
-0.028985 -7.830761 -12.959412 -30.387846 4.255198 5.162161 12.089808 -10.976505 30.617725 -6.419070
2.173436 -6.442970 -8.119518 -30.396824 3.475561 6.271648 12.482975 -13.318748 31.869282 -3.348116
4.946334 -3.883720 -1.816858 -29.927881 3.511104 7.891254 9.076175 -15.956293 32.598492 -1.066897
5.010920 1.255556 0.597611 -26.932337 3.360797 8.212443 4.566995 -16.476587 34.279079 1.023972
4.757050 5.478168 1.769763 -23.845667 2.994643 8.577054 -0.665333 -16.004251 35.701370 2.327714
3.427397 8.382531 0.942751 -19.654526 2.624801 9.410099 -5.557294 -15.082870 36.570961 2.675041
2.512493 10.594254 -0.044365 -14.933372 2.659478 10.750446 -11.391091 -14.267926 38.040215 0.947417
2.445647 11.518566 -1.009932 -12.228078 2.227513 11.151789 -14.240793 -13.800991 38.296864 0.548430
2.408409 11.899817 -1.205020 -11.590940 2.000638 11.192575 -14.785147 -13.884583 38.256332 0.740906
2.498264 11.961637 -1.224846 -11.499944 1.987415 11.172859 -14.799628 -13.927814 38.305149 0.798126
2.788461 12.082840 -1.275995 -11.193120 1.920172 11.165086 -14.975128 -14.017138 38.416065 0.831111
3.294623 12.255039 -1.365861 -10.745206 1.770820 11.193084 -15.071591 -14.183025 38.645988 0.838445
3.888562 12.607513 -1.468402 -10.274717 1.585060 11.100920 -14.802062 -14.583631 38.920055 1.170308
4.485590 13.121423 -1.645764 -9.835642 1.212057 10.924205 -14.233829 -15.181725 39.155693 1.781193
5.478741 13.616469 -1.854130 -9.477989 0.609551 10.517310 -13.373109 -15.862981 39.097027 2.979051
6.731152 13.897398 -1.768698 -9.313507 -0.147523 10.316236 -12.355486 -16.587183 39.074455 4.025229
8.086081 13.903790 -1.997967 -9.006349 -0.562102 9.843210 -11.000073 -17.434555 38.773117 4.771943
9.637408 13.854545 -2.193873 -8.402036 -1.119146 9.501431 -9.982499 -18.362089 38.559208 5.357032
11.291107 13.791608 -2.206829 -7.963294 -1.657040 9.235938 -9.209530 -18.968960 38.608589 5.726971
12.667144 13.747590 -2.282426 -7.688755 -2.130818 9.010241 -8.148535 -19.790359 38.608604 6.034557
14.423542 13.444149 -2.064309 -7.439012 -2.724298 9.025403 -7.177318 -20.678345 38.778748 6.356261
16.411379 12.986424 -1.960781 -6.940089 -3.233258 9.040923 -6.450316 -21.473883 38.941036 6.553478
18.175455 12.439555 -1.721555 -6.749843 -3.754680 8.972501 -5.755443 -21.833578 39.073849 7.039358
19.613985 11.884402 -1.595824 -6.666999 -4.202277 8.872319 -4.638903 -22.419701 39.127033 7.506084
20.531260 11.461168 -1.452330 -6.448333 -4.610732 8.989633 -3.787966 -23.052084 39.191547 7.761930
21.448463 10.966023 -1.587337 -6.153298 -4.823944 8.902555 -2.985415 -23.403290 39.211445 7.808625
22.049019 10.644273 -1.539794 -6.124797 -4.960222 8.870462 -2.480521 -23.584951 39.169285 7.881724
22.380686 10.472222 -1.545988 -6.042778 -5.027770 8.851522 -2.139594 -23.744596 39.150349 7.909692
22.547022 10.394331 -1.558719 -6.063007 -4.993335 8.803338 -2.009576 -23.768826 39.154507 7.872020
22.617435 10.283711 -1.536821 -6.221794 -4.936359 8.784609 -1.831965 -23.759964 39.200710 7.796333
22.769697 9.931100 -1.264916 -6.788601 -4.796179 8.816944 -1.449550 -23.714724 39.259235 7.633343
22.858116 9.505744 -1.086496 -7.611341 -4.450947 8.653522 -0.706199 -23.594870 39.332443 7.418047
22.843512 8.753139 -1.128832 -8.822483 -3.888628 8.388797 0.686703 -23.349674 39.494434 6.962560
22.541428 7.822403 -1.297875 -10.329077 -3.212874 8.094007 2.225183 -22.782516 39.831993 6.256881
22.119616 6.856198 -1.262897 -12.245766 -2.361485 7.683434 3.746721 -21.887915 40.216469 5.300382
21.398558 6.099976 -1.526479 -14.129058 -1.397026 7.029650 5.178658 -20.803068 40.179646 4.492991
20.461002 5.268881 -2.402285 -15.562263 -0.619160 6.544778 6.985539 -19.843895 40.364250 3.485530
19.300261 4.310942 -3.825341 -16.629000 0.206852 6.095449 9.169557 -18.831724 40.462292 2.437921
