-4.501229 -2.859816 -22.704199 -24.074671 23.872063 -14.129939 -24.360069 15.942129 -4.254683 -2.817425
-4.501229 -2.859816 -22.704199 -24.074671 23.872063 -14.129939 -24.360069 15.942129 -4.254683 -2.817425
-4.501229 -2.859816 -22.704199 -24.074671 23.872063 -14.129939 -24.360069 15.942129 -4.254683 -2.817425
-4.501229 -2.859816 -22.704199 -24.074671 23.872063 -14.129939 -24.360069 15.942129 -4.254683 -2.817425
-4.501229 -2.859816 -22.704199 -24.074671 23.872063 -14.129939 -24.360069 15.942129 -4.254683 -2.817425
-4.785988 -3.264172 -23.034647 -24.471996 23.968931 -13.338365 -23.596798 15.826900 -4.394852 -3.194043
-4.768967 -3.240940 -23.004671 -24.456289 23.978498 -13.233800 -23.533930 15.766798 -4.344682 -3.210798
-4.767474 -3.245129 -22.998348 -24.465155 23.980904 -13.250807 -23.528744 15.770353 -4.342242 -3.214450
-4.770893 -3.239672 -22.998482 -24.463625 23.989695 -13.257038 -23.526358 15.764315 -4.347309 -3.212523
-4.770995 -3.239621 -22.997499 -24.463768 23.989708 -13.255379 -23.525141 15.763338 -4.347014 -3.212875
-4.770525 -3.241132 -22.996277 -24.465742 23.987562 -13.254865 -23.523033 15.764267 -4.344285 -3.213825
-4.770950 -3.240599 -22.995649 -24.465885 23.989618 -13.254616 -23.522320 15.764066 -4.344878 -3.214350
-4.770358 -3.240366 -22.994541 -24.466496 23.990026 -13.256555 -23.521450 15.762864 -4.344851 -3.214291
-4.770055 -3.239990 -22.993231 -24.467499 23.992237 -13.258284 -23.522350 15.763366 -4.345286 -3.214605
-4.770040 -3.240666 -22.994144 -24.467201 23.991121 -13.258700 -23.521214 15.764315 -4.345225 -3.213799
-4.771843 -3.240753 -22.995251 -24.467245 23.990490 -13.259716 -23.520897 15.764091 -4.345890 -3.213952
-4.769369 -3.241621 -22.995405 -24.466900 23.990761 -13.259153 -23.518694 15.766241 -4.343834 -3.213572
-4.770149 -3.242797 -22.995367 -24.468052 23.990181 -13.256694 -23.515287 15.765552 -4.343210 -3.214417
-4.771509 -3.241164 -22.995518 -24.467487 23.991711 -13.257833 -23.515305 15.763616 -4.344748 -3.213802
-4.773470 -3.241824 -22.996317 -24.468315 23.990337 -13.257612 -23.514555 15.764123 -4.344237 -3.214691
-4.773076 -3.242332 -22.995378 -24.468454 23.989468 -13.255871 -23.513702 15.764689 -4.342715 -3.215127
-4.774785 -3.242252 -22.995998 -24.468990 23.988977 -13.256696 -23.513029 15.763680 -4.343615 -3.214548
-4.774385 -3.242880 -22.997351 -24.467915 23.990442 -13.255000 -23.512568 15.764875 -4.345081 -3.215029
-4.772902 -3.243601 -22.995888 -24.468002 23.990845 -13.254409 -23.511566 15.765855 -4.344667 -3.215292
-4.771328 -3.241878 -22.995260 -24.466045 23.993156 -13.253611 -23.511253 15.763858 -4.345195 -3.214953
-4.771446 -3.241518 -22.994883 -24.466196 23.994322 -13.255112 -23.511103 15.764787 -4.345420 -3.214728
-4.769671 -3.243579 -22.994474 -24.465986 23.993498 -13.253048 -23.510710 15.766746 -4.344782 -3.215895
-4.769765 -3.247239 -22.996449 -24.467737 23.990093 -13.251904 -23.509386 15.770798 -4.343796 -3.216241
-4.771153 -3.246928 -22.997068 -24.468464 23.989634 -13.252778 -23.507917 15.768931 -4.344309 -3.215643
-4.770117 -3.244954 -22.995785 -24.467211 23.994766 -13.254835 -23.509586 15.768734 -4.346539 -3.215742
-4.770209 -3.245606 -22.996059 -24.467585 23.993938 -13.254827 -23.509615 15.769444 -4.346026 -3.215993
-4.855112 -3.251973 -23.060648 -24.495667 23.929888 -13.268451 -23.440779 15.685215 -4.345753 -3.209170
-5.129330 -3.287088 -23.129219 -24.633595 23.716331 -13.223117 -23.348829 15.392161 -4.387583 -3.225256
-5.601815 -3.363347 -23.358734 -24.850901 23.353115 -13.260399 -23.009874 15.005427 -4.385983 -3.189610
-6.202597 -3.376153 -23.679132 -24.988148 22.751478 -13.262777 -22.386341 14.351537 -4.223102 -3.042013
-6.842201 -3.368689 -24.096413 -25.069506 21.918932 -13.248601 -21.376078 13.432698 -3.947608 -2.697150
-7.656573 -3.615981 -24.837778 -25.278540 20.696066 -13.296842 -20.211124 12.608640 -3.608136 -2.309628
-8.577566 -3.782008 -25.664640 -25.447929 19.408709 -13.418768 -18.865675 11.590784 -3.273848 -1.790683
-9.850530 -3.847148 -26.509865 -25.714327 18.322601 -13.584055 -17.603228 10.580642 -2.983309 -1.378586
-11.297417 -4.048000 -27.512981 -26.056446 16.930002 -13.674426 -16.277466 9.564639 -2.742419 -0.884588
-12.855684 -4.158478 -28.360653 -26.427818 15.302328 -13.600204 -15.200478 8.317536 -2.474616 -0.418544
-14.419701 -4.199709 -28.911865 -26.899422 14.048901 -13.404488 -14.062291 6.975338 -2.313221 -0.019677
-15.579312 -4.463717 -29.479395 -27.310350 12.632854 -13.204571 -12.803851 5.849041 -2.229606 0.505320
-16.867088 -4.814840 -29.780416 -27.792377 10.777691 -12.608003 -11.740658 4.820809 -1.793683 0.970635
-17.836790 -5.080957 -29.977165 -28.184828 9.448384 -12.066229 -10.894682 4.021411 -1.441865 1.353988
-18.780209 -5.310559 -30.291924 -28.476103 7.992208 -11.631966 -10.388669 3.374328 -1.026373 1.712751
-19.378866 -5.520823 -30.464949 -28.647150 6.720717 -11.117016 -9.880879 2.735552 -0.600521 2.015928
-19.626778 -5.733658 -30.574614 -28.755535 5.802808 -10.721345 -9.350966 2.318138 -0.289386 2.373760
-19.960369 -5.900876 -30.657125 -28.960268 5.254436 -10.485788 -9.008684 2.081752 -0.128119 2.586305
-20.117794 -5.980971 -30.729647 -29.049934 4.952761 -10.392430 -8.760862 1.918727 -0.070057 2.758845
-20.188759 -6.008955 -30.721399 -29.103928 4.848173 -10.325143 -8.684295 1.836141 -0.036609 2.796216
-20.140194 -6.027272 -30.657370 -29.253551 4.748640 -10.347393 -8.563916 1.773540 0.241716 2.701532
-19.623436 -6.066396 -30.165953 -29.666397 4.960977 -10.295535 -8.250120 1.746225 1.033783 2.245844
-17.946018 -6.418313 -29.286318 -30.225203 5.183896 -10.352104 -7.701889 2.280470 2.423443 1.592693
-14.307116 -6.946452 -27.442528 -30.426668 5.877661 -9.324621 -6.588951 3.219281 4.618443 0.515238
-10.730308 -7.165824 -25.205605 -30.310984 7.286757 -8.112385 -6.726097 4.609501 6.376295 -0.798638
-6.002345 -7.225940 -22.485846 -30.007622 9.551014 -7.275008 -5.996806 6.108287 8.264097 -1.793399
-1.948447 -7.672028 -20.159218 -29.860241 10.648911 -6.711723 -5.124215 7.137210 9.922400 -2.178590
1.688449 -7.657269 -18.098747 -29.415297 11.567813 -6.152221 -2.966133 7.269568 12.146354 -2.087457
5.118258 -6.947272 -15.748507 -28.613924 12.567241 -5.360022 -0.441875 6.951830 14.853848 -1.697831
7.332762 -6.019463 -13.497707 -28.244917 11.977183 -3.902995 1.629795 5.690952 18.385796 -1.591793
7.958845 -4.843911 -11.514098 -28.063540 10.701050 -2.565959 4.356954 2.721212 20.321930 -0.564084
9.058926 -3.402813 -8.158739 -28.139397 9.392327 -0.665834 6.297055 -0.161622 23.245354 -0.056696
9.643510 -1.509883 -4.902644 -28.083740 8.660003 1.483905 7.334879 -4.415741 24.504128 0.348259
9.088778 -0.234601 -3.406358 -28.082302 6.274891 2.922050 7.820099 -8.457957 25.157337 0.894075
8.912467 0.509297 -2.596390 -27.434988 3.420265 4.092625 6.927167 -11.028186 25.509663 1.766556
8.025909 1.466046 -2.591853 -26.393148 0.043616 5.138636 5.295123 -14.014653 25.160427 3.050911
7.515875 2.200668 -2.728936 -25.155851 -3.151686 6.253385 3.390323 -15.903167 25.024260 4.222350
7.077296 2.600136 -3.079382 -24.214817 -5.834167 6.920944 2.397612 -17.335236 24.648720 5.601429
6.712002 2.686869 -3.203838 -23.843176 -7.343848 7.276746 1.455916 -17.920610 24.174072 6.241686
6.710105 2.690089 -3.203315 -23.729956 -7.787999 7.347707 1.215367 -18.042494 24.038237 6.456014
6.760627 2.717998 -3.185050 -23.700666 -7.819667 7.344363 1.242694 -18.069738 24.080791 6.507885
6.924490 2.768426 -3.140465 -23.609547 -7.896177 7.334636 1.269615 -18.113722 24.123201 6.641316
7.169505 2.803360 -3.076046 -23.512878 -7.954181 7.296160 1.377876 -18.121950 24.181202 6.815077
7.491934 2.874232 -3.055232 -23.333937 -8.096477 7.230474 1.642169 -18.152897 24.351929 7.134692
8.090111 2.940093 -2.955379 -23.063772 -8.198236 7.216032 1.983082 -18.029457 24.754982 7.521748
8.513802 3.070824 -2.799172 -22.833759 -8.515292 7.226270 2.140363 -18.194452 24.970196 7.883303
9.242435 3.134258 -2.541671 -22.549242 -8.741981 7.205978 2.404564 -18.182209 25.250200 8.283468
9.876037 3.077753 -2.489194 -22.357853 -9.086401 7.000940 3.307323 -18.260471 25.581270 8.823030
10.380984 3.032209 -2.516683 -22.198809 -9.536814 6.762730 4.384295 -18.462387 25.966402 9.424536
10.908560 3.083000 -2.518892 -21.984173 -9.904601 6.555233 5.496897 -18.713678 26.444523 10.083724
11.594347 3.177068 -2.438122 -21.698280 -10.137958 6.396323 6.709544 -18.938217 26.916641 10.794380
12.306747 3.306442 -2.188789 -21.427340 -10.275245 6.346527 7.670603 -19.216881 27.401482 11.302027
12.918323 3.432962 -2.024095 -21.100508 -10.342122 6.276841 8.305002 -19.341543 27.838524 11.658754
13.606870 3.444501 -1.815742 -20.804632 -10.448816 6.241500 8.813455 -19.310415 28.221117 11.931116
14.287305 3.310391 -1.558504 -20.624365 -10.628219 6.302770 9.455981 -19.173054 28.726278 12.176489
14.714664 3.207288 -1.362005 -20.511219 -10.857844 6.383799 9.846423 -19.115637 29.035385 12.344677
14.987201 3.150208 -1.271865 -20.454636 -10.909285 6.376013 10.170717 -19.041784 29.269802 12.423249
15.129762 3.083630 -1.260527 -20.442385 -10.967858 6.342649 10.417851 -18.999844 29.362179 12.480633
15.235233 3.028300 -1.268206 -20.426641 -10.979076 6.295794 10.626080 -18.954065 29.430538 12.539124
15.290898 3.002871 -1.281973 -20.421309 -10.951725 6.258851 10.722028 -18.912973 29.452074 12.559303
15.241557 3.023050 -1.350066 -20.441385 -10.840297 6.186388 10.775995 -18.869881 29.451082 12.545605
15.129313 3.072057 -1.429282 -20.517807 -10.580273 6.059786 10.822496 -18.765299 29.474510 12.465469
15.148858 3.104218 -1.634387 -20.587332 -10.046710 5.720068 11.160089 -18.492413 29.550678 12.422205
15.289757 3.090099 -1.928789 -20.728422 -9.210621 5.175674 11.791029 -18.044226 29.642042 12.376026
15.427320 3.115055 -2.251484 -20.914219 -8.116874 4.511758 12.385180 -17.481773 29.690290 12.217867
15.531364 2.983646 -2.636448 -21.245531 -6.741754 3.748987 12.956460 -16.516054 29.800558 11.895292
15.594529 2.691627 -3.066031 -21.667826 -5.350308 3.015404 13.146340 -15.233067 29.678490 11.467803
15.706359 2.383811 -3.682015 -22.106871 -3.751498 2.095160 13.755320 -14.054541 29.373047 11.098030
15.924604 2.079918 -4.537824 -22.379749 -2.090791 0.992057 14.424926 -12.611413 29.250092 10.785254
