-0.824597 -1.723725 -43.309174 -8.043633 -1.962930 3.679140 4.334707 4.366607 -2.933610 22.246571
0.927187 -2.575580 -46.515476 -8.434273 -3.280535 -2.539843 5.992123 5.003064 -0.988214 17.799870
-0.097514 -1.237834 -48.083645 -10.083470 -4.024875 -8.732350 9.198033 5.358553 4.607660 15.419533
-1.211450 2.344550 -43.682842 -15.238979 -1.376508 -15.871703 13.569876 6.415652 10.148663 19.368172
-3.850025 3.383788 -38.577641 -20.126045 1.643888 -19.174889 17.867510 3.866341 14.238965 23.251282
-1.397312 2.926105 -33.291836 -23.150057 4.071437 -19.342531 21.447527 0.598395 16.886261 23.907539
1.778228 2.795378 -29.023733 -24.044956 5.373609 -17.513126 22.372065 -1.130260 21.743633 20.582491
1.295262 4.648600 -26.814688 -21.571909 5.381433 -13.254526 20.448540 -2.074648 27.865126 16.972403
1.855395 6.139779 -24.237986 -20.369364 3.447661 -9.466101 19.116201 -4.610659 31.447733 15.435054
4.058665 6.308603 -19.462942 -20.874989 -0.520385 -4.653895 18.648600 -8.207740 33.140034 16.746395
7.386977 5.745672 -12.644177 -23.467947 -4.777583 -0.035091 18.159039 -11.498137 34.260757 17.378731
12.393707 5.754725 -7.151141 -23.375576 -7.769834 3.487168 15.034947 -13.391338 35.898853 17.398006
16.471338 7.092466 -4.343287 -19.442854 -10.165446 6.480194 10.004129 -14.197386 38.493130 16.550531
18.573078 8.590966 -3.612960 -14.777499 -12.383554 8.607277 5.537566 -15.294791 39.650352 16.812935
19.740433 9.972212 -3.338536 -11.739775 -13.940456 9.538206 2.632398 -15.774827 40.094280 17.311199
19.951414 10.271185 -3.594125 -10.667654 -14.245413 9.715711 1.732770 -15.706676 40.170612 17.233580
19.567263 10.477305 -3.523596 -10.751035 -14.129273 9.802443 1.238656 -15.525047 40.209965 17.090725
18.169920 11.164851 -3.336371 -11.098345 -13.599923 9.989730 0.028975 -15.078619 40.282543 16.746576
15.934290 11.929968 -3.519552 -11.515120 -12.565527 9.916913 -1.816360 -14.053411 40.010372 16.085587
12.955903 12.812137 -3.331834 -12.483082 -11.154865 9.704695 -3.794646 -12.912441 39.478119 15.317253
10.309426 13.504495 -3.082350 -12.866740 -9.819753 9.770057 -6.404474 -11.565890 39.066448 14.401610
7.374876 14.010938 -2.718872 -13.806167 -8.486995 10.048807 -8.550016 -10.348039 38.821236 13.325063
4.939347 14.110411 -2.393206 -14.534809 -7.468856 10.307576 -10.712820 -9.148843 38.501537 12.193992
3.076484 13.661809 -2.125798 -15.374116 -6.577952 10.407390 -11.826465 -8.139561 37.977146 11.094066
1.932275 13.352111 -1.863644 -16.220263 -6.193020 10.445913 -12.037566 -7.816885 37.545300 10.743863
1.515664 13.204204 -1.745665 -16.624739 -6.026204 10.416993 -11.951650 -7.709959 37.321766 10.649873
1.094716 11.576777 -1.205695 -19.820093 -5.420004 10.069810 -8.443438 -7.807081 37.020214 10.746354
3.141897 6.516681 -0.311591 -27.734289 -5.025309 8.467669 2.250569 -8.913757 36.146671 11.346194
4.028005 -1.904111 -3.469414 -33.090652 -2.524933 6.437229 11.091658 -8.614892 33.064198 7.334579
0.783995 -6.498383 -11.169640 -33.595238 2.051029 2.868282 12.205081 -5.363504 30.391020 0.051814
0.223125 -9.945415 -17.107828 -30.564802 7.572621 -1.517010 6.758745 0.942471 26.486179 -8.137760
-2.102102 -13.698004 -19.509275 -30.915485 10.941945 -4.976511 0.061763 1.559320 16.898335 -9.289960
-2.605376 -14.048158 -19.408962 -32.088779 12.106765 -8.099396 -5.714373 4.260405 10.160905 -7.400272
-6.787826 -14.382529 -20.509405 -35.096642 12.807023 -11.313721 -6.873659 5.272496 4.283134 -4.076492
-12.896685 -13.119953 -19.984215 -40.175365 14.561517 -14.336320 -3.633923 5.080013 -2.208245 2.627544
-14.333411 -12.603656 -19.762459 -41.418415 15.048705 -14.924198 -2.488946 5.167090 -4.480348 4.731290
-13.693313 -12.710433 -20.353786 -40.634823 15.064624 -15.173852 -2.886401 5.331071 -4.311079 3.879393
-12.133271 -13.010018 -22.368507 -38.352268 15.209448 -15.838067 -4.290858 6.295045 -3.526755 1.323403
-9.718759 -13.417155 -25.184576 -34.661736 15.205295 -16.246241 -6.758052 8.150873 -1.980949 -2.118528
-7.716204 -14.153364 -28.565081 -30.666607 15.373112 -16.209385 -10.196360 10.744654 -0.621205 -6.738091
-6.768713 -13.887445 -30.663567 -27.160492 15.926592 -15.944057 -12.792852 12.673438 1.022943 -8.998283
-6.153712 -12.399584 -31.662403 -23.596853 16.344519 -15.825308 -16.382746 14.048081 2.152491 -10.309144
-7.567071 -10.121917 -32.744133 -20.911243 16.563881 -16.074322 -20.470297 16.733942 3.676687 -10.711793
-10.184440 -7.420899 -33.206512 -18.765335 16.121090 -15.755963 -24.592108 19.501038 5.201945 -9.873069
-11.836069 -5.663651 -33.761452 -17.503002 15.993141 -15.842194 -27.024092 21.462824 6.215607 -9.353410
-12.171638 -5.069440 -33.810432 -17.039606 15.780014 -15.645751 -27.562441 21.829306 6.627351 -9.033832
-12.168448 -5.068100 -33.806732 -17.038763 15.781514 -15.636054 -27.562098 21.827818 6.624301 -9.034329
-12.172086 -5.069286 -33.807281 -17.039980 15.777379 -15.639564 -27.563040 21.824453 6.628988 -9.034287
-12.173475 -5.066108 -33.808704 -17.038288 15.775967 -15.642507 -27.563091 21.825314 6.630060 -9.030091
-12.174952 -5.068438 -33.809547 -17.038616 15.770503 -15.646904 -27.564602 21.819345 6.631357 -9.032819
