15.711856 3.933950 -8.260300 -20.083355 -6.513115 4.966073 13.303021 -10.790269 40.604366 8.333694
13.866002 3.223535 -12.163816 -19.746763 -3.623391 2.891563 15.225529 -8.946540 41.016865 4.796381
11.382771 3.277049 -15.996027 -18.487469 -1.339813 1.041177 14.941998 -6.872432 41.081402 2.651825
10.843382 5.043232 -19.168085 -18.134640 3.539457 -3.418325 14.418336 -3.754128 38.181267 3.944965
9.388000 3.695410 -23.356937 -17.434956 5.785807 -6.309597 14.023046 -0.731195 37.277996 1.878175
10.159429 0.989788 -26.140520 -18.065298 7.568578 -8.885798 14.535557 1.873704 34.782749 -0.716411
11.066326 -1.428024 -28.809420 -18.286964 8.478637 -11.154768 14.891199 3.140370 30.932217 -1.434648
11.966721 -3.851134 -32.427292 -18.324104 8.863461 -13.055190 14.958647 5.372692 27.428761 -2.495330
12.372081 -5.940336 -34.979378 -19.120308 9.401409 -15.009784 15.143311 7.376719 24.072388 -3.021468
10.235577 -6.184450 -36.601566 -19.880602 9.811434 -16.273932 15.519024 8.669458 21.843790 -1.521949
7.888837 -5.904528 -37.702862 -20.753040 10.276097 -17.642143 15.203594 10.215600 20.200766 0.089987
5.990496 -5.953286 -39.166222 -21.454842 10.354239 -18.701754 15.505033 11.127046 18.374413 1.441043
3.983802 -5.858109 -41.088387 -21.299040 9.998415 -19.264719 15.357224 11.969477 16.573860 2.698387
2.810918 -6.002384 -42.422859 -20.776552 9.765572 -19.397808 14.418532 12.881809 15.636528 2.658547
2.235338 -6.259241 -42.893883 -20.801985 9.548661 -19.353325 14.142995 13.219009 14.924619 2.913908
2.019168 -6.262173 -42.995583 -20.839697 9.474766 -19.350452 14.071323 13.288269 14.746784 3.045413
1.882558 -6.524051 -43.052151 -21.037249 9.177845 -19.171665 14.478901 12.846642 14.462190 3.334416
1.004150 -7.230268 -43.011482 -21.777672 8.263997 -18.548370 15.319431 11.461782 13.400650 4.394441
-0.518465 -8.226506 -42.869801 -22.967188 6.936838 -17.686377 16.043573 9.524411 11.568261 5.946611
-2.336370 -9.156415 -41.924862 -24.672421 5.313232 -16.659246 16.747755 6.830656 9.295001 8.080122
-4.961612 -9.797801 -40.082745 -27.300314 3.568570 -15.798026 17.934032 3.750111 6.760590 11.807195
-7.113710 -10.218321 -38.597034 -29.038063 1.740031 -14.627072 18.859322 1.167602 5.357806 14.718881
-8.573065 -10.527580 -36.828880 -30.628429 0.417608 -13.313131 20.375853 -1.338052 4.655229 17.208138
-8.932198 -10.498791 -35.957443 -30.969875 -0.923895 -12.073800 21.422598 -3.522630 4.306542 18.938007
-8.517564 -10.639457 -35.698845 -30.817629 -1.609404 -11.482170 21.898090 -4.669420 4.364974 19.268135
-8.292640 -10.706025 -35.530216 -30.673258 -1.865317 -11.195611 21.888346 -5.084796 4.452849 19.218552
-6.775078 -11.459333 -34.409672 -30.961357 -1.227471 -10.489534 21.750824 -5.049775 5.550683 17.331642
0.009463 -13.192218 -31.924965 -29.132650 1.043801 -8.608788 18.826565 -3.460150 9.946006 9.037878
4.870173 -14.630905 -30.028395 -27.457123 2.759184 -5.999818 14.813126 -0.987504 15.702561 -0.204374
6.752922 -13.818282 -19.315294 -28.896624 7.597425 -1.324644 8.450125 0.079029 23.964653 -9.202762
12.132197 -10.277976 -7.760461 -28.762726 7.175093 -0.822170 -7.449547 4.046406 22.636351 -5.070515
18.057549 -5.825529 -5.447482 -23.288662 2.099782 1.819015 -13.696882 4.414516 23.003841 -0.597482
27.382990 -9.171619 -7.639083 -17.727793 -2.014303 7.232786 -16.086432 0.222782 12.229308 -0.741952
35.126747 -8.919381 -13.377410 -13.354158 -4.220968 8.039425 -11.767642 -0.435362 8.055635 -1.048072
41.074898 -7.617000 -17.717684 -13.431666 -1.813037 2.768024 -0.245930 -0.452227 5.125408 3.551461
42.034222 -8.812902 -17.871058 -14.892396 -1.924325 1.551796 2.955073 -1.663792 3.348479 4.397167
42.221455 -8.675588 -17.927477 -14.721444 -2.066073 1.570722 2.706317 -1.325613 3.596048 4.734005
42.059212 -8.000847 -16.498634 -14.817994 -2.400275 2.385032 0.713133 -0.629726 3.911611 5.865974
41.406921 -7.402990 -13.320504 -15.612836 -3.674984 3.871118 -3.060357 -0.216402 3.654978 7.585980
40.955830 -7.941908 -8.349769 -18.475845 -5.546590 5.056021 -6.960674 -0.899263 1.769093 9.334495
38.930347 -9.167937 -5.375552 -20.148726 -7.541065 5.988164 -10.327559 -1.000949 0.789424 11.057768
37.632465 -10.284095 -1.995571 -21.896868 -8.149540 6.725168 -11.658711 -1.802453 -0.104704 13.471967
36.753422 -11.618734 0.595421 -23.401333 -8.354997 7.008572 -12.902938 -2.487118 -2.087493 15.773601
36.764988 -12.804513 3.269104 -24.893177 -8.094251 6.924632 -13.477585 -3.345943 -4.462977 18.430359
36.384922 -13.360208 4.663040 -25.895708 -7.637300 6.700649 -13.244873 -3.861777 -5.562410 19.901474
35.962578 -13.365251 4.854511 -26.035410 -7.488283 6.548850 -13.191935 -4.063163 -5.850145 20.165977
0.000000 0.000000 0.000000 0.000000 0.000000 0.000000 0.000000 0.000000 0.000000 0.000000
0.000000 0.000000 0.000000 0.000000 0.000000 0.000000 0.000000 0.000000 0.000000 0.000000
0.000000 0.000000 0.000000 0.000000 0.000000 0.000000 0.000000 0.000000 0.000000 0.000000
0.000000 0.000000 0.000000 0.000000 0.000000 0.000000 0.000000 0.000000 0.000000 0.000000
