17.383209 1.073636 -7.208339 -19.656149 -2.476796 -0.375343 7.992317 -0.895339 35.852432 8.087835
16.798122 1.266650 -9.711357 -19.583063 1.304213 -2.800203 9.496930 0.963119 34.847683 7.701945
14.661640 1.690861 -12.766849 -19.558725 5.135677 -5.316390 9.320439 2.676059 32.394592 7.339304
11.606545 1.465593 -16.730289 -20.328657 7.325239 -7.380788 12.215588 2.045216 29.063297 8.329906
9.845523 0.766101 -18.816887 -21.617523 11.074790 -9.505056 12.841748 3.629101 26.424889 7.247313
8.911139 -0.243308 -20.536118 -22.409451 13.501761 -11.049188 13.084455 5.097964 23.824810 6.404230
7.641961 -1.352783 -22.572458 -23.082325 15.214149 -12.712420 12.967068 6.486878 20.813879 5.995836
7.584189 -2.696406 -25.018351 -23.215765 17.139370 -14.610092 13.494554 8.551680 17.802677 6.019658
6.966665 -3.749159 -27.112917 -23.372683 18.713545 -16.115250 13.806018 9.956929 15.188911 6.110306
4.553726 -3.939056 -28.632214 -23.627928 19.133522 -16.685865 13.163845 9.968235 13.152776 6.325933
2.275493 -4.412927 -30.187380 -23.872854 19.181267 -16.994518 11.871448 10.596562 11.170231 6.415736
0.470509 -4.734630 -31.722944 -23.647112 18.653027 -17.291313 10.946611 10.932764 9.439825 6.875031
-0.554993 -4.692256 -32.944794 -22.939045 18.018934 -17.467299 10.335497 10.975474 8.059170 7.783001
-1.040947 -4.816589 -33.574078 -22.552036 17.458208 -17.355415 9.432300 11.210195 7.213226 8.198656
-1.334986 -4.904785 -33.931126 -22.226294 16.960991 -17.152130 8.662244 11.323013 6.598427 8.426292
-1.444566 -4.882845 -34.017483 -22.115786 16.743898 -17.048363 8.511045 11.259183 6.499847 8.528373
-1.663033 -4.931999 -34.067905 -22.214830 16.548594 -16.950014 8.665759 11.023624 6.562471 8.537355
-2.400025 -4.928857 -34.199615 -22.457785 15.833197 -16.689983 9.263066 10.034166 6.806713 8.679997
-3.696323 -4.897667 -34.526836 -22.907251 14.527785 -16.520346 10.157836 8.448771 7.235826 8.984635
-5.355117 -4.928274 -34.592743 -23.658957 12.441014 -16.094429 10.786632 6.152002 7.777204 9.259407
-6.995099 -4.779427 -34.432102 -24.349228 9.989230 -15.469492 11.580250 3.570210 8.680848 9.710654
-8.029637 -4.464419 -34.083790 -24.621944 7.767879 -14.890859 12.016592 1.274827 9.401813 10.269669
-7.929694 -4.267253 -33.906815 -24.237114 6.133034 -14.605544 12.637803 -0.117022 9.858145 11.037075
-8.204823 -4.114507 -33.709358 -24.195185 5.351041 -14.369963 12.866538 -0.915258 10.137090 11.262287
-7.706976 -4.082279 -33.411007 -24.072983 5.053373 -14.227155 13.079828 -1.117434 10.505118 11.355842
-7.484557 -4.039725 -33.220284 -24.055019 5.047378 -14.129495 13.135526 -1.173239 10.676262 11.334131
-7.826145 -4.103698 -32.615723 -24.719957 5.334992 -13.698279 12.642111 -1.146868 11.221753 10.228435
-4.217841 -4.394895 -29.950899 -25.088558 7.036355 -12.666393 11.357754 0.419013 12.898711 7.635440
0.438640 -4.511496 -25.161501 -25.955639 11.288370 -10.745649 7.954804 3.789806 14.790467 3.223098
6.439196 -5.444483 -15.956509 -27.015100 14.239823 -5.578202 1.658409 6.506640 17.496937 -1.059167
11.017291 -8.918364 -8.284209 -29.863691 10.663621 -1.726839 -3.520677 7.986172 15.579820 -0.656389
12.154780 -8.134571 -8.473152 -27.237900 3.818107 -0.788871 -5.708618 5.684366 14.912848 2.429766
17.659325 -9.531649 -9.844304 -21.925877 -1.101238 2.178172 -9.773832 6.953299 11.178561 6.220634
23.087467 -11.164224 -13.014601 -18.989048 -0.439343 2.574855 -7.207664 10.062659 7.747024 11.131371
24.407770 -13.255091 -16.985395 -17.415081 0.090566 2.102423 -0.536704 11.679698 4.620646 14.740092
24.384970 -13.460416 -17.264515 -17.413204 0.416842 1.677320 0.513508 11.814140 4.210277 15.079980
24.539740 -13.611383 -17.263891 -17.405279 0.176307 1.731795 0.659683 11.805949 4.184434 15.238899
24.719231 -13.905147 -17.136971 -17.231440 -1.101617 2.192046 0.518916 11.395496 4.164137 15.695955
24.310715 -14.417834 -16.321222 -17.809160 -3.077039 3.057613 0.098854 10.454578 4.573730 15.550773
22.905731 -15.136096 -14.727248 -19.637442 -5.710867 4.096184 -1.120986 8.907310 4.851533 14.972311
21.001474 -15.988093 -12.812099 -21.305517 -8.759623 5.174151 -3.968313 7.532402 4.978774 13.791675
19.770220 -17.238888 -11.782211 -22.682383 -11.240880 6.025149 -4.963860 6.796084 5.427877 12.812881
18.943808 -18.175529 -11.419456 -23.366417 -12.672056 6.330829 -5.466116 6.487525 5.315471 12.298242
18.320894 -18.903389 -11.165928 -23.760880 -13.784138 6.693074 -5.902797 6.414752 5.297009 11.891014
17.647032 -18.839943 -11.136040 -23.685406 -14.345353 6.851264 -5.887559 6.067618 5.563811 11.726705
17.333878 -18.668995 -11.200126 -23.612394 -14.498641 6.804838 -5.841486 5.799940 5.659405 11.768579
0.000000 0.000000 0.000000 0.000000 0.000000 0.000000 0.000000 0.000000 0.000000 0.000000
0.000000 0.000000 0.000000 0.000000 0.000000 0.000000 0.000000 0.000000 0.000000 0.000000
0.000000 0.000000 0.000000 0.000000 0.000000 0.000000 0.000000 0.000000 0.000000 0.000000
0.000000 0.000000 0.000000 0.000000 0.000000 0.000000 0.000000 0.000000 0.000000 0.000000
