9.222718 -14.915207 4.940579 23.000237 -0.289033 -20.089521 24.390038 6.550889 18.019594 11.188628
9.342093 -15.167785 4.472029 21.057476 -0.530789 -22.509985 25.742783 5.756515 18.046625 9.160425
10.145003 -15.829242 3.661765 20.970133 0.022737 -24.368111 25.364483 5.445153 17.759096 7.450576
11.159602 -16.388130 2.686527 21.108322 0.420170 -26.462173 24.315985 5.417056 16.795498 5.752624
12.607509 -17.104973 1.719556 21.255831 0.606637 -28.718058 22.503473 5.599657 14.366770 4.738686
13.609121 -17.032734 2.059081 21.768982 2.386897 -30.048122 20.135199 6.764876 11.615136 2.445196
14.467453 -17.484245 2.763559 22.044361 3.458096 -30.879328 18.115423 5.618358 8.431444 0.309422
15.632178 -18.028280 3.503939 20.995920 2.167392 -32.540318 15.767333 4.498552 3.518564 -1.557764
16.809069 -15.829743 3.265292 19.249023 0.013927 -35.607208 13.227308 1.978923 -2.247528 -5.511191
14.443988 -12.121705 5.694710 15.623035 -5.897455 -36.294525 12.266680 3.716249 -9.731641 -3.491935
12.062968 -7.453565 10.236954 11.889839 -8.089976 -34.790611 12.297056 4.854063 -15.883083 -3.015669
10.340448 -3.772130 14.128908 11.851539 -4.275384 -32.104443 11.888276 6.151963 -14.347383 -5.702158
10.106502 -2.501709 16.674105 15.301175 1.634836 -28.317020 9.739725 8.445672 -10.795650 -8.045303
9.033831 -2.064937 17.843357 18.660398 3.024606 -24.824131 7.911518 12.577902 -8.443854 -6.136054
7.475219 -0.656782 18.256481 19.952482 0.930695 -22.977774 6.585291 17.269016 -9.152514 -2.752870
4.641753 0.843966 20.051758 19.020100 -2.640684 -20.863194 6.979456 20.715275 -9.874648 1.221055
1.411626 0.347710 21.789984 17.961281 -6.599169 -18.649073 8.834291 23.342609 -8.317808 5.704805
-1.053031 -0.984861 21.943213 17.682299 -10.444268 -17.335161 10.494862 25.064762 -5.402938 9.869352
-1.882959 -1.673388 21.546783 17.861406 -12.137177 -16.878824 11.262487 26.162685 -3.679959 12.237458
-1.928699 -1.782464 21.374308 17.831640 -12.375301 -16.850273 11.521995 26.220936 -3.324406 12.617253
-1.937031 -2.030440 21.542620 17.816309 -12.260722 -16.778461 11.481753 26.239944 -3.463512 12.556107
-1.947799 -2.676795 22.010103 17.727423 -12.013611 -16.623297 11.362412 26.294870 -3.919990 12.362139
-1.742018 -3.796503 22.699032 17.502546 -11.730271 -16.397142 11.089536 26.140877 -4.609680 11.835878
-1.601703 -5.219810 23.676283 17.071119 -11.628726 -15.898638 10.830724 25.928860 -5.302382 11.182207
-1.503101 -6.893350 24.980448 16.453663 -11.442928 -15.159405 10.657564 25.515829 -5.898782 10.182928
-1.455099 -8.664681 26.198080 15.698642 -11.618673 -14.500774 10.522746 24.965088 -6.296572 9.142536
-1.388911 -10.329199 27.540211 14.631282 -11.908744 -13.599826 10.651526 24.171423 -6.690313 7.984539
-1.732420 -11.973865 29.235529 13.634651 -12.159080 -12.676574 10.789446 23.428337 -7.210875 6.966913
-1.765325 -13.582173 30.831793 12.708641 -11.986422 -11.797863 10.940946 22.546825 -7.911464 5.812551
-1.726621 -15.163995 32.357380 11.884982 -11.562035 -10.761544 11.264359 21.364939 -8.618870 4.847834
-1.564390 -16.972813 33.856838 11.016876 -10.597709 -9.580976 11.982521 19.867441 -9.065856 3.701101
-1.225914 -18.614573 35.094746 9.956882 -9.729412 -8.470155 12.940219 18.263639 -9.128525 2.473020
-0.833572 -19.765535 35.964798 9.153052 -8.990604 -7.504035 13.679521 16.889820 -9.115967 1.515231
-0.495205 -21.007719 36.685493 8.365897 -8.548777 -6.776882 14.380733 15.673187 -9.134882 0.729781
-0.088829 -21.965607 37.194786 7.761777 -8.043006 -6.143205 14.927079 14.318583 -9.150220 -0.064146
0.362283 -22.987188 37.718914 7.143382 -7.613089 -5.471998 15.452056 13.011452 -9.144065 -0.847264
0.794074 -23.876671 37.936348 6.845581 -7.264037 -4.958385 15.873472 11.809057 -8.920855 -1.350039
1.035334 -24.376469 37.943142 6.820273 -7.035848 -4.766853 16.027401 10.829164 -8.829833 -1.654688
1.278836 -24.681353 37.917648 6.777694 -6.845937 -4.650010 16.123451 10.185335 -8.809834 -1.875636
1.369134 -24.816191 37.905762 6.767244 -6.785937 -4.622187 16.145874 9.935603 -8.785171 -1.987847
1.250402 -24.445549 37.737629 7.012589 -6.585058 -5.078655 15.900114 9.707097 -8.888009 -2.302886
1.088940 -23.269661 37.227966 7.784200 -5.871233 -6.536054 15.002451 8.672056 -9.481236 -3.504891
1.251146 -20.996309 35.812054 9.413750 -4.466535 -8.937659 13.428909 6.976819 -10.002094 -5.139066
1.574206 -18.629375 33.703472 11.464412 -4.157558 -11.787407 11.069231 4.853146 -10.479064 -6.329330
1.941534 -16.255522 30.771481 13.463053 -4.909255 -14.819618 9.070492 2.865895 -11.196206 -5.793965
0.832339 -13.823248 28.736618 14.657132 -6.983482 -16.893822 8.611599 1.567564 -11.536252 -3.707080
0.893972 -11.650572 25.568811 16.986683 -9.734255 -19.400955 6.317533 0.969625 -12.930375 -0.759266
3.125061 -12.001781 19.890547 23.184986 -10.247590 -21.551111 1.810648 0.970604 -10.790519 2.088502
4.141472 -11.982594 15.154633 27.418930 -9.944434 -24.261366 -0.328656 1.646366 -5.671088 1.380501
4.365628 -10.494514 10.934750 30.115673 -8.011909 -26.990314 -0.659864 4.578287 7.029615 -3.291085
0.737122 -8.993684 11.211957 31.341290 -7.283161 -24.726234 2.293656 3.227171 16.518915 -3.801588
-3.581851 -7.950305 14.293399 30.735128 -8.309984 -21.737907 4.755818 2.491909 18.230598 -2.077615
-6.701243 -6.851964 17.571747 29.184399 -9.052830 -18.715155 7.204708 1.967337 17.978586 -0.978933
-8.834782 -4.847313 20.638233 26.774662 -8.637581 -16.550823 10.339733 1.563738 13.679914 -0.187054
-10.538733 -1.860537 22.726116 25.043146 -9.189923 -14.813793 12.086530 2.576754 7.611255 2.234377
-11.847850 -1.707299 25.096643 21.992861 -12.131795 -12.703528 13.704022 1.766166 7.250851 1.974001
-13.008701 -2.487929 27.401941 19.579876 -14.870705 -10.625930 14.722631 0.554433 8.994096 0.682508
-13.459981 -2.662079 29.122047 17.676416 -17.363533 -9.093240 14.516384 0.434198 10.610772 -0.747902
-13.415571 -2.526913 29.941093 16.718624 -18.375221 -8.392383 14.273067 0.433627 10.955018 -1.540750
-13.457759 -2.357923 30.091829 16.594475 -18.645935 -8.276242 14.158011 0.534741 11.034041 -1.623696
-13.481205 -2.285540 30.135143 16.584467 -18.682808 -8.239851 14.103060 0.476366 11.102075 -1.730625
-13.556847 -1.917027 30.275356 16.560488 -18.736031 -8.093966 13.965573 0.343560 11.328105 -2.005463
-13.753441 -1.284333 30.547108 16.560715 -18.727594 -7.661160 13.851856 0.354294 11.864570 -2.212960
-14.223496 -0.015636 30.759312 16.956257 -18.639589 -7.250145 13.572905 0.285267 12.528607 -2.348795
-14.474101 1.869657 30.755949 17.880156 -18.114969 -6.967782 12.645905 0.440343 13.320746 -2.786554
-14.650356 3.425997 30.589911 19.035494 -17.640484 -6.947928 11.346294 0.776123 13.770604 -2.995277
-14.736567 4.959331 30.223818 20.442417 -17.001602 -7.471611 9.587605 0.958545 13.200187 -3.198011
-14.085311 6.098164 29.757875 22.289602 -15.552190 -8.027309 7.276380 1.160297 11.913266 -3.688333
-13.350519 7.016031 29.525291 24.013947 -13.909821 -8.375758 5.111032 1.011384 10.621174 -4.362814
-12.452629 7.723648 29.747971 24.908693 -11.728512 -8.680143 3.567584 0.498564 9.109298 -5.695507
-11.478827 7.864402 30.047230 25.153347 -9.264121 -9.217996 2.730530 -0.310413 7.830637 -7.547988
-10.269006 7.522177 30.583580 25.063322 -6.687231 -9.904625 1.991840 -1.518750 6.442623 -9.842642
-8.816007 6.838963 31.129177 24.621529 -3.844188 -10.800776 1.542802 -2.648407 5.021588 -12.457603
-7.605533 6.505605 31.932381 24.240767 -0.902568 -11.314959 1.194569 -3.594828 3.674695 -14.837635
-6.305213 6.292498 32.565136 23.849091 1.855033 -11.742974 0.798531 -4.526998 2.569605 -17.202579
-5.218513 6.254589 33.055195 23.220854 4.055912 -12.138369 0.798866 -5.486758 1.950956 -19.434729
-3.988965 6.236187 33.730431 22.549660 6.851368 -12.401951 0.864216 -6.423043 1.359626 -21.938995
-2.950910 6.451762 34.271420 22.108492 9.307593 -12.618649 0.849913 -7.207003 0.934576 -24.023399
-2.282118 6.605674 34.591503 21.895443 10.854557 -12.717580 0.761478 -7.678494 0.583218 -25.250813
-2.090228 6.719396 34.653320 21.798269 11.270411 -12.763909 0.773458 -7.815476 0.542994 -25.640799
-2.089058 6.721948 34.651890 21.796242 11.276572 -12.770531 0.776351 -7.821506 0.552665 -25.648294
-2.093006 6.724399 34.650108 21.790627 11.276902 -12.776099 0.786732 -7.829501 0.573080 -25.655165
-2.097128 6.717130 34.648560 21.792603 11.271177 -12.772089 0.791177 -7.829611 0.589559 -25.648897
-2.096508 6.715409 34.642815 21.789505 11.265861 -12.780127 0.791415 -7.829257 0.597903 -25.650568
-2.100689 6.707012 34.641819 21.797108 11.261470 -12.775813 0.788831 -7.823051 0.605373 -25.639315
-2.099723 6.699822 34.637386 21.803129 11.258012 -12.777363 0.781775 -7.818178 0.610180 -25.635561
-2.096056 6.695915 34.632401 21.809269 11.259619 -12.780782 0.773982 -7.816166 0.613028 -25.637781
-2.092479 6.690416 34.630539 21.820166 11.262349 -12.777492 0.762868 -7.810939 0.608502 -25.635077
-2.093042 6.683800 34.625229 21.824970 11.252591 -12.778263 0.757653 -7.804740 0.610068 -25.627241
