3.462449 12.553461 -19.306227 -1.757245 -1.557955 10.277490 -1.796538 -21.300365 14.084640 18.807629
1.960846 12.309430 -16.988979 -4.280497 -0.710511 11.235682 -3.201411 -20.297537 14.656903 17.890165
0.519070 11.746634 -14.559669 -7.088137 0.593916 12.369100 -4.949894 -18.790289 14.877657 16.403240
-1.441941 13.074568 -11.668134 -10.213617 3.045468 12.832031 -5.662274 -19.373510 13.734801 15.446229
-1.825465 12.288148 -9.870984 -11.979403 4.291690 13.948668 -7.427523 -17.915037 13.361374 13.631906
-2.531306 11.411107 -7.878269 -13.701032 5.822329 15.545428 -10.720114 -15.925309 12.269245 11.100304
-3.006559 10.615614 -6.046021 -15.241062 6.916074 16.814795 -13.388504 -14.266377 11.513011 9.061130
-3.399488 10.174958 -4.866710 -16.077044 7.781812 17.661785 -15.398178 -12.986989 10.759519 7.628673
-4.533298 10.169092 -3.331331 -17.305809 8.658373 18.623854 -17.261269 -11.811929 10.406550 6.681357
-5.737942 10.187588 -2.199244 -18.521063 10.106730 19.294584 -18.461226 -10.399109 9.972760 5.987785
-6.777609 10.213760 -1.284941 -19.437363 11.322511 19.800674 -19.232464 -9.116570 9.614412 5.532063
-7.961578 10.271363 -0.123886 -20.510334 12.492279 20.387613 -20.152859 -7.921955 9.289865 5.035000
-8.632626 10.179055 0.615409 -21.259581 13.430879 20.612381 -20.443037 -6.924067 9.011755 4.657348
-8.988283 10.020708 0.997102 -21.723482 14.127501 20.558708 -20.440575 -6.144911 8.706082 4.371443
-9.034719 9.891737 1.050907 -21.877987 14.487666 20.399273 -20.192020 -5.776795 8.547096 4.267434
-9.066689 9.859683 1.005012 -21.921709 14.643022 20.302404 -20.036928 -5.652232 8.499490 4.273454
-9.202786 9.943384 1.092161 -22.040104 14.645832 20.359922 -19.929234 -5.717567 8.715698 4.459561
-9.312499 10.188441 0.851778 -22.115852 14.603950 20.182663 -18.965439 -6.068975 9.434917 5.305459
-9.101157 10.510163 0.198170 -21.860796 14.100830 19.581108 -16.933285 -6.947102 10.627519 6.740801
-8.650016 10.760749 -0.718493 -21.547499 13.590111 18.587444 -14.222796 -7.900327 11.899139 8.350617
-8.616091 11.044275 -1.312814 -21.563354 13.258051 17.776295 -12.092813 -8.703113 12.960684 9.730845
-8.395107 11.248783 -2.214436 -21.153006 12.977526 16.800364 -9.980539 -9.302716 13.675855 10.948997
-8.338844 11.510567 -2.959829 -20.881910 12.761225 16.133095 -8.263359 -9.975715 14.404379 12.070591
-8.164327 11.663675 -3.591488 -20.572296 12.667299 15.620191 -6.887896 -10.458796 14.888832 12.882150
-8.050039 11.859045 -4.222678 -20.094551 12.550632 15.205196 -6.029697 -10.796438 15.077353 13.490071
-7.968806 11.948850 -4.537792 -19.846378 12.477816 14.992854 -5.625486 -10.960834 15.160640 13.766280
-8.256656 12.527078 -4.851733 -19.307884 11.546137 14.787859 -5.577629 -11.736760 15.577662 14.334710
-8.874803 13.978221 -5.776626 -17.601940 8.990563 14.268854 -6.032965 -13.681026 16.262865 15.315305
-8.860030 15.825078 -7.729416 -13.769974 4.201257 14.191792 -9.122362 -17.026255 15.958188 15.736763
-5.916206 16.783730 -13.333679 -5.346816 -0.986947 14.737404 -16.714624 -19.648127 11.611409 14.664029
-1.497619 14.726678 -19.625988 0.347322 -1.730789 11.957682 -21.945786 -20.102791 4.470651 10.523732
0.438671 13.238572 -25.621334 2.762451 0.572127 8.529097 -21.989964 -19.541687 -0.899044 8.775012
3.179183 11.680131 -30.314106 4.921684 4.386894 6.799537 -18.681683 -18.156721 -4.199041 7.846921
7.469017 9.716689 -33.997169 7.170065 7.443976 5.133169 -14.089819 -17.260181 -6.598080 6.742666
9.577510 8.517326 -36.572865 7.908786 10.400290 2.999788 -9.409158 -16.123978 -8.057526 6.624169
9.579875 8.466313 -36.589703 7.696822 10.809506 2.718342 -8.114773 -15.994224 -7.899848 7.112394
9.371495 8.580438 -36.614670 7.683452 11.005285 2.848735 -8.053375 -15.876384 -7.876586 7.321985
8.655397 8.956929 -36.549603 7.585986 11.329194 3.296885 -7.962237 -15.718537 -7.715014 7.987336
7.263857 9.686717 -35.826210 7.157171 11.504579 4.285569 -7.714522 -15.660467 -6.902315 9.407081
5.051162 10.501389 -34.381508 5.975203 11.953481 5.665927 -7.908360 -15.205870 -5.859009 10.913916
2.636108 11.267835 -32.837513 4.522461 12.635513 6.927232 -8.115272 -14.505442 -4.965201 12.273726
-0.214224 12.358183 -31.135502 2.877367 13.114527 8.173673 -7.993420 -13.775342 -3.528886 14.223364
-2.448829 13.189323 -29.738115 1.414436 13.409895 8.942169 -8.037587 -13.285319 -2.373636 15.464761
-4.158171 13.797591 -28.707682 -0.006828 13.648319 9.198268 -7.603240 -13.177429 -1.305015 16.404484
-5.116116 14.076580 -28.241585 -0.843282 13.691441 9.141549 -7.281972 -13.200801 -0.768476 16.828182
-5.401027 14.121249 -28.015467 -1.187464 13.614781 9.167535 -7.216196 -13.241809 -0.560714 16.941385
-5.290919 14.046723 -28.383595 -1.089248 13.885038 8.920663 -6.875787 -13.094680 -0.752787 16.960686
-4.619556 13.590145 -29.308487 -0.803991 14.293712 8.368812 -6.028102 -12.815022 -1.332749 16.802631
-3.246000 12.687439 -31.075630 -0.237750 14.679037 7.058850 -4.390965 -12.807329 -2.340096 16.357639
-1.071443 11.331211 -33.319569 0.167244 15.182467 4.958964 -1.432315 -12.917124 -3.429617 15.960676
