-0.838971 0.758654 -40.880104 -5.126487 -0.021059 0.179366 1.703446 1.557029 -0.768737 16.828976
0.258975 -0.672622 -41.466167 -7.831721 0.934611 -4.481081 6.842430 0.774172 -0.669742 15.919482
-0.080278 -1.059217 -40.215034 -12.097624 2.032766 -8.322351 12.908230 -0.384064 2.019742 16.088032
-1.473804 -0.752087 -36.430195 -18.038481 2.714580 -10.586383 19.444300 -2.061829 6.026590 16.425930
-1.651476 -1.634481 -32.565056 -22.649155 4.658072 -12.022256 22.441927 -1.821483 8.749653 15.151252
-0.052268 -2.520873 -29.253201 -25.125820 5.909054 -12.369548 23.854517 -1.055186 11.313654 13.900155
2.873064 -3.971236 -25.755882 -26.713928 6.267576 -11.962417 23.646820 0.642598 13.990188 12.009503
7.775029 -5.393784 -22.174496 -25.613085 6.757879 -9.307728 21.941494 2.172987 17.042236 10.174548
12.283031 -6.458540 -18.335131 -24.048853 5.837001 -5.492546 19.523674 2.919912 20.373154 8.855558
15.716098 -6.626005 -14.809868 -22.379831 1.739120 -1.693991 17.081400 2.192904 23.982477 9.112556
18.745996 -7.113507 -10.044040 -22.094543 -2.660969 1.968806 14.296992 1.857216 26.604368 8.881783
20.770369 -6.388595 -6.347845 -21.741236 -7.462315 4.351154 12.741598 0.064750 29.144491 10.427453
20.933752 -4.549794 -4.191577 -21.017126 -12.979185 5.685672 11.442057 -2.874469 30.542747 12.766956
20.410700 -2.553372 -2.895679 -20.248293 -16.882221 6.718716 11.006248 -6.040085 31.660112 14.288526
19.877338 -1.426383 -2.493161 -19.580791 -19.288006 7.252166 10.723285 -7.928531 32.146629 15.140477
19.741875 -1.174767 -2.444063 -19.406086 -19.931713 7.296788 10.601720 -8.425851 32.077751 15.335216
19.433161 -1.029363 -2.395513 -19.452877 -20.038626 7.401366 10.117422 -8.491431 32.013130 15.285709
18.659790 -0.745890 -2.450147 -19.573109 -20.020781 7.532294 9.075501 -8.516694 31.753883 15.108489
17.351393 -0.460084 -2.885527 -19.754248 -19.449490 7.634400 7.539078 -8.496746 31.136555 14.419058
15.654745 -0.125959 -3.038546 -20.206898 -18.891161 7.973744 5.427045 -8.353761 30.449310 13.619414
13.948613 -0.155576 -3.005783 -20.924149 -18.558350 8.551202 2.700955 -7.782247 29.639908 12.455930
11.904640 -0.172709 -3.070680 -21.814785 -17.450823 9.065852 0.267338 -6.905713 28.712479 11.273586
10.274236 -0.114748 -3.205444 -22.480368 -16.085379 9.358968 -0.869421 -6.325258 28.158508 10.467137
9.285978 -0.301539 -3.248957 -23.084135 -15.098425 9.411813 -1.311391 -5.586797 27.743999 10.048156
8.753891 -0.484808 -3.290394 -23.454268 -14.783037 9.357100 -1.526767 -5.131061 27.455706 9.917983
8.501541 -0.540527 -3.273491 -23.642036 -14.637672 9.343395 -1.556471 -4.930095 27.359793 9.882509
8.682030 -1.316452 -2.968296 -24.536016 -12.565730 9.496217 0.030847 -3.628615 27.610044 9.726734
10.528523 -4.127309 -2.808436 -26.125971 -7.594656 8.955374 4.214310 0.735367 27.767395 9.302775
12.512383 -8.013756 -2.801724 -28.194815 -0.745047 7.738248 6.736992 6.206800 25.593016 6.930183
10.833327 -9.671122 -8.242933 -28.278976 6.880648 4.325068 7.279735 7.940144 19.976076 3.175760
8.214687 -10.539721 -11.476322 -28.051239 11.211171 3.085655 3.999654 7.638806 13.314990 -0.500637
2.897992 -9.521971 -13.665539 -29.148930 12.931020 1.619391 -1.130523 5.461833 7.029018 -3.290203
-3.664884 -7.972830 -16.800920 -31.016685 11.924628 -1.525891 -4.693862 4.785938 2.341269 -3.355958
-10.150564 -5.782636 -19.876804 -31.984997 10.570850 -4.255339 -5.652415 3.358782 -0.300480 -0.959387
-14.489913 -3.588993 -21.501547 -31.301975 10.036666 -4.699780 -8.330903 2.179776 -2.743093 0.257321
-15.203645 -2.868128 -21.801813 -30.586248 9.807703 -4.715016 -9.237895 1.846341 -3.498412 0.789492
-15.064886 -2.958091 -22.072525 -30.497725 9.935668 -5.019637 -9.226552 1.798074 -3.589897 0.501846
-14.501305 -3.415274 -22.870277 -30.240608 10.666227 -5.909573 -9.394629 2.003806 -4.131533 -0.519018
-13.341838 -3.994778 -23.926590 -29.449615 11.806232 -7.051302 -9.513947 2.406720 -4.772871 -1.763990
-11.661174 -4.825458 -25.116274 -28.544756 13.562778 -8.354362 -9.868598 2.873636 -5.392969 -3.553082
-9.540846 -5.603536 -25.863188 -27.177221 15.341462 -9.222724 -10.809196 3.882508 -6.046586 -4.618280
-7.075107 -6.530818 -26.105547 -25.849600 16.760307 -9.824636 -11.888160 5.194042 -6.677188 -5.637429
-4.913593 -7.589291 -26.737076 -24.654675 18.210453 -10.746831 -13.715321 6.812898 -7.718870 -7.487080
-3.012728 -8.382193 -26.950125 -23.668800 19.611597 -11.349713 -15.137536 8.037094 -8.478534 -9.019032
-1.978242 -8.893493 -27.340776 -23.192413 20.394896 -11.961079 -15.730281 8.896142 -9.013762 -9.728662
-1.541255 -9.031217 -27.449247 -22.944065 20.513407 -12.120875 -15.749464 9.083337 -8.984234 -9.890854
-1.540802 -9.030589 -27.451462 -22.938585 20.518936 -12.113818 -15.752462 9.091401 -8.986757 -9.889352
-1.541268 -9.032097 -27.450405 -22.942747 20.514706 -12.119135 -15.749969 9.087920 -8.985337 -9.891227
-1.540592 -9.030573 -27.454033 -22.937553 20.517929 -12.116495 -15.748123 9.090637 -8.985545 -9.888242
-1.540562 -9.030781 -27.452702 -22.938358 20.520472 -12.114189 -15.747837 9.093191 -8.985361 -9.888863
