-13.160965 0.156179 -2.566999 -24.460028 1.368171 25.075994 -34.489208 -15.256731 -5.935927 -21.962084
-13.160965 0.156179 -2.566999 -24.460028 1.368171 25.075994 -34.489208 -15.256731 -5.935927 -21.962084
-13.160965 0.156179 -2.566999 -24.460028 1.368171 25.075994 -34.489208 -15.256731 -5.935927 -21.962084
-10.428481 2.378958 1.902179 -27.936064 3.047461 23.300531 -33.652943 -16.718374 -9.648044 -18.084902
-10.451764 2.377501 1.881753 -27.905388 3.059370 23.301672 -33.661839 -16.782900 -9.645810 -18.138727
-10.452435 2.374336 1.883509 -27.908678 3.052671 23.300240 -33.660591 -16.789507 -9.645268 -18.138468
-10.454885 2.375238 1.883006 -27.909208 3.055028 23.292713 -33.660309 -16.794485 -9.645645 -18.139994
-10.457233 2.371608 1.880907 -27.909418 3.050380 23.295832 -33.661613 -16.789173 -9.642395 -18.141678
-10.460056 2.372859 1.875594 -27.906183 3.053151 23.291868 -33.665314 -16.789007 -9.643043 -18.146603
-10.459358 2.371267 1.877402 -27.908148 3.056512 23.287624 -33.665958 -16.794130 -9.645573 -18.152618
-10.460707 2.368735 1.874003 -27.906406 3.054052 23.286043 -33.665527 -16.791630 -9.645014 -18.151348
-10.463793 2.370366 1.873625 -27.902761 3.050374 23.289719 -33.664970 -16.795713 -9.642088 -18.151085
-10.464641 2.369442 1.869653 -27.900560 3.050455 23.290493 -33.663906 -16.798248 -9.641860 -18.153387
-10.467593 2.371171 1.867582 -27.895304 3.044576 23.300369 -33.664433 -16.798084 -9.636888 -18.150726
-10.472292 2.368059 1.860238 -27.893003 3.041755 23.301756 -33.664284 -16.792330 -9.634551 -18.150978
-10.474057 2.366613 1.859436 -27.891663 3.037420 23.304459 -33.665607 -16.790632 -9.630462 -18.151009
-9.510909 2.115973 0.938642 -26.780085 3.460498 22.481205 -34.013790 -16.780212 -9.363494 -17.237375
-6.703652 1.901278 -1.897977 -23.016130 4.682688 19.912285 -34.215164 -16.562588 -8.249059 -14.075017
-4.289362 1.871070 -4.324022 -19.258020 5.504010 17.516129 -34.285931 -16.279968 -6.918099 -11.509169
-2.047243 1.626526 -6.451532 -16.161720 5.942294 15.724448 -34.283257 -15.904016 -6.001554 -10.519725
-0.575919 1.895785 -7.973080 -13.826599 6.288925 14.654641 -33.591969 -15.725051 -5.114671 -9.096844
0.817724 2.723150 -9.082527 -11.468154 6.732903 13.982742 -32.921730 -15.432357 -4.047575 -7.873579
1.395003 3.844384 -9.463842 -9.942906 7.408448 14.081606 -32.833542 -15.289512 -2.835234 -6.366481
1.609365 4.826115 -9.952645 -8.574508 7.937296 14.189007 -32.379368 -15.201309 -1.816883 -4.719134
1.569808 5.541535 -10.382563 -7.600617 8.172153 14.054270 -32.200695 -14.911012 -1.254297 -3.633965
1.573575 5.757095 -10.673057 -7.265818 8.252384 13.938460 -31.963343 -14.807120 -1.152561 -3.155026
0.919367 6.475391 -10.552004 -6.975193 8.324884 13.877123 -32.133469 -14.792432 -0.870993 -1.944416
-1.057372 8.148792 -10.769862 -6.489085 8.992080 13.803228 -31.464191 -14.889682 -0.405271 2.512331
-1.810546 9.531807 -10.141253 -6.529707 9.669009 14.522882 -29.994764 -15.149837 -3.281996 8.540994
-3.155292 11.649936 -11.541457 -4.686755 10.185837 12.331232 -29.789326 -13.977253 -5.558317 15.375086
-4.422677 15.713569 -17.817614 -2.342711 13.326042 7.259007 -28.014677 -7.681576 -4.896642 18.561432
-0.378560 17.216234 -23.243727 1.962933 10.960340 3.762342 -21.947613 -9.437243 -3.827460 20.133410
5.887241 14.800591 -30.653969 6.137201 8.238143 0.088842 -18.130995 -11.607950 -3.339390 16.106567
13.716291 12.110830 -35.850742 10.985239 6.686185 -1.670432 -17.613016 -11.710011 -2.627884 8.651278
19.153719 9.746548 -38.394814 13.357307 5.025489 -0.790582 -13.995884 -13.931316 -1.739834 3.018405
21.219130 8.970128 -38.836094 13.909212 3.680534 -0.484835 -11.338949 -16.196217 -1.203963 1.867226
20.923342 9.282593 -38.737038 13.973111 3.573383 -0.238885 -11.386656 -16.413940 -1.189041 2.528494
20.351961 9.796811 -38.371693 13.666192 3.528015 -0.017759 -10.577959 -16.980131 -1.047905 3.984054
18.604662 11.156850 -37.103077 13.162795 3.081290 0.692226 -9.439033 -18.530895 -0.179690 7.251172
16.102913 12.357489 -35.846077 12.200034 2.867756 1.173871 -8.225127 -19.810480 0.115791 11.355557
13.256693 13.636747 -34.286045 11.339773 2.652638 1.649222 -7.573306 -20.986309 0.181139 15.954392
10.250894 14.846162 -32.607132 9.745471 2.955744 1.771741 -6.517897 -21.706867 0.391587 20.198105
6.944861 16.213491 -30.604063 7.758632 3.476949 1.587824 -5.637768 -22.222208 1.008870 24.399185
4.443793 17.460760 -28.871506 6.436385 3.953672 1.662530 -5.345169 -22.532946 1.527592 27.631636
2.673141 18.262949 -27.527668 5.260106 4.374207 1.700515 -5.044797 -22.678967 1.945010 29.570665
2.038765 18.573034 -26.988956 4.810378 4.527491 1.741236 -4.857531 -22.746574 2.158527 30.260527
1.656399 18.803141 -26.551865 4.539584 4.600291 1.806243 -4.767331 -22.840958 2.368846 30.664223
0.440314 19.338902 -25.385178 3.643785 4.933362 1.925367 -4.512906 -22.955837 2.915225 31.705227
-1.688984 20.100168 -23.613420 2.035625 5.545014 1.812020 -4.315606 -22.842905 3.529795 33.283279
-4.129899 21.028009 -21.188156 0.264031 6.224347 2.047215 -4.193718 -23.048529 4.935740 34.764294
