40.416290 19.410782 11.666907 -0.665238 -17.061913 12.461566 10.793065 16.968594 7.802026 -6.983675
40.182373 18.249134 11.516823 0.144636 -16.321539 11.532463 10.486189 19.260183 7.042952 -5.441688
39.991238 17.231985 10.946383 1.220118 -15.459651 10.229467 10.295968 20.954815 6.014816 -3.876881
39.689667 16.446918 10.186067 2.257960 -14.746124 8.866596 10.365724 22.440722 5.332503 -1.828956
39.130764 15.878449 9.888364 2.919436 -13.606185 7.542785 10.738890 23.599735 4.235366 -0.657759
38.106861 15.703910 10.118582 1.081818 -12.746896 4.942451 13.000020 24.595608 2.372200 -0.680693
37.087349 14.786519 10.164196 0.740444 -12.089856 3.402786 14.263337 25.432554 0.975137 -0.084591
36.161556 14.371870 10.210132 0.137751 -11.213703 1.664300 15.777434 26.311604 -0.339369 0.271066
35.244579 13.555695 10.021722 -0.065584 -10.144070 0.133250 17.493723 26.906572 -1.378462 1.654516
33.976952 12.735353 9.878082 -0.027122 -9.175882 -1.193132 19.109388 27.696115 -1.932499 2.724171
32.549248 12.279317 10.251009 -0.305011 -7.883609 -2.150074 20.981184 28.280865 -2.587620 3.679559
31.116095 11.603010 10.664885 -1.005460 -6.245459 -3.316294 23.368694 28.360783 -2.773318 4.011525
29.846825 11.085958 11.230656 -1.822406 -4.566590 -4.709020 25.462410 28.566473 -2.868527 4.163237
28.605164 10.272952 11.941044 -2.390665 -2.229998 -5.700739 27.714201 28.746525 -2.607239 4.461147
27.732653 9.251610 12.693829 -2.784184 0.390002 -6.380205 29.905708 28.556820 -2.197187 4.270887
26.949888 7.868155 13.718203 -2.854577 2.846441 -6.745626 31.408758 28.279692 -2.005512 3.931482
26.177071 6.457989 14.644380 -2.623922 5.286143 -7.076916 32.498756 28.058626 -1.752536 3.687617
25.281410 4.859172 15.658539 -2.197414 7.854148 -7.305194 33.597847 27.673109 -1.811528 3.660897
24.401415 3.538963 16.576353 -1.643901 10.049801 -7.132240 34.557991 27.000212 -1.861118 3.790386
23.684551 1.933495 17.478670 -0.907976 12.078212 -6.743642 35.211510 26.431549 -1.935231 4.153319
23.230513 -0.102806 18.136610 -0.056883 14.024468 -6.491474 35.731945 25.394703 -2.492011 4.745140
22.878929 -2.177092 18.594461 0.864114 15.644815 -6.184560 36.210911 23.939453 -3.336138 5.808786
22.684324 -4.441440 18.757690 1.620854 16.767824 -6.204896 36.703827 22.997869 -4.039447 7.236606
22.742062 -6.795412 18.478426 2.212935 17.193974 -6.577497 37.196281 21.616217 -4.662033 9.083872
22.756958 -8.855882 18.019609 2.771358 16.911585 -6.905962 37.466602 20.140432 -5.086525 11.078887
22.889296 -10.375184 17.612581 3.174335 16.708353 -7.206827 37.562325 19.124979 -5.343494 12.312680
22.962439 -11.349378 17.136139 3.629580 16.501118 -7.587678 37.504738 18.438967 -5.466816 13.124048
23.003878 -11.935468 16.775951 4.022945 16.369312 -7.842093 37.365772 18.044733 -5.432832 13.614321
23.077911 -12.346955 16.452175 4.270601 16.206202 -8.054612 37.257896 17.774694 -5.303868 13.903190
23.194902 -12.540214 16.193445 4.456816 16.074373 -8.191697 37.089298 17.567554 -5.241671 13.966080
23.208437 -12.616407 16.112778 4.499090 16.021715 -8.231247 37.082729 17.500956 -5.189916 14.025959
23.135836 -12.635280 16.156738 4.464207 16.020943 -8.285774 37.150890 17.513004 -5.175508 14.034757
22.935122 -12.702681 16.236179 4.382509 15.897453 -8.318302 37.351830 17.425226 -5.009932 14.129282
22.552435 -12.750044 16.402523 4.200254 15.661885 -8.471769 37.627316 17.440481 -4.841964 14.208323
21.907230 -12.884285 16.824123 3.825606 15.232382 -8.501760 38.066444 17.317152 -4.792220 14.356133
20.938688 -12.972594 17.518858 3.260442 14.520024 -8.455210 38.492439 17.383682 -4.720354 14.428581
19.740427 -13.020119 18.237911 2.721767 13.494367 -8.502372 38.778522 17.350292 -4.604476 14.396299
18.271103 -13.090219 19.080412 2.043314 12.225970 -8.632236 39.136345 17.295433 -4.354515 14.421379
16.705128 -13.158393 20.173468 1.251427 10.963878 -8.602703 39.550819 17.228813 -3.873340 14.184896
15.062475 -13.055763 21.248619 0.396261 9.712417 -8.682015 40.022072 17.331579 -2.908916 13.637032
13.540298 -12.794305 22.244970 -0.361716 8.315289 -8.575492 40.253284 17.401894 -1.933494 12.931841
12.131770 -12.599552 23.205521 -1.044104 7.088258 -8.277142 40.528446 17.708591 -0.802992 12.261016
10.791479 -12.284811 24.141615 -1.365197 6.037820 -7.929868 40.426632 18.078985 0.488950 11.321648
9.613486 -12.029960 24.699699 -1.317720 5.164658 -7.867921 40.153774 18.293764 1.486112 10.605574
8.819316 -11.462306 24.814926 -1.416970 4.265524 -8.074183 40.054996 18.270288 2.410255 10.058001
7.998199 -10.678885 25.048367 -1.273404 3.572004 -8.137922 39.676769 18.151249 3.087250 9.444139
7.416727 -9.938439 25.202801 -1.125011 3.073267 -8.161973 39.335602 18.073259 3.638458 8.843718
7.022635 -9.337261 25.189562 -0.976525 2.686755 -8.322457 39.036835 18.066813 4.060284 8.355415
6.792005 -8.904980 25.055933 -0.893583 2.344275 -8.549200 38.842331 18.087807 4.359618 8.088053
6.695613 -8.625117 24.875147 -0.814770 2.077997 -8.745585 38.699627 18.123064 4.593858 7.963941
6.642730 -8.559877 24.925930 -0.822089 2.052994 -8.766066 38.638977 18.207167 4.582365 7.874970
6.726165 -8.024075 24.467524 -0.840690 1.606625 -8.802662 38.741650 17.935333 5.171260 7.922957
7.332435 -5.712862 22.677464 -0.604064 0.593863 -9.462211 38.529984 17.549723 6.990838 7.551026
8.892186 -2.004714 19.152634 -0.136179 -1.500496 -10.427813 37.912727 16.825214 9.924230 7.310801
11.067557 1.599132 14.840862 1.094386 -4.231549 -10.921258 36.762630 15.524583 13.237372 8.212914
13.815081 3.815964 10.672077 2.942945 -7.109301 -11.166688 34.231922 13.967520 14.630885 10.112121
19.418180 4.630250 4.356335 5.995209 -8.805085 -12.712775 30.574453 11.015147 14.017182 11.593628
25.766258 2.720270 -2.122170 11.117367 -12.115420 -12.415545 24.720356 4.914294 11.838833 13.636884
28.709291 -1.031962 -4.950303 14.075941 -15.341006 -9.852515 22.366438 -2.771491 10.985646 16.628582
29.842199 -2.838920 -2.399317 14.391551 -16.495090 -3.510174 20.970648 -6.812687 9.733169 17.193926
27.776239 -4.346553 4.117509 13.984173 -17.247252 5.254912 20.322266 -9.567710 7.098487 16.871542
25.976423 -5.325619 9.706816 13.460357 -19.473755 11.884621 18.396082 -9.856298 4.610492 15.624693
25.726105 -6.752380 14.309736 10.004760 -24.531570 14.976035 15.901509 -9.521479 0.356826 10.716813
25.788795 -9.163530 19.148834 7.759821 -27.221392 17.937555 12.377422 -10.464336 -3.610432 4.764935
27.437258 -12.160489 20.693899 6.214606 -29.022619 17.051748 8.897468 -12.838377 -5.524118 -1.627694
28.559715 -17.401060 22.428782 6.169342 -30.344742 16.383125 4.858799 -9.720292 -5.445187 -5.318487
27.123354 -21.688860 25.981178 6.010212 -30.685404 16.308130 2.169835 -2.277469 -5.709195 -7.892695
24.234194 -22.725992 27.246964 7.227757 -31.311270 14.673059 0.272247 5.765240 -4.092893 -7.517525
22.155495 -22.590584 27.234129 8.439322 -32.510086 12.971385 -1.287810 12.857125 -1.517095 -6.539048
21.023174 -22.514721 27.268761 9.600712 -32.733547 12.291172 -2.638759 15.775853 -0.408634 -6.188281
20.684423 -22.162245 27.271963 9.804432 -32.866776 12.129663 -2.938585 16.409191 -0.254145 -6.328506
20.852966 -22.341595 27.175583 9.907848 -32.937771 12.185389 -3.061278 16.274748 -0.377055 -6.264594
21.228273 -22.551922 26.926579 10.131694 -33.139137 12.361692 -3.337895 15.990067 -0.565573 -6.183996
21.842621 -22.701748 26.509890 10.404579 -33.504959 12.653668 -3.567559 14.964435 -1.156422 -6.160524
22.764702 -22.796831 25.887646 10.598855 -33.954597 13.017204 -3.864667 13.211360 -2.140987 -6.457973
24.065977 -22.812355 25.154753 10.963411 -33.938396 13.701369 -4.211215 10.632791 -3.407609 -6.790453
25.464594 -22.975389 24.405849 11.424710 -33.830040 14.218876 -4.728912 7.929605 -4.773066 -7.448192
26.877411 -23.012070 23.530027 11.675896 -34.230587 14.669441 -5.106961 5.324448 -6.103117 -7.887533
28.011667 -22.559242 22.842422 11.850245 -34.643776 15.376215 -5.486956 2.517553 -6.864177 -8.479232
28.967089 -22.230448 22.020107 11.734044 -35.239479 15.545137 -5.661376 0.463894 -7.215882 -8.875619
30.014788 -21.769543 20.746794 11.624508 -36.300831 15.459476 -5.658879 -1.530620 -7.311702 -8.745918
30.800013 -20.771420 19.325356 11.925275 -36.970123 15.150974 -5.960852 -3.120369 -7.310270 -8.714401
31.575983 -19.645561 17.742012 12.527400 -37.646732 14.758798 -6.462929 -5.184600 -7.327668 -8.708887
32.213524 -18.792965 16.073122 13.412579 -38.746548 14.340383 -6.929782 -6.956207 -7.112535 -8.145828
32.884132 -18.024776 14.352260 14.573915 -39.742161 14.176393 -7.766356 -7.865605 -7.059643 -7.342263
33.563259 -17.340168 12.923996 15.717391 -40.361954 13.971091 -8.821268 -8.436180 -7.017199 -7.070185
34.163071 -16.750509 11.685661 16.795977 -40.750492 13.867088 -9.648972 -8.961066 -6.903600 -6.738435
34.432701 -16.034344 10.837108 17.592342 -41.015827 13.872528 -10.199840 -9.143075 -6.706629 -6.396735
34.543175 -15.734539 10.342135 18.163551 -41.152874 13.966628 -10.564273 -9.181426 -6.574176 -6.013867
34.580360 -15.550545 10.109275 18.414198 -41.163376 13.997162 -10.680554 -9.206182 -6.499560 -5.796711
34.594524 -15.471591 10.042591 18.466372 -41.160915 14.015214 -10.677167 -9.214952 -6.482978 -5.711189
