23.916883 -25.264288 6.113421 19.943369 13.411256 -27.506584 16.932095 4.241845 -4.752894 0.108837
25.145727 -25.466547 6.722756 18.900822 14.970256 -26.513205 18.058907 5.477123 -6.891059 1.004366
26.263144 -25.024885 7.116199 17.388269 15.271342 -25.359360 19.325611 6.629288 -8.693202 1.722848
27.731716 -24.686010 6.911904 15.451677 15.448265 -24.711555 21.239326 7.574385 -10.035888 2.387408
29.822256 -24.509071 5.240839 13.964392 15.889106 -24.778238 23.570168 5.794603 -10.058396 2.264559
31.858091 -24.246262 4.026830 10.241780 15.705963 -25.375782 27.640333 3.294836 -9.126322 -0.183664
34.360344 -23.047848 3.048550 8.057871 15.574592 -25.124758 29.011986 1.358300 -10.627836 -1.767544
35.943211 -20.555473 3.059500 4.787280 14.890915 -24.933411 30.689278 0.517297 -13.715901 -2.722184
36.329918 -17.104481 5.314673 -0.119444 13.272751 -23.589632 33.014843 2.110806 -17.888231 -2.219462
36.497406 -12.938825 7.898583 -4.442314 11.744422 -21.669167 34.177753 5.273033 -20.780977 -2.000592
36.925728 -9.115773 10.344961 -8.290144 9.539118 -20.444830 33.767078 9.363643 -23.456751 -0.606190
37.631828 -5.320902 12.414886 -10.446502 8.118587 -18.072598 32.264523 13.746627 -24.138510 0.108507
38.765350 -1.750724 12.598581 -10.923185 5.942134 -15.578198 30.685480 17.360586 -23.806215 3.430012
40.774055 1.064530 10.720585 -9.939315 1.852207 -12.826087 28.018620 19.894913 -21.905058 8.158041
41.681217 2.779674 10.287847 -7.790506 -2.129715 -8.744352 24.121651 22.181284 -18.458727 11.408245
42.561226 3.424600 10.796453 -6.007039 -4.154332 -3.979667 21.427549 22.516684 -14.186536 13.267580
43.519535 4.861391 11.479037 -5.750687 -5.743533 0.068783 19.846437 22.286327 -9.587089 12.831503
43.221878 6.749661 12.233319 -4.863142 -7.491620 3.600562 18.216923 22.854012 -5.020090 11.753646
43.023174 8.095169 12.980374 -4.095305 -8.694754 6.851590 17.058331 23.093760 -1.140217 9.546460
42.697746 10.134608 13.643931 -3.746255 -10.132154 9.733007 15.995134 21.927374 1.763540 6.912348
42.954906 11.941418 13.665713 -3.546057 -11.780540 11.837946 14.998211 20.532063 4.095864 4.455027
42.874462 14.122954 14.081530 -3.769569 -13.236268 13.763035 14.354136 18.935541 6.206914 1.036963
42.286777 16.604990 14.411507 -4.468657 -14.719555 14.771194 14.239023 16.773966 7.673117 -2.743637
41.979916 19.000158 14.000734 -4.864336 -16.084341 14.873506 13.945106 13.539667 8.022163 -6.332251
42.762882 20.295696 13.613956 -4.944023 -16.465391 15.395588 13.312478 9.733640 8.489200 -10.287342
43.489754 20.872913 13.384008 -4.979776 -16.829189 15.624908 12.423021 5.437264 7.802109 -13.818246
44.584209 20.743912 13.096335 -4.955265 -17.123159 16.206167 11.759693 0.887157 7.144939 -16.458673
45.200123 20.707422 13.157985 -5.109856 -17.559889 16.690561 11.342840 -2.076821 6.665614 -18.269585
45.455086 20.762848 13.323362 -5.272801 -17.599844 17.027847 11.254857 -3.672538 6.434766 -19.164869
45.526424 20.729961 13.487211 -5.386041 -17.578762 17.209801 11.253080 -4.477471 6.210625 -19.582047
45.572182 20.737846 13.514138 -5.437231 -17.500130 17.158409 11.252517 -4.724637 6.039917 -19.770555
45.554092 20.724388 13.546107 -5.408978 -17.426937 17.288033 11.343319 -4.755525 6.057418 -19.612028
45.389259 20.674389 13.654683 -5.276987 -17.257940 17.450045 11.537802 -4.722439 6.037272 -19.182261
45.139595 20.646498 13.834521 -5.063529 -16.777529 17.754389 11.941751 -4.571393 5.930180 -18.416655
44.728287 20.495111 14.116624 -4.812012 -16.176411 18.181145 12.524909 -4.217683 5.874952 -17.286892
44.100445 20.426208 14.507856 -4.521729 -15.215595 18.628246 13.376502 -3.733529 5.689368 -15.887995
43.060997 20.283419 15.059144 -4.231985 -13.932634 19.145573 14.683143 -3.039019 5.575098 -13.974843
41.829121 20.128361 15.733479 -3.892249 -12.620035 19.737541 16.077492 -2.284168 5.521962 -11.960432
40.380577 20.127010 16.520214 -3.434338 -11.350591 20.455883 17.369217 -1.029855 5.677004 -9.827873
38.923450 20.008560 17.267540 -2.796245 -9.870152 21.251865 18.739285 -0.088691 6.048674 -7.310434
37.536999 19.633532 18.007359 -2.138222 -8.569545 21.963945 19.949862 0.590665 6.482471 -4.718679
36.098225 18.975216 18.621790 -1.311491 -7.265993 22.473881 21.078447 1.158699 6.950694 -2.022457
34.676212 17.893425 19.066475 -0.370793 -6.329008 22.957558 21.996748 1.811388 7.969895 0.498938
33.430099 16.745975 19.348640 0.638184 -5.586301 23.352697 22.716335 2.120193 9.308445 2.714241
32.585926 15.662362 19.280008 1.641393 -4.962476 23.301760 23.224649 1.978180 10.616344 4.458696
31.894560 14.388646 18.994932 2.962053 -4.276934 23.305489 23.574928 1.471916 12.351193 6.165135
31.477066 13.516357 18.682241 3.954678 -3.713257 23.315958 23.880423 0.929355 13.686601 7.412692
31.140623 12.720138 18.354786 4.764125 -3.318196 23.248045 24.112240 0.395023 14.919611 8.267531
30.933037 12.178688 18.117399 5.192048 -3.171395 23.082888 24.212919 0.121288 15.735093 8.669813
30.797724 11.822621 17.907946 5.503825 -3.011549 22.907917 24.297102 -0.080060 16.306742 8.932408
30.752855 11.746999 17.835854 5.591908 -2.983530 22.858713 24.324265 -0.205155 16.481627 8.996757
30.807726 11.444318 17.278210 5.885668 -2.922538 22.394115 24.418922 -0.200055 17.380302 8.890516
31.366293 10.107682 15.149262 7.093001 -3.153471 20.618856 24.126772 -0.666896 19.952105 8.427916
33.025661 8.404725 10.892148 8.953780 -3.718741 16.506638 23.005568 -2.059223 23.331652 7.020475
35.093887 5.939250 5.969381 10.414798 -5.439518 11.408158 21.652180 -3.879968 26.299715 5.308500
37.682919 2.814446 1.105278 12.481229 -7.322291 6.967342 19.184708 -3.792311 28.206347 3.443147
39.796375 0.799176 -3.191830 14.074466 -8.622984 2.412916 17.531490 -2.041151 27.529768 3.821675
39.847431 0.760643 -6.335856 14.974726 -10.171890 -2.736688 16.508497 -0.074769 22.976728 5.123312
38.245316 0.271762 -8.030593 14.365471 -13.758922 -7.002617 16.650932 0.602619 16.510050 7.052213
35.068523 -1.309539 -7.945976 14.875081 -16.878857 -8.613200 17.607466 -1.305296 12.302092 11.072292
31.062742 -2.714894 -6.636866 14.813625 -18.412178 -9.188875 19.783985 -5.670855 9.194531 14.730633
27.826994 -2.736840 -3.889956 14.694226 -16.678968 -8.067198 22.479946 -10.750692 5.650336 17.100336
25.145933 -2.994543 -1.075207 13.166916 -13.563643 -6.872092 26.784035 -15.627886 4.958713 17.172344
23.498419 -2.859395 1.145355 11.624907 -11.233344 -5.864623 29.912228 -20.592159 3.544138 15.771100
22.513435 -3.671026 3.942281 11.173339 -8.543656 -4.539809 30.810890 -24.640574 0.159288 13.997575
22.192421 -4.457634 6.883275 11.321704 -6.306286 -2.861436 29.692848 -27.017063 -4.062783 12.025844
21.247849 -4.812279 10.411336 11.626013 -3.913691 -0.979966 28.535368 -27.971598 -8.820418 10.452108
19.647734 -4.856124 14.258033 11.829143 -2.566993 1.257572 27.259859 -27.800497 -13.031949 9.462828
17.834484 -4.354698 17.317957 11.950418 -1.864748 3.067740 26.365059 -27.490810 -15.238120 8.787900
17.287897 -4.192781 18.523294 12.290037 -1.184676 3.817687 25.715168 -26.911304 -16.041018 8.444735
17.194027 -4.203316 18.779972 12.453047 -0.920710 3.920063 25.427391 -26.656977 -16.189020 8.280863
17.108110 -4.016268 18.791986 12.484241 -0.962302 3.914123 25.435629 -26.707073 -16.243206 8.356725
16.809277 -3.521713 18.794821 12.628407 -1.014428 3.825177 25.412653 -26.705759 -16.276905 8.525200
16.315729 -2.671372 18.613850 13.025585 -1.279564 3.673335 25.250103 -26.495266 -16.159281 9.023427
15.786606 -1.357352 18.042858 13.613448 -1.629023 3.333507 25.053217 -25.981976 -15.492966 9.699988
15.063287 0.494630 17.345264 14.349129 -2.074655 2.890134 24.754288 -25.407211 -14.419131 10.327728
14.301531 2.560296 16.562975 15.175314 -2.721391 2.499406 24.392107 -24.912569 -13.197554 10.998399
13.670547 4.626737 15.902176 16.281794 -3.569448 2.564691 23.520584 -24.238117 -12.201609 11.628811
12.982046 6.315128 15.402944 17.328011 -4.018377 2.691498 22.869169 -23.615330 -11.007362 12.270679
12.125731 8.145969 15.090804 18.043976 -4.890757 3.012550 22.395287 -22.840231 -9.714332 13.025932
11.258223 10.191280 14.854296 18.741550 -5.960693 3.451441 21.664576 -21.621414 -8.519214 13.632937
10.684137 11.828191 14.483262 19.395348 -6.748447 3.708230 21.060097 -20.447754 -7.291615 14.270639
10.073726 13.474838 14.178459 20.025860 -7.411498 4.014115 20.615156 -18.967175 -5.782221 14.961785
9.225852 14.974046 14.311377 20.388784 -7.889156 4.480381 20.409283 -17.314945 -4.461555 15.560469
8.244294 16.416744 14.674623 20.676229 -8.121061 4.922695 20.289814 -15.370401 -3.406525 16.250383
7.246682 17.912188 15.011067 21.177860 -8.043218 5.392002 20.196236 -13.234325 -2.390251 17.306196
6.528080 19.067223 15.368706 21.688303 -7.677592 5.868723 20.053974 -11.745517 -1.809937 18.084061
5.835453 20.098307 15.641213 22.063053 -7.485662 6.268744 19.993103 -10.488310 -1.192049 18.789980
5.529083 20.498987 15.737761 22.304569 -7.308277 6.495505 19.990248 -9.829299 -0.749428 19.165869
5.364630 20.635637 15.812995 22.483213 -7.156119 6.564171 19.935999 -9.469011 -0.588928 19.331499
5.354178 20.678511 15.800288 22.545977 -7.145171 6.591723 19.890369 -9.427450 -0.568949 19.356230
5.354492 20.678764 15.799465 22.546364 -7.145081 6.591219 19.890390 -9.427492 -0.567552 19.355852
5.354730 20.677183 15.798731 22.548443 -7.144304 6.591787 19.889212 -9.426104 -0.563172 19.355471
5.355094 20.677269 15.799069 22.549507 -7.143868 6.592302 19.887093 -9.425021 -0.565088 19.355654
5.354219 20.675476 15.800193 22.548281 -7.145622 6.593007 19.888096 -9.424513 -0.565801 19.356874
5.353676 20.675190 15.800236 22.548214 -7.146475 6.593029 19.888487 -9.425111 -0.564767 19.357199
5.351963 20.672449 15.802050 22.546789 -7.148323 6.594429 19.890760 -9.424227 -0.562892 19.358732
5.352332 20.672457 15.802166 22.547367 -7.148082 6.594812 19.889957 -9.423139 -0.562528 19.358469
5.352560 20.673428 15.802356 22.548300 -7.148406 6.595490 19.888170 -9.423271 -0.563602 19.358419
5.350751 20.672319 15.803742 22.547356 -7.150947 6.596454 19.888836 -9.425241 -0.564852 19.359728
