15.596685 3.746738 -8.273510 -20.199345 -6.875728 4.556375 13.134225 -11.064230 40.574154 8.262177
13.757581 3.027110 -12.151641 -19.884899 -3.979231 2.483960 15.064559 -9.224093 40.994282 4.708921
11.292821 3.086826 -15.977959 -18.629982 -1.684637 0.643522 14.784342 -7.143268 41.028240 2.594487
10.731746 4.873495 -19.169252 -18.239725 3.162698 -3.925213 14.290489 -4.053641 38.194378 3.977027
9.294904 3.541036 -23.397875 -17.493559 5.411095 -6.686510 13.874857 -1.014248 37.278255 1.870076
10.049485 0.835696 -26.210230 -18.107393 7.190117 -9.241808 14.401944 1.587874 34.822479 -0.758270
10.975911 -1.591005 -28.872612 -18.339968 8.104639 -11.498549 14.782370 2.837184 30.971733 -1.469306
11.841917 -4.023798 -32.468288 -18.399309 8.455681 -13.587249 14.861192 5.018454 27.489626 -2.438288
12.241359 -6.120555 -34.989807 -19.199858 8.982278 -15.538511 15.026314 6.997787 24.139477 -2.963074
10.075967 -6.359838 -36.634739 -19.967968 9.390389 -16.818796 15.392685 8.300148 21.919464 -1.463564
7.739862 -6.079428 -37.734932 -20.847738 9.870404 -18.183947 15.074015 9.854744 20.267387 0.144080
5.844061 -6.126980 -39.184368 -21.558126 9.951649 -19.232447 15.374338 10.764054 18.423359 1.504153
3.833051 -6.033237 -41.104794 -21.403509 9.595140 -19.796986 15.220415 11.604774 16.625767 2.759853
2.664187 -6.186726 -42.440327 -20.878349 9.361694 -19.919634 14.278660 12.516934 15.688443 2.707790
2.094660 -6.447078 -42.908875 -20.903086 9.139242 -19.878286 13.999512 12.850311 14.972974 2.961921
1.877729 -6.452701 -43.008369 -20.944345 9.061623 -19.878433 13.924911 12.915557 14.793641 3.094857
1.741666 -6.707784 -43.068356 -21.135296 8.774707 -19.689098 14.336123 12.483848 14.512536 3.381545
0.863635 -7.409498 -43.024261 -21.873028 7.865602 -19.058004 15.181073 11.102704 13.452701 4.441772
-0.659264 -8.394189 -42.878693 -23.061180 6.552237 -18.184166 15.915123 9.175983 11.616224 6.001707
-2.465157 -9.311289 -41.929211 -24.761974 4.947849 -17.138895 16.620171 6.501387 9.330104 8.142282
-5.067230 -9.958411 -40.100895 -27.377224 3.221999 -16.241619 17.810190 3.442276 6.788546 11.845628
-7.201211 -10.374222 -38.603317 -29.114799 1.404022 -15.040451 18.735477 0.873666 5.353117 14.756221
-8.639522 -10.681952 -36.825287 -30.710953 0.097940 -13.714796 20.255642 -1.615910 4.628093 17.263500
-9.003229 -10.658787 -35.957844 -31.051252 -1.259676 -12.483476 21.303383 -3.808822 4.279152 18.991915
-8.589050 -10.808607 -35.701385 -30.900545 -1.958019 -11.902298 21.773075 -4.963175 4.332869 19.318569
-8.364205 -10.872264 -35.538818 -30.751173 -2.214119 -11.618304 21.769823 -5.376602 4.427908 19.268610
-6.847796 -11.624993 -34.422722 -31.038582 -1.580936 -10.922118 21.639320 -5.344153 5.529768 17.385046
-0.075698 -13.364419 -31.947264 -29.200930 0.665804 -9.062086 18.711676 -3.776130 9.938875 9.074736
4.765247 -14.757005 -30.065147 -27.508749 2.387148 -6.468383 14.719150 -1.288961 15.721625 -0.141802
6.640566 -13.981661 -19.322702 -28.970470 7.205468 -1.790340 8.345222 -0.239956 24.005341 -9.207047
12.020086 -10.417144 -7.757156 -28.826887 6.780955 -1.294362 -7.558995 3.731717 22.674747 -5.035608
17.939789 -5.979572 -5.454926 -23.384504 1.704026 1.307572 -13.801502 4.106267 22.995960 -0.538703
27.274834 -9.278451 -7.739861 -17.741163 -2.268134 6.878247 -16.150198 0.078305 12.277108 -0.719969
35.068211 -8.970722 -13.450064 -13.354087 -4.359271 7.846591 -11.811226 -0.493028 8.077291 -1.051052
41.064178 -7.636312 -17.746849 -13.429364 -1.878917 2.656185 -0.244722 -0.506819 5.137121 3.588482
42.024208 -8.834188 -17.879389 -14.891218 -1.985601 1.464062 2.939779 -1.706251 3.337853 4.413783
42.208984 -8.690170 -17.940996 -14.721982 -2.121833 1.485497 2.698675 -1.363375 3.594025 4.751787
42.047935 -8.020947 -16.525166 -14.816570 -2.464746 2.279379 0.712354 -0.681407 3.921878 5.897707
41.389668 -7.421292 -13.357536 -15.606236 -3.763899 3.725649 -3.073488 -0.282788 3.679466 7.625928
40.927608 -7.979798 -8.416459 -18.465729 -5.665028 4.878134 -6.974790 -0.970213 1.787445 9.360010
38.870712 -9.224281 -5.433176 -20.155415 -7.682105 5.808036 -10.370124 -1.063557 0.787372 11.066634
37.560894 -10.333271 -2.062528 -21.908236 -8.289644 6.525727 -11.686975 -1.859614 -0.113733 13.493076
36.671734 -11.672497 0.530292 -23.427794 -8.507888 6.817731 -12.946365 -2.549826 -2.086140 15.758971
36.693562 -12.856304 3.196030 -24.914389 -8.242831 6.730668 -13.509815 -3.401075 -4.466234 18.411465
36.312366 -13.400268 4.571776 -25.910336 -7.786973 6.485466 -13.255359 -3.919898 -5.535467 19.884468
35.888290 -13.407314 4.759180 -26.048655 -7.639983 6.331787 -13.204906 -4.120070 -5.821065 20.146328
0.000000 0.000000 0.000000 0.000000 0.000000 0.000000 0.000000 0.000000 0.000000 0.000000
0.000000 0.000000 0.000000 0.000000 0.000000 0.000000 0.000000 0.000000 0.000000 0.000000
0.000000 0.000000 0.000000 0.000000 0.000000 0.000000 0.000000 0.000000 0.000000 0.000000
0.000000 0.000000 0.000000 0.000000 0.000000 0.000000 0.000000 0.000000 0.000000 0.000000
