9.206511 -14.925531 4.797979 23.225391 -0.369613 -19.963223 24.259077 6.424943 17.958788 11.402861
9.361702 -15.188176 4.395563 21.076660 -0.542348 -22.522142 25.732374 5.672367 18.064648 9.206796
10.147337 -15.836699 3.635137 20.986359 0.039763 -24.361341 25.333736 5.366960 17.707239 7.459285
11.166095 -16.399843 2.652901 21.133783 0.466115 -26.455595 24.307255 5.329392 16.750854 5.778571
12.613871 -17.106430 1.693398 21.279991 0.639230 -28.694674 22.484085 5.521982 14.318328 4.771130
13.614915 -17.035902 2.037885 21.801067 2.412414 -30.012920 20.101671 6.698024 11.556473 2.490133
14.505879 -17.464851 2.740159 22.073517 3.505200 -30.837290 18.063375 5.577592 8.360094 0.335914
15.677357 -17.981174 3.502568 20.976858 2.183546 -32.516804 15.695653 4.433226 3.363953 -1.559334
16.793924 -15.747355 3.329672 19.234514 0.062198 -35.551811 13.173342 1.886806 -2.434311 -5.524959
14.492045 -12.126808 5.666975 15.654119 -5.895708 -36.335873 12.112524 3.728123 -9.859074 -3.508725
12.046044 -7.293533 10.268768 11.802734 -8.103282 -34.828346 12.270370 4.888063 -16.130198 -3.034271
10.390303 -3.785369 14.056456 11.900589 -4.216600 -32.178001 11.792216 6.084380 -14.500184 -5.671773
10.231667 -2.681014 16.457170 15.492567 1.719221 -28.473648 9.517568 8.459877 -10.743524 -8.017995
9.061061 -2.106782 17.822180 18.788628 3.054796 -24.802004 7.659363 12.587169 -8.607253 -6.076454
7.532332 -0.710088 18.166054 20.086222 0.970072 -22.988180 6.416613 17.294607 -9.194135 -2.671869
4.638923 0.826515 20.013796 19.114916 -2.566047 -20.823101 6.960433 20.682842 -9.857858 1.267052
1.402672 0.299518 21.769222 18.074928 -6.533056 -18.612766 8.790384 23.309708 -8.273614 5.788895
-0.984452 -0.941749 21.831903 17.804493 -10.413901 -17.364817 10.357445 25.056719 -5.403957 9.923393
-1.774623 -1.611107 21.394102 17.968580 -12.078534 -16.944695 11.128098 26.158733 -3.683876 12.257552
-1.827926 -1.711137 21.232994 17.938271 -12.328389 -16.914270 11.381341 26.233326 -3.339614 12.646097
-1.842270 -1.962502 21.395487 17.921354 -12.232430 -16.829782 11.345020 26.251659 -3.454683 12.592551
-1.903146 -2.621330 21.920830 17.837358 -12.003736 -16.623039 11.220178 26.284605 -3.885850 12.394959
-1.709743 -3.781006 22.639057 17.627815 -11.698507 -16.367180 10.942537 26.108187 -4.560911 11.854687
-1.597989 -5.225482 23.646162 17.189535 -11.618270 -15.838593 10.697584 25.906292 -5.239402 11.218692
-1.531997 -6.925815 24.965509 16.554525 -11.456966 -15.099802 10.548905 25.480959 -5.809160 10.217670
-1.519566 -8.721135 26.228121 15.793669 -11.665965 -14.395668 10.408592 24.962624 -6.177732 9.192713
-1.470301 -10.392556 27.572615 14.671290 -12.031659 -13.518913 10.555545 24.193359 -6.576968 8.029770
-1.797334 -12.016502 29.248684 13.630445 -12.273657 -12.650500 10.748124 23.455706 -7.172470 7.008803
-1.798499 -13.594325 30.813164 12.723101 -12.044370 -11.811194 10.898129 22.516609 -7.927197 5.829214
-1.745242 -15.181222 32.333447 11.939527 -11.568297 -10.760448 11.195983 21.324381 -8.584498 4.822654
-1.607594 -16.985697 33.868271 11.061209 -10.599779 -9.541721 11.947270 19.835207 -9.016500 3.680839
-1.252108 -18.616087 35.079273 10.027508 -9.718482 -8.452894 12.874608 18.239044 -9.085562 2.455274
-0.853579 -19.792145 35.928993 9.227071 -9.003542 -7.515707 13.595223 16.892220 -9.085626 1.525238
-0.519207 -21.010513 36.665802 8.453588 -8.555336 -6.752260 14.283686 15.668805 -9.071420 0.728769
-0.140921 -21.955517 37.204628 7.863105 -8.063540 -6.043288 14.838612 14.262015 -9.047013 -0.071106
0.297972 -22.953663 37.749359 7.239701 -7.653484 -5.333656 15.360160 12.953446 -9.039275 -0.853071
0.721353 -23.833395 37.985538 6.953164 -7.336928 -4.792977 15.744287 11.752419 -8.856585 -1.331967
0.958011 -24.330242 37.989414 6.927110 -7.116562 -4.604812 15.898022 10.785578 -8.767935 -1.628894
1.195154 -24.638599 37.961426 6.883134 -6.928663 -4.496614 15.997987 10.139162 -8.754251 -1.848116
1.277425 -24.777563 37.951939 6.877307 -6.873813 -4.463367 16.017496 9.887075 -8.726674 -1.955506
1.150769 -24.413160 37.796974 7.133707 -6.682699 -4.903488 15.756181 9.639876 -8.832704 -2.265279
1.028861 -23.306454 37.252144 7.893667 -5.922804 -6.386405 14.898269 8.645007 -9.378621 -3.463620
1.263718 -21.005800 35.742275 9.485945 -4.492414 -8.984463 13.315971 6.965658 -10.039196 -5.144150
1.595564 -18.600117 33.631119 11.500035 -4.169077 -11.845081 10.991845 4.742352 -10.534014 -6.389180
1.899943 -16.293343 30.780506 13.444185 -5.009159 -14.767174 9.045121 2.908934 -11.111876 -5.803677
0.952522 -13.867717 28.570053 14.725107 -6.884161 -17.032938 8.557419 1.551113 -11.555303 -3.748419
0.929692 -11.726394 25.555412 17.047081 -9.582157 -19.422476 6.286517 1.011024 -12.976989 -0.736838
2.873715 -11.895819 20.140631 22.936272 -10.546133 -21.271029 1.989947 1.100585 -10.671800 2.117673
4.119735 -12.097101 15.070416 27.448812 -10.050522 -24.321970 -0.324509 1.564703 -5.624139 1.483427
4.270685 -10.492320 11.043722 30.101309 -7.914516 -26.886396 -0.562363 4.526798 6.902729 -3.212457
0.869150 -9.224612 10.938946 31.595148 -7.192683 -24.829605 2.135313 3.280019 16.843307 -3.744648
-3.464161 -8.131554 14.069169 30.906092 -8.401670 -21.862511 4.553804 2.522136 18.486841 -2.048803
-6.630679 -6.940186 17.438456 29.299213 -9.233448 -18.793242 6.970614 1.856170 17.865507 -0.908674
-8.855376 -5.015014 20.598469 27.012644 -8.629471 -16.479111 10.110781 1.495868 13.895274 -0.129583
-10.702372 -1.922911 22.718878 25.078430 -9.261683 -14.785406 12.238061 2.410984 7.804056 2.335854
-11.991675 -1.774967 25.147938 21.950851 -12.262496 -12.637031 13.827516 1.638616 7.252235 2.082365
-13.081483 -2.514440 27.481407 19.568993 -14.899055 -10.526494 14.740978 0.560346 8.928684 0.757218
-13.480354 -2.657092 29.158384 17.642067 -17.378641 -9.040649 14.528240 0.517049 10.460617 -0.659762
-13.441283 -2.524022 29.926968 16.599836 -18.528624 -8.445059 14.333587 0.464546 10.763356 -1.453179
-13.486295 -2.358556 30.060228 16.489342 -18.821831 -8.337327 14.211596 0.554621 10.880676 -1.535241
-13.508788 -2.282122 30.103048 16.482098 -18.852337 -8.301996 14.157547 0.496262 10.966174 -1.650599
-13.586678 -1.929893 30.249094 16.484612 -18.892790 -8.151469 13.994654 0.343656 11.210339 -1.940624
-13.785411 -1.300636 30.523479 16.506845 -18.896578 -7.709681 13.842756 0.318851 11.736636 -2.147316
-14.246115 -0.024722 30.748228 16.927473 -18.830389 -7.269962 13.492478 0.236080 12.428412 -2.300505
-14.504871 1.818595 30.736464 17.878180 -18.335836 -6.994310 12.511088 0.350259 13.211683 -2.729766
-14.651455 3.360960 30.545263 19.058952 -17.843140 -6.978820 11.164094 0.706115 13.643739 -2.940723
-14.685843 4.931307 30.169474 20.476681 -17.087799 -7.470142 9.448600 0.933772 13.093720 -3.171489
-14.025876 6.096876 29.709957 22.243849 -15.638130 -8.044021 7.216184 1.187716 11.723425 -3.658617
-13.338179 7.007409 29.499416 23.993784 -13.992575 -8.366107 5.067117 1.054602 10.572448 -4.310800
-12.487500 7.696625 29.732079 25.000059 -11.766455 -8.599699 3.476837 0.570123 9.219226 -5.596638
-11.552627 7.880313 30.103958 25.201418 -9.247267 -9.095411 2.727179 -0.298610 7.864459 -7.478820
-10.351869 7.576130 30.644693 25.074745 -6.668318 -9.830730 2.022849 -1.582756 6.435486 -9.832188
-8.958769 6.841009 31.173519 24.640606 -3.894853 -10.775065 1.582747 -2.826842 5.091660 -12.459925
-7.742391 6.495786 31.942701 24.233887 -0.987376 -11.341568 1.243028 -3.796639 3.732958 -14.862070
-6.432407 6.243584 32.620266 23.807650 1.810220 -11.724090 0.854550 -4.701594 2.503973 -17.192122
-5.336989 6.206362 33.135334 23.173418 4.001379 -12.075127 0.838548 -5.636243 1.854696 -19.407228
-4.091886 6.194945 33.804199 22.514135 6.781310 -12.311504 0.886754 -6.534190 1.254885 -21.871214
-3.047035 6.384918 34.313702 22.110485 9.190638 -12.514815 0.841526 -7.288186 0.881756 -23.925398
-2.379584 6.518197 34.613834 21.903101 10.712816 -12.620122 0.756075 -7.737456 0.561751 -25.134180
-2.192466 6.626313 34.679958 21.810408 11.122806 -12.656894 0.766005 -7.867635 0.516714 -25.514633
-2.192028 6.631664 34.681091 21.808056 11.131769 -12.660835 0.769542 -7.869051 0.524574 -25.520775
-2.199042 6.631679 34.683884 21.803164 11.132474 -12.662388 0.781091 -7.874167 0.541111 -25.521835
-2.206811 6.633547 34.690975 21.797110 11.128445 -12.658127 0.791473 -7.881422 0.541522 -25.518232
-2.211077 6.633231 34.691036 21.791878 11.125452 -12.661083 0.798342 -7.881138 0.547583 -25.514172
-2.214980 6.629789 34.693398 21.796486 11.123314 -12.655801 0.797246 -7.880943 0.549903 -25.507124
-2.216884 6.624989 34.693008 21.798513 11.120073 -12.655747 0.794010 -7.876850 0.552633 -25.503054
-2.218139 6.620883 34.689342 21.799532 11.111799 -12.656384 0.791946 -7.875579 0.555400 -25.501341
-2.214498 6.613222 34.685234 21.811586 11.116660 -12.653715 0.780384 -7.869437 0.553728 -25.496950
-2.217624 6.606524 34.683224 21.813490 11.108839 -12.651919 0.779684 -7.866115 0.560859 -25.490026
