-3.098089 8.375992 37.864456 21.594614 11.227655 -9.046109 0.436771 -8.226315 -8.073138 -22.725584
-3.098089 8.375992 37.864456 21.594614 11.227655 -9.046109 0.436771 -8.226315 -8.073138 -22.725584
-3.098089 8.375992 37.864456 21.594614 11.227655 -9.046109 0.436771 -8.226315 -8.073138 -22.725584
-3.098089 8.375992 37.864456 21.594614 11.227655 -9.046109 0.436771 -8.226315 -8.073138 -22.725584
-3.098089 8.375992 37.864456 21.594614 11.227655 -9.046109 0.436771 -8.226315 -8.073138 -22.725584
-3.103363 8.590152 37.491322 18.682438 10.092738 -11.268662 2.386033 -7.898136 -7.004704 -24.563511
-3.093919 8.559971 37.451153 18.625757 9.966417 -11.298591 2.405001 -7.897636 -6.990244 -24.615938
-3.106912 8.559109 37.471104 18.621319 9.975540 -11.287114 2.419736 -7.903312 -7.000520 -24.605066
-3.108999 8.558748 37.472008 18.618998 9.971713 -11.286624 2.422272 -7.905041 -6.999333 -24.604490
-3.108226 8.558502 37.471615 18.620037 9.970488 -11.286283 2.420324 -7.906039 -7.000908 -24.605089
-3.108660 8.557992 37.472309 18.619783 9.970169 -11.285950 2.420668 -7.905517 -7.001452 -24.604576
-3.108990 8.557872 37.473206 18.619392 9.970208 -11.284996 2.420923 -7.905378 -7.001610 -24.605066
-3.109500 8.558323 37.474258 18.618752 9.971379 -11.285126 2.422077 -7.906026 -7.001675 -24.604574
-3.110045 8.558067 37.475006 18.617521 9.972176 -11.285466 2.423386 -7.905799 -7.001615 -24.605019
-3.111099 8.558633 37.476959 18.617393 9.972294 -11.284083 2.423426 -7.906176 -7.003661 -24.603828
-3.109830 8.557554 37.475525 18.617126 9.973511 -11.287084 2.422753 -7.903297 -7.001719 -24.605551
-3.109965 8.557027 37.475616 18.616262 9.973973 -11.288057 2.424289 -7.903577 -7.000229 -24.606020
-3.111724 8.557183 37.477341 18.616459 9.974918 -11.285851 2.426464 -7.904573 -6.999829 -24.604223
-3.111744 8.557294 37.478809 18.617411 9.975782 -11.284674 2.424912 -7.903948 -7.001143 -24.603365
-3.112844 8.557082 37.480213 18.616917 9.975389 -11.283336 2.426058 -7.904479 -7.002661 -24.602253
-3.112239 8.557327 37.479115 18.616371 9.974963 -11.284598 2.426531 -7.904735 -7.002567 -24.602839
-3.113026 8.558632 37.481243 18.616917 9.977635 -11.283148 2.427099 -7.903963 -7.003411 -24.601452
-3.113665 8.557656 37.482040 18.618002 9.978590 -11.281390 2.427419 -7.904746 -7.000987 -24.600512
-3.114027 8.557763 37.482525 18.619165 9.979321 -11.280570 2.426375 -7.905267 -7.002139 -24.600105
-3.112796 8.558653 37.480270 18.619888 9.978177 -11.281591 2.425312 -7.905015 -6.999981 -24.600260
-3.113323 8.558984 37.481136 18.619799 9.979136 -11.281142 2.425780 -7.905324 -7.000149 -24.600187
-3.113537 8.558049 37.481396 18.620987 9.980853 -11.281095 2.425466 -7.905202 -6.998950 -24.599342
-3.114515 8.559164 37.482227 18.620619 9.980698 -11.279914 2.426685 -7.905289 -6.998674 -24.599104
-3.116390 8.559491 37.484459 18.621590 9.983109 -11.277681 2.428327 -7.906337 -6.998937 -24.596411
-3.116376 8.559327 37.484062 18.621624 9.983747 -11.277994 2.428382 -7.905778 -6.996696 -24.596170
-3.116389 8.559940 37.484715 18.620920 9.984926 -11.278475 2.429277 -7.905128 -6.996485 -24.596472
-3.292676 8.450524 37.416328 18.731319 9.593796 -11.231301 2.405635 -7.771665 -6.933651 -24.223448
-3.926523 8.277997 37.094467 19.011744 8.130763 -11.095133 2.438343 -7.293357 -6.600968 -22.967772
-4.959215 8.019547 36.508671 19.527710 5.720069 -10.858818 2.431927 -6.537960 -6.140703 -20.809156
-6.246651 7.959313 35.805061 20.208038 2.988621 -10.625581 2.435992 -5.706139 -5.518908 -18.275763
-7.267200 8.024864 35.210835 20.867638 0.929972 -10.366153 2.458284 -4.863873 -4.900576 -16.084623
-8.476529 8.146749 34.476738 21.371771 -1.671412 -10.133890 2.728567 -3.942808 -3.773771 -13.743882
-9.687166 8.367924 33.665764 21.788151 -4.670603 -9.780795 2.970682 -2.962493 -2.416393 -11.354462
-10.928981 8.963174 32.760799 22.303364 -7.558008 -9.243144 3.262194 -1.975716 -0.880984 -8.852274
-12.121115 9.239506 32.055397 22.575844 -10.150773 -8.640830 3.906433 -0.963720 0.785412 -6.587302
-13.074548 9.111557 31.576012 22.416304 -12.733071 -8.183015 4.710320 -0.261011 2.331301 -4.696103
-13.828212 8.362864 31.148623 21.735468 -14.927598 -7.953268 5.984706 0.213474 4.157551 -3.405990
-14.463161 7.212805 31.101900 20.280008 -16.711910 -7.742829 7.803050 0.460708 5.841105 -2.686520
-14.952846 5.967666 31.367729 18.616823 -18.144819 -7.311209 9.846971 0.388983 7.350263 -2.257728
-14.728038 4.376347 31.491943 17.320789 -18.732531 -7.038892 11.497663 0.232623 8.214416 -2.260666
-14.480145 2.679705 31.484484 16.283644 -19.201046 -7.184186 12.767509 -0.116464 8.269057 -2.189557
-14.240711 0.699352 31.400684 15.449446 -19.669472 -7.511831 13.764593 -0.272142 7.847468 -1.782726
-13.790130 -0.657846 31.083984 15.127715 -19.764761 -7.986973 14.105619 -0.183131 7.473733 -1.623263
-13.575903 -1.284221 30.758022 15.104403 -19.782969 -8.468586 14.263093 -0.187729 7.067862 -1.437267
-13.486339 -1.603510 30.564760 15.119392 -19.749437 -8.661331 14.415963 -0.060186 6.920582 -1.195338
-13.464023 -1.659311 30.505245 15.121508 -19.736889 -8.714781 14.474755 -0.014955 6.865529 -1.094208
-13.418975 -1.788464 30.352453 15.177044 -19.530237 -8.891658 14.605141 -0.143041 6.615418 -1.006589
-13.532415 -1.975648 29.569033 15.914440 -18.767624 -9.720591 14.949429 -0.211100 5.923026 -0.157156
-13.110489 -1.794698 27.956932 17.995356 -16.140894 -11.111261 14.982442 -0.154839 4.291071 1.235621
-11.971241 -0.909831 25.656023 20.382898 -13.680739 -13.200516 13.979951 1.209002 2.274678 2.583033
-10.659270 -0.821716 23.236845 22.912687 -11.935865 -15.654675 12.285304 1.372602 0.616332 3.118285
-9.075954 -4.195095 21.059086 24.607973 -12.545157 -17.377827 10.497392 -0.154412 5.302269 1.696221
-6.790398 -6.517458 17.277430 27.219582 -13.023836 -20.323023 7.387897 0.689845 10.880179 0.549888
-3.761496 -7.460697 13.981000 28.503653 -12.227502 -23.313993 5.430024 1.351135 11.739180 -0.625448
-0.019753 -8.121900 11.469290 28.289644 -11.578099 -26.016087 3.796206 1.762062 9.940490 -2.407812
2.797086 -9.496257 11.771764 26.745195 -12.052889 -27.354347 1.877047 2.852599 3.529759 -2.414678
3.141962 -11.087580 15.387012 23.553770 -13.841572 -25.575544 2.262952 0.602633 -6.555608 0.324516
2.145307 -11.766481 20.503342 21.510792 -11.709751 -21.421103 3.405624 0.948540 -9.367893 1.253933
1.021735 -12.952086 25.181103 18.648859 -8.277998 -18.569855 6.013781 1.839084 -8.542403 -1.171422
1.398695 -14.828616 27.879400 16.125284 -5.701055 -16.800615 8.100582 2.482906 -8.074590 -4.203877
2.347242 -17.057722 29.877487 14.935647 -3.971450 -14.632377 8.510555 3.635600 -7.779721 -6.160072
2.433431 -19.929678 32.196014 13.446577 -3.313663 -12.125054 9.919931 5.676162 -6.875751 -6.623250
1.967670 -22.405352 34.573544 11.784528 -3.358531 -8.939095 11.839767 8.005816 -6.166574 -5.428082
1.806869 -25.052879 35.882458 10.647502 -4.584414 -6.290258 13.297061 9.763706 -4.646996 -3.740524
1.985198 -26.135717 36.401035 9.835155 -5.250978 -4.825623 14.237863 10.887719 -3.808863 -2.738978
2.151991 -26.630903 36.571255 9.575763 -5.414191 -4.358878 14.505552 11.139100 -3.613966 -2.472805
2.061336 -26.502314 36.580070 9.584247 -5.490443 -4.386992 14.474685 11.357707 -3.651929 -2.365566
1.845584 -26.223755 36.589657 9.645911 -5.712500 -4.473132 14.342821 11.934269 -3.708920 -2.078247
1.665132 -25.750481 36.559177 9.708995 -5.955020 -4.634893 14.129348 12.730338 -3.861951 -1.752687
1.254806 -24.839119 36.306667 10.057697 -6.293248 -5.159121 13.660561 13.897514 -4.063199 -1.239943
0.786751 -23.754242 35.808136 10.645019 -6.826357 -5.805040 13.083730 15.258615 -4.121368 -0.435984
0.309083 -22.741779 35.331242 11.203305 -7.416757 -6.403436 12.575179 16.590839 -4.156391 0.429991
-0.123141 -21.457081 34.690659 11.859929 -7.970245 -7.170129 11.930845 17.710566 -4.486590 1.304115
-0.600242 -20.209700 33.942127 12.528338 -8.811851 -8.086262 11.264872 18.976126 -4.591353 2.239323
-0.957916 -18.508133 32.752136 13.398989 -9.750894 -9.276731 10.449143 20.489016 -4.747452 3.449568
-1.132051 -16.669827 31.235521 14.195266 -10.737463 -10.540101 9.822037 21.902863 -4.447144 4.640320
-1.182426 -15.073431 29.666645 14.975776 -11.138194 -11.687012 9.594611 23.118635 -3.740472 5.604396
-1.196986 -13.489596 28.047159 15.852421 -11.346433 -12.609801 9.544493 24.101847 -2.937601 6.784788
-0.955401 -11.767947 26.434511 16.755978 -11.147522 -13.481191 9.458374 24.908646 -2.421095 7.736803
-1.102104 -10.004231 25.080694 17.749184 -10.932140 -14.383813 9.427551 25.712820 -1.840753 8.863644
-1.267536 -8.268862 23.798304 18.550980 -10.825845 -15.075527 9.623158 26.161243 -1.097557 9.906085
-1.415020 -6.616971 22.430199 19.245581 -11.046870 -15.841837 9.777295 26.529518 -0.266233 10.887953
-1.556630 -5.187344 21.446041 19.733311 -11.141687 -16.334623 9.963234 26.746714 0.414990 11.553070
-1.701400 -4.016190 20.680563 19.956739 -11.486176 -16.642841 10.187333 26.954151 1.165727 12.044888
-1.657530 -3.445346 20.211563 20.047031 -11.708567 -16.845156 10.287622 26.898262 1.616561 12.209880
-1.638323 -3.215720 20.035210 20.078579 -11.793013 -16.931469 10.316969 26.888367 1.766353 12.266839
-1.644910 -3.087149 19.970078 20.096632 -11.854671 -16.957014 10.304027 26.872004 1.853976 12.257647
-1.647524 -2.704546 19.741417 20.161304 -12.009918 -17.058357 10.268623 26.790791 2.100753 12.233891
-1.649297 -2.077662 19.329428 20.233494 -12.401175 -17.258818 10.187047 26.606281 2.466119 12.197138
-1.612445 -1.170200 18.680004 20.301365 -13.060424 -17.557953 10.041865 26.193689 3.113421 12.040259
-1.528443 -0.105245 17.876329 20.415131 -13.907553 -17.888508 9.805556 25.681932 3.864936 11.858763
-1.270457 1.247510 16.774593 20.566275 -15.026067 -18.368307 9.399978 25.099182 4.813020 11.513501
-1.010906 2.593222 15.772280 20.615391 -16.374954 -18.754446 8.912433 24.415771 5.677488 10.929053
-0.773528 3.897537 14.828799 20.585979 -17.855385 -19.156212 8.477565 23.316111 6.130962 10.250004
-0.583309 5.456715 13.879425 20.505672 -19.436964 -19.666183 8.009919 22.296806 6.543522 9.557190
