40.540760 19.276594 11.575139 -0.686777 -17.064756 12.463831 10.842168 16.955160 8.003667 -6.921168
40.256153 18.183962 11.500749 -0.004687 -16.260782 11.480109 10.606038 19.302273 7.344654 -5.495620
40.191574 17.208344 10.819540 1.267965 -15.341000 10.179992 10.212759 21.048542 6.273591 -3.997086
39.860722 16.417439 9.983529 2.419537 -14.524120 8.758169 10.249362 22.450600 5.565988 -1.864165
39.180054 15.812501 9.780321 3.005814 -13.433102 7.399575 10.698265 23.490181 4.240036 -0.635162
38.127163 15.705626 10.029815 1.091264 -12.594601 4.742729 13.031199 24.491352 2.419551 -0.735424
36.921818 14.861745 10.208101 0.470936 -11.712578 3.098242 14.702628 25.306162 1.141101 -0.105408
36.045929 14.365167 10.168852 0.033878 -11.036852 1.427632 16.030535 26.120783 -0.196096 0.266375
35.289932 13.526951 9.841708 -0.261523 -10.321008 -0.115055 17.686314 26.868643 -1.016154 1.500664
34.033478 12.663397 9.595048 -0.201071 -9.489512 -1.474531 19.315386 27.707220 -1.474493 2.647543
32.741417 12.238104 9.988941 -0.542206 -8.122171 -2.481270 21.107569 28.389322 -2.398873 3.460653
31.299032 11.572663 10.582387 -1.233770 -6.173543 -3.578769 23.579948 28.609331 -2.649154 3.884537
29.941328 10.968438 11.109455 -2.016987 -4.535092 -4.971663 25.746872 28.641092 -2.831245 4.224918
28.666410 10.199311 11.875727 -2.711067 -2.220387 -6.004889 28.071867 28.794130 -2.624573 4.491183
27.825476 9.192224 12.688160 -2.964505 0.340454 -6.530548 29.968395 28.639414 -2.292030 4.211246
26.953238 7.829603 13.813075 -2.899174 2.955610 -6.759131 31.429834 28.296284 -2.027584 3.963093
26.184080 6.461018 14.753753 -2.699462 5.587138 -7.089404 32.650833 28.084414 -1.648932 3.701316
25.340858 4.826519 15.705630 -2.214950 8.093079 -7.286248 33.680729 27.710405 -1.609833 3.718800
24.439537 3.483081 16.590275 -1.640699 10.341741 -7.135848 34.702782 26.970608 -1.640089 3.970662
23.665426 1.895124 17.500044 -0.925952 12.377763 -6.731242 35.436401 26.341869 -1.746479 4.384071
23.213526 -0.107835 18.165863 -0.184711 14.270108 -6.511683 36.024490 25.348684 -2.302787 4.901510
22.828466 -2.129515 18.666349 0.649444 15.777178 -6.200782 36.513870 23.929508 -3.177186 5.943244
22.677155 -4.394857 18.791420 1.403488 16.821293 -6.221518 36.941734 22.987755 -3.882379 7.365187
22.783846 -6.752838 18.477482 1.966506 17.235537 -6.649413 37.430866 21.638689 -4.482993 9.170635
22.833872 -8.839388 17.968708 2.484135 16.915293 -7.046227 37.719116 20.139368 -4.886414 11.127682
22.972134 -10.379847 17.535130 2.903859 16.692230 -7.366953 37.797142 19.080332 -5.141778 12.355614
23.040985 -11.312147 17.060989 3.397397 16.454882 -7.751550 37.654686 18.366396 -5.253417 13.137390
23.085825 -11.887393 16.700499 3.810922 16.315632 -8.004409 37.478199 17.995758 -5.202910 13.620062
23.177301 -12.299251 16.364532 4.064195 16.152166 -8.234534 37.346745 17.750008 -5.074995 13.902088
23.299217 -12.488010 16.103922 4.256283 16.018839 -8.371504 37.160843 17.556990 -4.990110 13.949874
23.318209 -12.564351 16.023275 4.305882 15.971350 -8.406235 37.144360 17.499491 -4.930931 14.006721
23.248230 -12.583423 16.063923 4.271487 15.963953 -8.459002 37.208424 17.508795 -4.917527 14.013126
23.039097 -12.648053 16.152662 4.180768 15.832773 -8.479565 37.417027 17.405443 -4.761965 14.093884
22.654200 -12.687860 16.326733 3.985127 15.589577 -8.617595 37.701462 17.409554 -4.612949 14.166561
22.005878 -12.794996 16.775648 3.624565 15.191113 -8.617393 38.120892 17.316101 -4.583007 14.312567
20.995193 -12.880641 17.505751 3.049765 14.530065 -8.569210 38.609539 17.370134 -4.488730 14.404350
19.792442 -12.953484 18.210340 2.520144 13.609881 -8.651335 38.981205 17.348614 -4.292009 14.416943
18.358295 -13.035062 19.040955 1.871448 12.396082 -8.775593 39.319298 17.333855 -4.031151 14.454325
16.798223 -13.111858 20.132528 1.108602 11.135145 -8.718120 39.709038 17.258286 -3.627008 14.257186
15.159121 -13.010587 21.203613 0.276594 9.864202 -8.786783 40.141483 17.365726 -2.761289 13.725754
13.607149 -12.723207 22.241749 -0.442695 8.445030 -8.632868 40.300377 17.451973 -1.819197 13.008726
12.187764 -12.504215 23.238461 -1.112724 7.218784 -8.311116 40.527294 17.773062 -0.745832 12.293507
10.837944 -12.210920 24.227533 -1.406602 6.211872 -7.925782 40.379845 18.135279 0.523468 11.316145
9.626423 -11.941461 24.813833 -1.420311 5.292758 -7.890441 40.138779 18.304041 1.425754 10.542763
8.822474 -11.397656 24.955441 -1.479181 4.436683 -8.035842 40.032833 18.295139 2.395962 10.034706
8.019293 -10.639017 25.161602 -1.324207 3.741238 -8.101277 39.655224 18.186132 3.105732 9.446430
7.435698 -9.902895 25.325659 -1.180192 3.243092 -8.126942 39.310886 18.109196 3.654863 8.838351
7.040564 -9.316086 25.306417 -1.031206 2.850362 -8.291698 39.015728 18.072124 4.055609 8.346063
6.810502 -8.894278 25.160269 -0.959169 2.489684 -8.532617 38.837601 18.069410 4.333959 8.074647
6.723135 -8.622239 24.967686 -0.879466 2.221572 -8.739388 38.696590 18.094719 4.576429 7.952277
6.671075 -8.557182 25.018070 -0.889128 2.198754 -8.765150 38.637268 18.174246 4.561533 7.858705
6.750733 -8.028897 24.560717 -0.894491 1.737221 -8.786990 38.726601 17.893787 5.160494 7.921477
7.387549 -5.776692 22.738762 -0.634531 0.712316 -9.450035 38.499626 17.501392 7.013026 7.582584
9.023904 -2.080997 19.143562 -0.077515 -1.357414 -10.378649 37.799416 16.806168 10.073600 7.340180
11.118456 1.503531 14.899413 1.164477 -4.111010 -10.826119 36.659294 15.418362 13.340329 8.323356
13.817246 3.714421 10.810141 3.065664 -6.935431 -11.030254 34.098320 13.859729 14.732965 10.263441
19.447346 4.532080 4.420375 5.969820 -8.873387 -12.644995 30.531643 10.904847 14.259851 11.674850
25.760252 2.597801 -2.070276 11.401293 -11.719955 -12.241170 24.693411 4.698203 11.937175 13.968693
28.579920 -1.022607 -4.875671 14.060906 -15.254237 -9.826926 22.537001 -2.727701 11.287692 16.628128
29.794128 -2.927734 -2.497654 14.511284 -16.645380 -3.390543 20.983929 -6.925532 9.879353 17.156212
27.462059 -4.371957 4.199771 14.347752 -16.966700 5.561672 20.249802 -9.866270 7.212772 17.229906
26.121511 -5.477180 9.465690 13.580132 -20.020699 11.866609 18.146656 -9.907380 4.909054 15.493176
25.805492 -6.888955 14.142904 10.277628 -24.746920 15.184305 15.577359 -9.688705 0.758140 10.744427
25.908489 -9.388474 19.078608 7.851597 -27.375519 18.052286 12.228534 -10.376570 -3.467172 4.972097
27.602734 -12.380116 20.617493 6.412274 -29.081329 17.122183 8.721813 -12.912664 -5.167912 -1.573142
28.505167 -17.648874 22.582001 6.146836 -30.673353 16.528622 4.771975 -9.784583 -5.317419 -5.229520
27.087557 -21.928179 26.145153 5.680568 -31.177691 16.335501 2.341212 -2.214928 -5.439143 -7.927695
24.383829 -22.860931 27.350761 6.766486 -31.903204 14.659176 0.435047 5.765985 -3.927777 -7.736702
22.211432 -22.699242 27.254736 8.192594 -32.887138 12.916049 -1.306457 12.724999 -1.223398 -6.728242
21.022167 -22.554171 27.335361 9.417075 -32.945435 12.201425 -2.593976 15.688638 -0.162563 -6.333230
20.633869 -22.179955 27.356256 9.734946 -32.964855 12.100752 -2.932563 16.291664 -0.069606 -6.367908
20.799532 -22.354406 27.276064 9.794344 -33.007702 12.137490 -3.010087 16.159111 -0.191192 -6.317779
21.179789 -22.565941 27.026562 9.971066 -33.144588 12.278200 -3.226686 15.907658 -0.370039 -6.236389
21.818026 -22.728140 26.597376 10.179895 -33.440319 12.540442 -3.404683 14.919156 -0.957070 -6.208411
22.764011 -22.842953 25.952784 10.384921 -33.881298 12.915867 -3.734794 13.163041 -1.901360 -6.518557
24.075029 -22.820549 25.146309 10.851463 -33.727741 13.585827 -4.116286 10.660735 -3.177853 -6.759618
25.462872 -22.932350 24.455681 11.196747 -33.678474 14.120668 -4.585515 7.965430 -4.612161 -7.459652
26.898523 -23.026279 23.562244 11.473364 -34.312550 14.696032 -5.046743 5.305405 -5.978333 -7.946145
28.104052 -22.581995 22.713020 11.773795 -34.750824 15.281202 -5.513208 2.317622 -6.745330 -8.565495
28.976538 -22.237991 21.903692 11.690719 -35.148289 15.371894 -5.597788 0.276455 -7.002400 -8.858767
30.032164 -21.833992 20.616859 11.667025 -36.190041 15.333551 -5.679911 -1.627072 -6.986418 -8.710114
30.843563 -20.812740 19.273544 11.939706 -36.925762 15.104034 -5.997285 -3.185829 -7.201600 -8.742753
31.742216 -19.786875 17.723431 12.573097 -37.841816 14.817554 -6.683465 -5.196138 -7.239034 -8.814415
32.415218 -18.958427 16.038652 13.493474 -39.051441 14.459150 -7.247681 -6.841330 -6.987329 -8.190883
32.999386 -18.164442 14.296784 14.620199 -39.893749 14.263885 -7.895849 -7.874990 -6.954387 -7.234119
33.620617 -17.428440 12.923123 15.784901 -40.406467 14.098968 -8.869646 -8.476096 -7.054766 -6.879776
34.173077 -16.839151 11.790605 16.820002 -40.835670 14.047828 -9.636364 -8.986853 -6.999072 -6.539710
34.449158 -16.134827 10.928235 17.645948 -41.143471 14.066772 -10.203210 -9.189125 -6.757562 -6.210196
34.597878 -15.841103 10.374618 18.227768 -41.336971 14.097259 -10.587968 -9.225404 -6.546360 -5.906022
34.634026 -15.658752 10.139192 18.444818 -41.330009 14.101459 -10.662698 -9.257944 -6.443230 -5.710661
34.636337 -15.574031 10.084808 18.473429 -41.300095 14.109252 -10.627467 -9.270811 -6.420468 -5.629720
