0.082556 8.675225 14.181769 20.976709 -20.180262 -17.919294 6.588334 20.343443 0.875812 10.699055
0.127296 10.137231 13.561526 20.954433 -20.960001 -18.107771 6.364271 19.215183 1.360900 9.828994
0.049020 12.031817 13.166844 20.792574 -21.297281 -18.398447 6.207775 18.187397 1.615611 8.684549
-0.202117 13.966151 12.870549 20.921721 -21.178015 -18.718767 6.042618 16.821878 1.796449 7.589242
-0.309594 15.868458 12.479549 20.984234 -20.895576 -19.071274 6.140618 15.718632 1.959272 7.007936
-1.311908 17.638506 12.210148 18.458328 -21.861843 -21.123806 8.540800 13.937649 2.880580 5.333823
-1.664531 19.526360 11.985864 17.988426 -22.390648 -21.325441 8.847753 12.404848 3.197978 4.467697
-1.716052 21.802547 11.689878 17.943174 -22.520655 -21.211651 8.777855 11.169516 3.672498 3.792333
-1.701030 23.722239 12.008974 17.657743 -22.134230 -20.892649 8.722971 9.722384 4.057380 2.543134
-1.723580 25.411688 12.315666 17.388901 -22.084686 -20.651484 8.525022 8.359885 4.489540 1.297940
-1.658585 26.827503 12.665640 16.693327 -22.162760 -20.572252 8.477973 6.693252 4.467897 -0.410748
-1.764379 27.827017 13.172623 16.273609 -21.855566 -20.464901 8.377855 5.150798 4.503119 -1.932805
-2.092263 28.703882 13.943690 16.387617 -21.026466 -19.935535 8.186797 3.765426 4.890856 -3.141562
-2.578706 29.545069 14.817457 16.351248 -20.297586 -19.379364 7.990693 2.291463 5.149279 -4.491647
-2.854456 30.165857 15.432590 16.290947 -19.590021 -18.925896 7.963294 0.607127 5.450349 -5.676597
-2.996311 30.389479 16.100471 16.332937 -18.473034 -18.566271 7.792611 -1.352903 5.385031 -7.204491
-2.845045 30.513079 16.819386 16.354879 -16.859728 -18.487413 7.478194 -3.371560 4.781485 -9.128587
-2.741016 30.916538 17.462709 16.443594 -15.495152 -18.287781 7.214274 -5.289387 4.286565 -10.815922
-2.602912 31.226837 18.063362 16.679276 -14.052154 -18.036188 6.814689 -6.817034 3.698222 -12.280481
-2.187746 31.473318 18.590136 16.851160 -12.319591 -18.148825 6.330620 -8.064801 2.982738 -14.067361
-1.562526 31.644575 19.226685 16.902708 -10.326195 -18.366329 5.830521 -8.972968 2.021041 -16.042250
-0.881744 31.923321 19.843643 16.790554 -8.198059 -18.594595 5.457271 -9.852957 1.211899 -18.060328
-0.323182 32.140480 20.231825 16.746086 -6.529620 -18.825695 5.136896 -10.539968 0.720660 -19.670322
0.254921 32.488480 20.608252 16.741005 -4.814805 -18.968403 4.870594 -11.313124 0.332560 -21.190176
0.808816 32.763481 21.057678 16.747490 -2.948510 -18.981859 4.734077 -12.268682 -0.063948 -22.603735
1.393247 32.868580 21.483057 16.627426 -1.218452 -19.035479 4.603544 -13.195333 -0.441486 -24.013021
1.914860 33.004265 21.937687 16.515842 0.512420 -19.054195 4.497310 -13.924339 -0.791413 -25.336084
2.320284 33.022095 22.220730 16.382565 1.718061 -19.108755 4.461588 -14.443044 -1.077464 -26.232103
2.603541 33.094799 22.440987 16.340624 2.655834 -19.117786 4.432183 -14.803176 -1.282394 -26.868544
2.769723 33.113747 22.557333 16.328030 3.200248 -19.113485 4.423416 -14.971829 -1.417127 -27.180717
2.828581 33.112267 22.574226 16.330587 3.366486 -19.142298 4.408748 -15.010924 -1.455657 -27.288471
2.753357 33.047691 22.470901 16.304932 2.990692 -19.152439 4.463291 -15.000316 -1.374765 -27.085699
2.490112 32.804226 22.110252 16.278725 1.846030 -19.293097 4.620548 -14.962377 -1.233959 -26.433289
2.036372 32.362778 21.473810 16.356756 0.063686 -19.481335 4.930955 -14.797266 -1.072131 -25.150471
1.327573 31.626678 20.680168 16.443176 -2.387332 -19.675547 5.365936 -14.364115 -0.782093 -23.247908
0.410279 30.365543 19.919146 16.538849 -4.745607 -20.130713 5.965235 -14.232143 -0.762876 -21.301027
-0.092129 29.044142 19.111740 16.598927 -6.652119 -20.396971 6.564661 -14.070166 -0.527022 -19.495310
-0.664101 28.116217 17.966042 16.901098 -8.860531 -20.809908 7.189522 -14.057141 -0.138276 -17.409704
-1.302788 27.348358 17.047451 17.261456 -10.769467 -20.761475 7.863044 -13.862914 0.350368 -15.129442
-1.776744 26.367476 16.056498 17.664789 -12.217066 -21.006544 8.494638 -13.499564 0.628252 -13.042166
-2.061169 25.420090 14.870142 18.062616 -13.646801 -21.514900 9.089499 -13.202036 0.783735 -11.076939
-2.097203 24.156296 13.853964 18.421349 -14.713900 -22.185770 9.445210 -12.655925 0.735102 -9.532582
-2.174399 23.222502 12.855831 18.767439 -15.856346 -22.741493 9.781293 -12.186304 0.913935 -7.909757
-2.166118 21.828882 12.259659 18.900597 -16.743708 -23.332897 9.903504 -11.860186 0.909435 -6.962873
-1.792117 20.516504 11.591910 18.802198 -17.686632 -23.819565 10.068073 -11.497431 0.842272 -6.080525
-1.368473 18.991659 11.179091 18.603842 -18.189871 -24.485493 10.212424 -11.647546 0.201872 -5.771642
-1.083799 17.699200 10.817152 18.459206 -18.625628 -24.903984 10.444136 -11.510536 -0.327967 -5.131632
-0.844184 16.695126 10.546643 18.274267 -19.029087 -25.217770 10.594674 -11.541808 -0.583707 -4.773298
-0.693464 15.853653 10.434207 18.099333 -19.171743 -25.484476 10.736249 -11.678899 -0.937912 -4.631606
-0.588840 15.406918 10.275583 18.028837 -19.316465 -25.651749 10.834401 -11.563705 -1.083336 -4.361038
-0.551750 15.290061 10.242238 18.008150 -19.347570 -25.650084 10.875838 -11.545330 -1.117954 -4.273565
-0.647199 14.930300 10.199634 18.117867 -19.326412 -25.669882 10.993592 -11.293106 -1.108278 -3.927633
-1.037960 13.907436 10.236275 18.490376 -19.181881 -25.532608 11.375299 -10.631269 -1.227909 -2.732075
-1.440418 12.420264 10.077916 18.908869 -19.007633 -25.742428 12.090511 -10.320402 -1.683518 -1.193968
-1.831750 10.364092 10.063712 19.529560 -18.329678 -25.558020 13.070604 -9.695028 -2.226669 0.974535
-2.187986 8.419972 10.210054 20.337801 -17.431105 -25.323393 13.514692 -8.616917 -3.013634 2.905881
-1.916005 5.856962 10.362672 20.651577 -17.091682 -25.782122 13.372013 -6.564160 -4.731669 4.310159
-0.935704 2.989852 10.214718 21.768864 -16.121593 -27.159882 11.481380 -3.873260 -8.177934 5.055846
0.131520 0.396222 10.792274 24.292164 -14.414749 -27.739367 6.935013 0.072671 -9.568217 4.564901
1.271732 -2.920853 11.250026 25.192511 -14.282651 -28.273273 3.801017 2.003931 -9.282348 3.509034
3.445318 -9.508420 11.824358 24.935530 -14.495893 -28.889116 1.299461 1.826930 -3.459972 -0.813909
6.524624 -13.708919 11.181593 22.691021 -14.965886 -30.113487 1.053772 2.478938 0.580754 -4.922768
10.002659 -18.095093 9.821095 21.418797 -14.383750 -30.216484 1.905418 4.414885 3.640545 -5.442971
11.675109 -20.885870 11.449703 19.717356 -12.399880 -28.962225 2.938648 5.961993 3.442917 -6.203766
14.289076 -23.482708 11.645041 19.088173 -11.022536 -27.790331 2.880015 6.166720 2.655907 -6.249810
15.700441 -26.090597 12.283351 19.094416 -7.859058 -26.015051 4.210337 7.116197 3.620082 -5.483076
16.698772 -27.564892 12.929403 18.852724 -5.671747 -24.658918 5.383118 7.887194 2.369572 -4.133925
17.243500 -29.123167 14.240514 18.248661 -3.632484 -22.811306 6.865274 9.257628 1.035743 -2.731470
17.893288 -30.258390 15.009268 17.579931 -1.890531 -21.660461 8.320564 9.645641 -0.484594 -1.637588
18.097479 -30.642601 15.217319 17.291098 -1.315484 -21.127926 8.995301 10.260256 -0.888403 -1.014270
18.043139 -30.554026 15.270313 17.178419 -1.299030 -21.023582 9.175191 10.404369 -1.054597 -0.849329
18.106077 -30.581125 15.201489 17.191111 -1.232767 -21.088612 9.203870 10.371314 -1.037537 -0.873930
18.185717 -30.528856 15.028384 17.283789 -1.062439 -21.354326 9.206395 10.367163 -1.039852 -0.955589
18.222759 -30.255592 14.614588 17.463045 -0.913979 -21.880531 9.196328 10.188904 -1.022704 -1.067844
18.515144 -29.852468 13.888983 17.709070 -0.731713 -22.651392 9.115638 9.672634 -0.900911 -1.415272
18.709969 -29.181330 12.925204 18.045422 -0.739538 -23.630560 8.961887 9.365298 -0.530133 -1.712461
18.626549 -28.097614 12.157188 18.508314 -0.275906 -24.569897 8.961940 9.004718 -0.223285 -2.017830
18.908653 -27.102253 11.297436 18.703703 -0.022413 -25.611830 8.838696 8.513937 0.054660 -2.704941
19.094227 -26.164024 10.381948 18.701536 0.018310 -26.752773 8.914261 8.044892 0.211610 -3.297263
19.087671 -25.441936 9.447394 18.932281 0.138729 -27.898285 9.078374 7.494780 0.619693 -3.706813
19.250757 -24.535444 8.175414 19.287304 0.161660 -29.216797 9.115959 6.931948 1.213035 -4.244100
19.103651 -23.510288 7.234676 19.562035 0.125124 -30.360048 9.197234 6.197627 1.467541 -4.819035
19.085476 -22.265797 6.119975 19.724415 -0.108273 -31.649675 9.274757 5.501461 1.310567 -5.260338
19.142008 -21.205250 4.905011 19.614637 -0.537307 -33.328350 9.647293 4.265129 0.215892 -5.784720
18.994125 -19.977428 4.231559 19.449316 -1.112853 -34.488281 9.742806 3.765068 -1.199765 -5.943972
18.851950 -18.691307 3.561551 19.295921 -1.532909 -35.403378 9.933715 3.302054 -2.413817 -5.818589
18.682850 -17.691223 2.934979 19.246227 -1.838584 -36.219349 10.091218 2.923079 -3.377098 -5.659672
18.504650 -16.906012 2.294828 19.343592 -2.166189 -36.887871 10.256380 2.464621 -3.914465 -5.451972
18.354368 -16.255241 1.900301 19.435095 -2.475449 -37.219460 10.293812 2.383551 -4.212501 -5.182450
18.259697 -15.873806 1.667475 19.499043 -2.690762 -37.418991 10.266964 2.320253 -4.323371 -5.041068
18.201450 -15.756328 1.600233 19.561357 -2.722475 -37.435608 10.263281 2.313009 -4.258956 -4.995918
18.319880 -15.859436 1.664900 19.510710 -2.503633 -37.366875 10.341044 2.276734 -4.351213 -5.050248
18.612043 -16.261461 1.734128 19.479956 -1.985979 -37.265675 10.497891 2.146169 -4.404509 -5.145049
19.000906 -16.896261 2.028419 19.425932 -1.151146 -36.880608 10.703144 2.042949 -4.329846 -5.335906
19.557804 -17.890270 2.260510 19.494488 -0.005208 -36.405670 10.967750 1.897643 -3.844350 -5.487701
20.357594 -19.510448 2.250865 19.721560 1.500120 -35.909317 11.490254 1.838733 -2.814627 -5.334311
21.064154 -20.882101 2.458489 19.889950 3.340344 -35.266457 12.047562 1.750340 -2.013911 -5.106038
21.936821 -22.379026 2.940934 20.105095 5.293227 -33.939777 12.586671 1.713265 -1.400353 -4.583703
22.629919 -23.682419 3.897520 20.083044 7.427947 -32.279797 13.317148 2.531446 -1.636681 -3.574887
23.693916 -25.024742 4.317824 19.909742 9.483736 -30.760624 14.458811 3.172229 -2.521777 -2.225563
