0.003991 8.679790 14.175859 21.123707 -20.170538 -17.774824 6.503517 20.220430 0.830076 10.812277
0.048768 10.141793 13.555181 21.101612 -20.950788 -17.963242 6.279529 19.092457 1.315589 9.942924
-0.029479 12.036561 13.161296 20.939459 -21.286844 -18.254150 6.122762 18.064394 1.569352 8.797058
-0.280537 13.971060 12.865352 21.068579 -21.166740 -18.574673 5.957341 16.698858 1.749761 7.701061
-0.385722 15.871400 12.473905 21.129307 -20.876278 -18.929619 6.060983 15.596989 1.910273 7.115986
-1.337456 17.641747 12.216162 18.464750 -21.849266 -21.067640 8.535952 13.892223 2.903140 5.345310
-1.675796 19.518736 11.985575 18.000288 -22.366962 -21.274673 8.820306 12.392018 3.180139 4.465569
-1.729755 21.793074 11.689713 17.959843 -22.491274 -21.159838 8.752204 11.148849 3.663489 3.794579
-1.713352 23.715252 12.010701 17.670048 -22.106672 -20.841404 8.696167 9.705423 4.041862 2.543278
-1.734397 25.407341 12.315465 17.396044 -22.063997 -20.604996 8.501058 8.344365 4.477231 1.292207
-1.670546 26.815540 12.658532 16.708652 -22.141817 -20.526344 8.449962 6.667110 4.471733 -0.410088
-1.774615 27.818775 13.171247 16.285313 -21.833706 -20.415873 8.346869 5.128316 4.491873 -1.933970
-2.107208 28.694273 13.945690 16.402866 -21.005075 -19.878540 8.155457 3.736742 4.882499 -3.146609
-2.592435 29.536030 14.812579 16.356726 -20.280903 -19.336763 7.972627 2.267118 5.153757 -4.500241
-2.865859 30.161892 15.433675 16.294662 -19.573055 -18.877943 7.940159 0.587177 5.437540 -5.685875
-3.010437 30.383188 16.106972 16.341240 -18.451811 -18.510920 7.767526 -1.374215 5.374590 -7.209234
-2.860674 30.505190 16.829252 16.366524 -16.836845 -18.427656 7.451329 -3.394264 4.774745 -9.131847
-2.757527 30.909145 17.473152 16.454647 -15.471919 -18.227577 7.188886 -5.313072 4.278883 -10.818645
-2.614967 31.225189 18.068043 16.677479 -14.036492 -17.988646 6.793974 -6.832993 3.685309 -12.294771
-2.200571 31.471603 18.595905 16.848705 -12.304279 -18.100616 6.310366 -8.081061 2.968732 -14.082024
-1.576894 31.636021 19.234575 16.907522 -10.302197 -18.310713 5.810752 -8.993032 2.019431 -16.056795
-0.892628 31.915649 19.845039 16.791729 -8.185658 -18.546059 5.430246 -9.864264 1.212184 -18.074877
-0.338249 32.128872 20.233913 16.753895 -6.521845 -18.772158 5.104946 -10.565492 0.732342 -19.684999
0.234084 32.487061 20.613092 16.735472 -4.821053 -18.922956 4.845158 -11.354204 0.314797 -21.195518
0.788854 32.762077 21.061741 16.742529 -2.953919 -18.936480 4.708955 -12.309399 -0.080777 -22.609270
1.370321 32.868530 21.493021 16.624264 -1.209843 -18.985889 4.588985 -13.244231 -0.461186 -24.020638
1.895960 33.007034 21.946436 16.507370 0.525466 -19.010464 4.487235 -13.964024 -0.816585 -25.342480
2.304099 33.027931 22.222685 16.369297 1.726232 -19.073803 4.454479 -14.482089 -1.105188 -26.243284
2.589015 33.101818 22.439135 16.326324 2.662382 -19.086685 4.425458 -14.841537 -1.310816 -26.880632
2.755528 33.121136 22.553595 16.312597 3.205561 -19.083735 4.418089 -15.009897 -1.441976 -27.193327
2.815077 33.119896 22.570431 16.315496 3.374066 -19.112947 4.404004 -15.048229 -1.480052 -27.300776
2.740075 33.055126 22.466854 16.289167 2.997800 -19.123554 4.458920 -15.037624 -1.399073 -27.098124
2.476639 32.811363 22.107595 16.262987 1.853683 -19.262995 4.616157 -14.999167 -1.259122 -26.445663
2.022977 32.369911 21.472084 16.341494 0.071491 -19.450090 4.925498 -14.832782 -1.097687 -25.162552
1.315015 31.633617 20.676773 16.427738 -2.381610 -19.645142 5.359819 -14.399303 -0.806394 -23.260618
0.396429 30.373367 19.919098 16.524044 -4.734499 -20.099325 5.960046 -14.267650 -0.790008 -21.311682
-0.105605 29.051624 19.111591 16.585625 -6.640477 -20.365057 6.557944 -14.105221 -0.555800 -19.504972
-0.676850 28.123686 17.966589 16.888330 -8.846566 -20.776281 7.183466 -14.088285 -0.170565 -17.420111
-1.316402 27.355680 17.049704 17.249294 -10.754167 -20.726015 7.857604 -13.895849 0.317754 -15.138926
-1.790717 26.374836 16.059492 17.652853 -12.201728 -20.970644 8.488493 -13.532704 0.594887 -13.051309
-2.075863 25.427526 14.873511 18.050119 -13.631569 -21.479630 9.083914 -13.235774 0.750232 -11.085951
-2.110565 24.162746 13.854531 18.409548 -14.702929 -22.152199 9.437119 -12.690248 0.706384 -9.541090
-2.189142 23.229225 12.857362 18.756296 -15.843581 -22.708288 9.773989 -12.222213 0.886709 -7.915256
-2.180853 21.835707 12.260692 18.889702 -16.731342 -23.299564 9.896250 -11.895881 0.883541 -6.968275
-1.808798 20.521711 11.597942 18.797770 -17.661684 -23.776878 10.059746 -11.532818 0.807854 -6.080246
-1.385099 18.996435 11.184855 18.600065 -18.165253 -24.442228 10.203427 -11.682789 0.167536 -5.770871
-1.098812 17.703745 10.821342 18.455282 -18.603537 -24.861622 10.433194 -11.545085 -0.362593 -5.131988
-0.858884 16.699322 10.549016 18.270092 -19.010265 -25.177994 10.582132 -11.579558 -0.613931 -4.772319
-0.708492 15.858015 10.436673 18.094368 -19.153112 -25.445240 10.724366 -11.716505 -0.967310 -4.630648
-0.604938 15.411894 10.281173 18.024233 -19.293213 -25.611162 10.823522 -11.600616 -1.114282 -4.358435
-0.567934 15.295061 10.248014 18.004711 -19.324139 -25.608335 10.863867 -11.582418 -1.149645 -4.270087
-0.662979 14.935082 10.204764 18.114649 -19.304502 -25.628222 10.980533 -11.330502 -1.140057 -3.924124
-1.058878 13.907556 10.250270 18.495567 -19.153614 -25.478874 11.358388 -10.671352 -1.256336 -2.720056
-1.461030 12.420156 10.092045 18.914396 -18.978737 -25.689329 12.072762 -10.360531 -1.711325 -1.181472
-1.851345 10.363967 10.075713 19.536802 -18.301922 -25.504961 13.051116 -9.734025 -2.252603 0.986424
-2.208080 8.420619 10.225105 20.346182 -17.397972 -25.268208 13.495538 -8.655962 -3.040354 2.918919
-1.934504 5.862594 10.377413 20.655870 -17.064833 -25.729671 13.351089 -6.598340 -4.765752 4.324713
-0.954071 2.997190 10.226818 21.769703 -16.104374 -27.113506 11.461931 -3.906916 -8.211188 5.067847
0.114201 0.409278 10.797746 24.290993 -14.405189 -27.701727 6.912994 0.040581 -9.606019 4.573406
1.257153 -2.929824 11.252620 25.204739 -14.265861 -28.230434 3.771044 1.997460 -9.252349 3.496369
3.432622 -9.517000 11.828493 24.944181 -14.468396 -28.847404 1.278319 1.823361 -3.433120 -0.825528
6.485352 -13.710272 11.214082 22.682554 -14.928463 -30.055290 1.064969 2.464077 0.633098 -4.934299
9.963611 -18.095177 9.854060 21.405130 -14.350285 -30.157831 1.917622 4.403206 3.695214 -5.458214
11.633605 -20.899982 11.482765 19.713947 -12.363711 -28.895391 2.948249 5.944520 3.512924 -6.219036
14.196126 -23.523863 11.647285 19.095352 -10.954502 -27.787748 2.952403 6.126023 2.714966 -6.130648
15.640032 -26.096550 12.325599 19.062378 -7.845304 -25.971127 4.245798 7.059039 3.639525 -5.468350
16.638861 -27.571690 12.970007 18.822531 -5.658667 -24.613995 5.414086 7.833849 2.388614 -4.115611
17.180441 -29.132589 14.283051 18.221336 -3.616730 -22.768608 6.895351 9.205856 1.048054 -2.704483
17.832308 -30.244669 15.065552 17.553205 -1.880718 -21.582962 8.335918 9.591869 -0.472244 -1.634877
18.041159 -30.623442 15.272213 17.269526 -1.305758 -21.047453 9.001948 10.206348 -0.880829 -1.016380
17.983706 -30.537674 15.326446 17.161247 -1.288771 -20.942017 9.179789 10.347384 -1.047689 -0.845723
18.048481 -30.563196 15.257110 17.170443 -1.221132 -21.009970 9.211284 10.317457 -1.032862 -0.871047
18.127272 -30.510834 15.083775 17.261435 -1.053062 -21.275858 9.215156 10.312016 -1.032919 -0.954158
18.165220 -30.237057 14.670271 17.441605 -0.903295 -21.799253 9.204047 10.134487 -1.012981 -1.068260
18.456987 -29.833876 13.945792 17.686880 -0.718340 -22.570280 9.125353 9.617877 -0.892081 -1.416118
18.650721 -29.163534 12.983053 18.028004 -0.721974 -23.548420 8.969307 9.314395 -0.525321 -1.705425
18.563198 -28.081303 12.215541 18.501560 -0.262135 -24.478384 8.960955 8.941621 -0.209323 -2.010644
18.862473 -27.084877 11.340424 18.718498 -0.010219 -25.526707 8.804044 8.457630 0.049527 -2.689302
19.067287 -26.144869 10.398331 18.741013 0.014251 -26.681067 8.837793 7.986148 0.189961 -3.281202
19.061119 -25.423901 9.462925 18.972523 0.135220 -27.828295 9.001883 7.435499 0.596592 -3.689916
19.222900 -24.516687 8.193430 19.321327 0.158050 -29.149660 9.044096 6.869397 1.194327 -4.232457
19.075619 -23.495529 7.253164 19.593966 0.119733 -30.293623 9.126078 6.135486 1.453238 -4.807181
19.054031 -22.258057 6.140621 19.760191 -0.110231 -31.579327 9.207189 5.439214 1.295274 -5.234986
19.113317 -21.197790 4.927961 19.650211 -0.541132 -33.259525 9.573292 4.200674 0.194712 -5.762180
18.970009 -19.981979 4.260285 19.502125 -1.107293 -34.408161 9.649025 3.708541 -1.207492 -5.927580
18.828409 -18.692364 3.590984 19.346050 -1.521875 -35.325108 9.843943 3.247219 -2.421851 -5.802678
18.657192 -17.694374 2.969589 19.298988 -1.821792 -36.134899 10.001144 2.870213 -3.380925 -5.641772
18.479416 -16.909718 2.328972 19.395451 -2.149456 -36.804703 10.166308 2.412853 -3.915653 -5.434358
18.328587 -16.259951 1.938011 19.488611 -2.456258 -37.132736 10.202806 2.333512 -4.216386 -5.163012
18.233910 -15.878440 1.705729 19.553984 -2.670163 -37.330917 10.175301 2.269981 -4.328159 -5.020429
18.176733 -15.760922 1.637220 19.616814 -2.702258 -37.348434 10.170870 2.263024 -4.264970 -4.975502
18.295332 -15.863889 1.702486 19.565966 -2.482786 -37.279999 10.248838 2.226929 -4.357543 -5.030218
18.586250 -16.265314 1.773285 19.534658 -1.962994 -37.178535 10.407619 2.096627 -4.409312 -5.124463
18.974874 -16.899530 2.064857 19.478943 -1.129428 -36.796829 10.614578 1.991526 -4.332115 -5.316184
19.530230 -17.896612 2.297195 19.549068 0.013363 -36.320259 10.877543 1.844629 -3.844962 -5.465990
20.327457 -19.521095 2.285631 19.781721 1.524494 -35.825024 11.401950 1.783448 -2.807095 -5.313004
21.036249 -20.876848 2.485595 19.927729 3.346901 -35.205360 11.969052 1.682909 -2.038683 -5.092141
21.910313 -22.373957 2.966093 20.132240 5.294065 -33.885948 12.513262 1.643608 -1.416151 -4.578340
22.605268 -23.680353 3.922404 20.099783 7.425853 -32.231251 13.251533 2.456857 -1.647112 -3.578531
23.680576 -25.003740 4.358985 19.900724 9.498959 -30.701752 14.413318 3.151464 -2.462720 -2.245691
