-8.985565 -5.307883 -31.762672 -17.099195 15.085713 -17.001577 -29.864128 25.698927 6.704477 -6.192606
-8.985565 -5.307883 -31.762672 -17.099195 15.085713 -17.001577 -29.864128 25.698927 6.704477 -6.192606
-8.985565 -5.307883 -31.762672 -17.099195 15.085713 -17.001577 -29.864128 25.698927 6.704477 -6.192606
-8.286780 -5.179782 -31.231236 -17.905209 15.997085 -15.812603 -29.171585 27.310453 7.568784 -5.606702
-8.289212 -5.182938 -31.232891 -17.910538 15.986677 -15.852348 -29.167997 27.274654 7.558005 -5.594079
-8.291091 -5.183529 -31.234045 -17.911636 15.983577 -15.857108 -29.168749 27.275518 7.558683 -5.592968
-8.285713 -5.186640 -31.230776 -17.914181 15.984659 -15.858498 -29.168934 27.275684 7.557137 -5.591278
-8.285277 -5.186715 -31.232059 -17.913548 15.983067 -15.860500 -29.168852 27.274685 7.556435 -5.591441
-8.284257 -5.187216 -31.229973 -17.915100 15.982075 -15.860016 -29.167370 27.272493 7.557168 -5.591357
-8.283191 -5.184271 -31.226173 -17.915033 15.979963 -15.859345 -29.165462 27.269396 7.558536 -5.587555
-8.281418 -5.183493 -31.223579 -17.917330 15.981179 -15.853653 -29.165165 27.273952 7.558606 -5.585927
-8.279481 -5.183156 -31.223520 -17.917418 15.984330 -15.855060 -29.164385 27.270552 7.552058 -5.586369
-8.277411 -5.183877 -31.221712 -17.918682 15.982183 -15.853805 -29.164234 27.266285 7.551405 -5.588609
-8.275932 -5.185297 -31.221579 -17.918619 15.980717 -15.851781 -29.162434 27.265419 7.550852 -5.588904
-8.273922 -5.188018 -31.220715 -17.921827 15.979074 -15.852973 -29.161118 27.267986 7.549352 -5.587337
-8.273426 -5.189082 -31.221491 -17.921192 15.979666 -15.852931 -29.159657 27.264477 7.547939 -5.589369
-7.829544 -5.826622 -31.016121 -18.492781 16.068275 -15.992513 -28.547487 26.930569 7.060504 -5.720994
-6.508623 -7.689088 -30.578775 -20.219021 16.050270 -16.141960 -26.139776 25.378244 5.570719 -5.994076
-4.443084 -9.849463 -29.937042 -22.701244 15.953844 -16.440222 -21.821159 22.445995 3.884589 -5.921233
-3.615080 -12.069513 -28.876795 -25.789194 15.258002 -16.202555 -17.755892 20.421185 2.562237 -4.958532
-3.437405 -13.596457 -27.378971 -29.590033 14.494742 -16.196562 -13.777472 18.890234 1.474376 -3.133412
-2.897969 -14.647676 -24.840210 -33.442780 13.537028 -16.018475 -10.627001 16.527597 -0.126007 -1.175979
-4.980769 -14.188677 -21.378454 -37.939884 13.006047 -16.035616 -7.153618 14.375325 -1.389621 3.493580
-7.395686 -14.112762 -18.772104 -41.700287 12.609810 -15.435315 -4.650273 13.173498 -2.508341 6.889504
-9.018661 -13.759022 -16.965405 -43.816273 12.512398 -14.789605 -3.149703 12.167571 -3.168417 9.244121
-9.576167 -13.588290 -16.312727 -44.527309 12.498316 -14.491668 -2.614473 11.708863 -3.350578 10.094095
-8.093732 -14.257719 -16.543934 -43.123207 11.914459 -13.776841 -3.475432 11.215035 -1.255645 8.176369
-2.634901 -15.173071 -17.391199 -37.478199 9.519218 -10.313758 -6.348536 10.931076 5.326762 2.235648
1.760758 -15.386041 -16.685335 -34.725544 9.046527 -7.197629 -4.805258 9.394253 11.024253 -1.909396
5.576892 -15.564994 -14.424741 -34.744766 9.139826 -5.413136 0.646874 5.088357 15.085556 -2.735642
7.696460 -12.024808 -11.057235 -34.887661 8.108547 -2.810782 7.388555 0.792273 21.961149 -2.629017
7.571612 -6.714611 -4.587020 -37.367901 5.890193 -0.637652 12.997656 -10.512612 22.638454 3.404357
8.617314 -0.002394 3.994699 -35.237942 4.071754 2.584424 9.760598 -18.836065 24.918839 6.865065
7.074795 9.532675 6.733007 -28.562607 3.237704 4.063064 0.144532 -19.504702 28.422819 9.628278
6.487792 13.718320 6.242537 -21.175735 2.396762 5.704019 -10.140692 -17.785067 29.469080 9.087127
6.987727 15.069678 5.623288 -18.160509 1.471229 6.179498 -13.551500 -17.157404 29.810188 9.307594
7.313442 15.227194 5.467392 -17.733152 1.339805 6.204654 -13.666896 -17.294672 29.992361 9.361046
8.251171 15.677885 5.102541 -16.810896 0.936778 6.185102 -13.359441 -17.807922 30.445206 9.653152
9.716165 16.344828 4.265175 -15.528727 0.063639 6.018100 -11.937608 -19.009979 31.051495 10.643027
11.551620 16.327173 3.566692 -14.461457 -1.011720 5.828820 -9.996998 -20.310287 31.120968 11.933839
14.008059 15.889998 2.844294 -13.093544 -2.080400 5.640454 -8.077284 -21.554014 31.628962 12.477453
16.711658 15.228428 2.417822 -12.429542 -2.875507 5.495756 -5.626521 -23.087200 32.219986 12.669776
19.350872 14.627652 1.827443 -11.074022 -3.645050 5.569983 -3.788569 -24.635233 32.934189 12.515612
21.400290 14.012662 1.908302 -10.737472 -4.519118 5.468616 -1.750543 -25.818214 33.110424 13.062352
22.727577 13.344407 1.682188 -10.479676 -5.005056 5.248127 -0.490929 -26.124739 33.083496 13.408707
23.111902 13.129551 1.570461 -10.395364 -5.057559 5.127443 -0.015736 -26.216501 33.065018 13.497558
23.171125 12.845018 1.881114 -11.160166 -4.906489 5.069210 0.479841 -26.218391 32.997005 13.463524
23.199993 12.098866 2.274923 -13.151048 -4.110088 4.659135 2.196655 -26.150751 32.921879 13.080202
23.060701 10.517112 2.792930 -16.791828 -2.711966 3.764171 4.779737 -25.022026 32.862049 12.110887
22.540415 8.721326 2.665551 -20.661274 -1.039645 2.143408 7.714076 -22.961905 32.125698 11.493524
