40.514626 19.390888 11.709952 -0.782774 -17.100021 12.461920 10.821911 16.991404 7.938146 -7.057396
40.348721 18.280821 11.516145 0.016971 -16.369701 11.483367 10.472204 19.399130 7.317557 -5.607730
40.236572 17.282108 10.835645 1.279848 -15.424941 10.163006 10.130829 21.119820 6.229439 -4.040978
39.898296 16.485678 10.073086 2.278399 -14.744123 8.764802 10.207807 22.517544 5.488453 -2.050384
39.073380 15.876241 9.891274 2.984781 -13.553103 7.495860 10.686047 23.509937 4.123515 -0.609378
38.054653 15.735669 10.149298 1.081324 -12.618422 4.890524 13.002821 24.593000 2.362744 -0.596445
37.010601 14.850727 10.317389 0.517911 -11.881039 3.366625 14.519420 25.509338 1.137914 -0.065271
36.124142 14.417364 10.311746 -0.077370 -11.097607 1.605745 16.039734 26.419910 -0.137477 0.259329
35.456764 13.614942 9.977039 -0.377112 -10.278531 0.018897 17.654099 27.123072 -1.039519 1.387593
34.107422 12.754011 9.784778 -0.331998 -9.328098 -1.381997 19.365343 27.809147 -1.668745 2.515660
32.736797 12.265004 10.119408 -0.429928 -7.924126 -2.333154 21.020845 28.332413 -2.506031 3.556297
31.268597 11.649087 10.669401 -1.184025 -6.074228 -3.446268 23.566538 28.562044 -2.603473 3.959502
29.952389 11.120276 11.247126 -1.972689 -4.520136 -4.795511 25.629122 28.728132 -2.736182 4.140595
28.734591 10.347656 11.962026 -2.687011 -2.246933 -5.867947 27.873705 28.900612 -2.569413 4.240852
27.789505 9.315475 12.811172 -2.962023 0.334079 -6.392123 29.876238 28.702019 -2.194955 4.040566
26.902290 7.935176 13.915210 -2.882650 2.910580 -6.595709 31.359278 28.359140 -2.012062 3.862084
26.130554 6.539827 14.830462 -2.710397 5.436520 -7.007532 32.543549 28.130486 -1.726637 3.616246
25.235468 4.914729 15.780559 -2.286704 8.049925 -7.279635 33.746811 27.691330 -1.699137 3.652178
24.423565 3.557023 16.598482 -1.692408 10.266062 -7.124235 34.730480 27.010120 -1.667726 3.845597
23.726528 1.945341 17.480644 -0.954922 12.289933 -6.709609 35.403805 26.426519 -1.725721 4.235055
23.276447 -0.085362 18.169394 -0.123684 14.240633 -6.457864 35.910877 25.405468 -2.334511 4.808661
22.934967 -2.164101 18.607485 0.798860 15.791232 -6.147169 36.361221 23.973789 -3.163199 5.915446
22.751902 -4.435810 18.750870 1.578569 16.820068 -6.135049 36.779083 23.042728 -3.844575 7.374753
22.804119 -6.773677 18.479033 2.133201 17.159731 -6.520615 37.242062 21.683813 -4.450145 9.203113
22.836885 -8.853989 17.991476 2.683210 16.844425 -6.886127 37.492702 20.178869 -4.873592 11.169538
22.992897 -10.384101 17.552620 3.113529 16.672766 -7.222733 37.564617 19.149429 -5.144506 12.375047
23.073601 -11.371327 17.076746 3.596487 16.485434 -7.605572 37.474648 18.455460 -5.253540 13.181290
23.094992 -11.952153 16.747511 4.028434 16.356703 -7.809355 37.299274 18.046875 -5.220746 13.688129
23.164310 -12.364137 16.436924 4.283896 16.208599 -8.013349 37.185574 17.773438 -5.095938 13.977785
23.275434 -12.556836 16.188339 4.472893 16.083094 -8.144345 37.015163 17.560997 -5.045759 14.042206
23.289591 -12.628431 16.117887 4.514474 16.031872 -8.176911 37.000427 17.500334 -5.017460 14.101580
23.217834 -12.648081 16.159697 4.480424 16.024639 -8.231874 37.064110 17.511276 -5.004538 14.108982
23.020462 -12.716569 16.232880 4.400660 15.889284 -8.268830 37.252144 17.419952 -4.852993 14.194127
22.652647 -12.766871 16.383978 4.224682 15.635691 -8.426876 37.502419 17.437090 -4.700431 14.264411
22.028990 -12.898867 16.785933 3.862746 15.193088 -8.456799 37.911755 17.330132 -4.629227 14.393450
21.037046 -12.994670 17.459009 3.312862 14.507831 -8.438881 38.386135 17.363371 -4.524984 14.499990
19.853102 -13.037947 18.141758 2.746971 13.566916 -8.555099 38.772064 17.364149 -4.320659 14.484962
18.391470 -13.103460 19.000521 2.081702 12.342933 -8.658489 39.129341 17.333368 -4.063275 14.521111
16.815910 -13.165152 20.108557 1.307172 11.101264 -8.593684 39.552189 17.272951 -3.576970 14.317575
15.143595 -13.045441 21.230968 0.440626 9.866436 -8.639261 40.050175 17.367476 -2.676732 13.779663
13.598405 -12.771765 22.269066 -0.367007 8.478902 -8.548481 40.319069 17.429831 -1.724539 13.024508
12.157891 -12.564342 23.281172 -1.096585 7.250937 -8.247784 40.616253 17.726921 -0.645680 12.300782
10.820590 -12.250984 24.218569 -1.432810 6.186645 -7.913483 40.508663 18.092731 0.632236 11.329836
9.649955 -12.002952 24.766016 -1.400287 5.298510 -7.872562 40.238541 18.299246 1.630547 10.589418
8.849892 -11.436626 24.895416 -1.498340 4.409205 -8.079168 40.132423 18.266968 2.528769 10.037716
8.026617 -10.653708 25.138140 -1.351267 3.722049 -8.145250 39.743694 18.146656 3.194740 9.417978
7.436486 -9.891126 25.327204 -1.213338 3.246987 -8.177683 39.385258 18.094042 3.718627 8.774272
7.039054 -9.278995 25.320560 -1.071049 2.867948 -8.352612 39.085892 18.094673 4.122629 8.269316
6.812135 -8.842935 25.181717 -0.997070 2.519218 -8.598738 38.893795 18.117056 4.414111 7.991538
6.721293 -8.563032 24.998404 -0.922937 2.251599 -8.807788 38.748562 18.153744 4.649494 7.860973
6.668441 -8.496651 25.050707 -0.931455 2.227646 -8.829479 38.687855 18.239618 4.638196 7.769451
6.758055 -7.969652 24.585871 -0.937976 1.773103 -8.861246 38.773342 17.959068 5.228751 7.824730
7.381864 -5.673424 22.774832 -0.691335 0.711325 -9.506176 38.535896 17.572918 7.053487 7.477127
9.014354 -1.996761 19.184553 -0.208877 -1.491964 -10.433018 37.843857 16.888302 10.099883 7.256516
11.075671 1.599365 14.964852 1.071065 -4.204441 -10.863735 36.684883 15.501164 13.354552 8.228292
13.884407 3.811877 10.765044 3.046148 -7.110503 -11.063010 33.957207 14.004745 14.715369 10.116849
19.518826 4.618172 4.456769 6.074611 -8.857078 -12.602885 30.285316 11.108392 14.075298 11.553602
25.784168 2.673695 -2.056930 11.150060 -11.967139 -12.300141 24.754082 5.005391 12.174663 13.883188
28.630013 -0.984475 -4.850696 14.015449 -15.329955 -9.889275 22.394407 -2.711828 11.118791 16.608011
29.660843 -2.838994 -2.312948 14.190405 -16.475204 -3.601367 21.239483 -6.980545 9.761320 17.091146
27.601284 -4.382883 4.316581 14.144258 -17.136316 5.520586 20.163744 -9.489168 7.170183 17.107449
26.035875 -5.457956 9.708798 13.490688 -19.835238 11.934566 18.232555 -9.833126 4.670782 15.661434
25.763077 -6.976654 14.314908 9.985023 -24.970533 15.277096 15.785930 -9.653664 0.383387 10.848478
25.833204 -9.366575 19.148874 7.746573 -27.557024 18.142704 12.268398 -10.580788 -3.633760 4.870011
27.421900 -12.286967 20.677582 6.152560 -29.402954 17.111780 8.832179 -12.987203 -5.555921 -1.493889
28.392965 -17.395933 22.516609 6.142673 -30.436750 16.374504 4.789308 -9.770712 -5.608752 -5.251794
27.088707 -21.614910 26.037056 5.901619 -30.847960 16.279352 2.166848 -2.209545 -5.820496 -7.935261
24.348124 -22.710955 27.221071 7.094011 -31.577904 14.639963 0.233508 5.796431 -4.076809 -7.641796
22.139864 -22.618996 27.183004 8.306258 -32.685631 12.941999 -1.325283 12.817192 -1.418077 -6.544149
20.974361 -22.493359 27.252111 9.412373 -32.782158 12.169542 -2.580182 15.748094 -0.260907 -6.235988
20.627979 -22.122774 27.257593 9.643538 -32.883766 12.028193 -2.887416 16.372261 -0.105346 -6.349704
20.798292 -22.300575 27.169579 9.738601 -32.946869 12.091414 -3.006129 16.239075 -0.229922 -6.291430
21.179642 -22.514225 26.922346 10.006097 -33.117523 12.297842 -3.318498 15.973422 -0.437573 -6.184802
21.828838 -22.675781 26.488848 10.354163 -33.477280 12.643434 -3.635295 14.974955 -1.058041 -6.137809
22.799057 -22.774139 25.852726 10.639346 -33.925968 13.057554 -4.020868 13.241289 -2.075998 -6.420901
24.078262 -22.767746 25.095148 11.075518 -33.807060 13.745915 -4.346182 10.692439 -3.347418 -6.660283
25.458120 -22.942656 24.391958 11.409392 -33.737232 14.236872 -4.779823 7.981590 -4.694896 -7.379213
26.846455 -22.987640 23.546314 11.637712 -34.197983 14.747209 -5.153467 5.308747 -6.083454 -7.814805
27.956982 -22.521101 22.870930 11.722600 -34.535831 15.350154 -5.427891 2.426730 -6.756293 -8.472258
28.946690 -22.179773 21.965805 11.739409 -35.068478 15.466110 -5.630522 0.355629 -7.054225 -8.811756
30.056206 -21.788950 20.689291 11.625615 -36.204029 15.418292 -5.671011 -1.652773 -7.194018 -8.721745
30.809349 -20.768009 19.304779 11.931608 -36.882603 15.128980 -5.983226 -3.221958 -7.300342 -8.661139
31.588434 -19.669455 17.809107 12.416622 -37.704578 14.781443 -6.460044 -5.185992 -7.395332 -8.732935
32.166374 -18.887022 16.211081 13.198729 -38.895409 14.434005 -6.902633 -6.855781 -7.133650 -8.122862
32.847736 -18.129845 14.480554 14.350383 -39.868256 14.286557 -7.740551 -7.775284 -7.045606 -7.300224
33.531326 -17.394325 13.029751 15.525631 -40.440701 14.046802 -8.729774 -8.367880 -7.006773 -7.048254
34.111370 -16.777246 11.781175 16.659061 -40.859581 13.957612 -9.552527 -8.894097 -6.969593 -6.641719
34.404087 -16.061514 10.859781 17.553003 -41.195404 13.977720 -10.188025 -9.092869 -6.818760 -6.254583
34.578896 -15.767025 10.310243 18.183035 -41.388912 14.060618 -10.636963 -9.141506 -6.674350 -5.951158
34.654366 -15.580175 10.058233 18.472490 -41.420628 14.117294 -10.802835 -9.180933 -6.592980 -5.755921
34.671059 -15.496258 9.999212 18.522888 -41.406136 14.140403 -10.796219 -9.195391 -6.569258 -5.671787
