4.193430 21.368769 17.387289 19.346724 -5.301208 5.614558 23.464355 -9.826457 0.738137 18.571402
4.193430 21.368769 17.387289 19.346724 -5.301208 5.614558 23.464355 -9.826457 0.738137 18.571402
4.193430 21.368769 17.387289 19.346724 -5.301208 5.614558 23.464355 -9.826457 0.738137 18.571402
4.193430 21.368769 17.387289 19.346724 -5.301208 5.614558 23.464355 -9.826457 0.738137 18.571402
4.193430 21.368769 17.387289 19.346724 -5.301208 5.614558 23.464355 -9.826457 0.738137 18.571402
4.130824 21.292618 17.182562 18.935728 -5.824980 5.236432 23.782738 -10.004736 0.887966 18.215294
4.095220 21.249243 17.212461 18.941498 -5.930211 5.287686 23.745577 -10.005240 0.879506 18.233059
4.084775 21.241919 17.230652 18.943624 -5.939561 5.304450 23.737160 -10.007922 0.865400 18.244806
4.083778 21.243349 17.231922 18.940596 -5.941730 5.303322 23.738640 -10.009154 0.863004 18.244570
4.082596 21.243404 17.233017 18.938059 -5.945484 5.303465 23.740198 -10.010022 0.861171 18.244574
4.082684 21.244268 17.233549 18.938221 -5.944700 5.303127 23.739555 -10.009759 0.860648 18.244364
4.082597 21.243795 17.234394 18.939209 -5.942276 5.303575 23.738768 -10.008299 0.860651 18.244902
4.081581 21.241997 17.236578 18.940496 -5.942144 5.306596 23.737764 -10.007349 0.862316 18.246164
4.081751 21.242140 17.236628 18.940275 -5.942155 5.306579 23.737730 -10.007360 0.862345 18.246231
4.082383 21.242620 17.235428 18.939901 -5.942743 5.305690 23.737850 -10.007267 0.862871 18.246202
4.082933 21.242777 17.234230 18.940853 -5.943287 5.305784 23.736942 -10.007434 0.863911 18.245466
4.083445 21.242828 17.234020 18.940809 -5.941741 5.305130 23.737505 -10.007002 0.863350 18.246214
4.081676 21.242130 17.235996 18.942230 -5.943062 5.307495 23.735800 -10.008324 0.863258 18.247255
4.081845 21.241199 17.236111 18.942438 -5.942194 5.307693 23.736254 -10.007654 0.864725 18.247522
4.080457 21.240732 17.237192 18.942608 -5.941672 5.308778 23.737408 -10.009055 0.866260 18.247766
4.080351 21.240662 17.236765 18.941433 -5.943478 5.308839 23.738750 -10.008336 0.867756 18.248894
4.080519 21.241011 17.236755 18.941404 -5.943321 5.309245 23.738853 -10.008434 0.867142 18.249350
4.080357 21.241062 17.236700 18.940416 -5.944163 5.308959 23.739849 -10.008450 0.867085 18.249998
4.080476 21.240976 17.236343 18.941345 -5.943309 5.309359 23.739761 -10.008460 0.867405 18.250692
4.079980 21.239069 17.236509 18.940355 -5.944060 5.309304 23.741228 -10.007885 0.868948 18.251726
4.079823 21.239323 17.236822 18.940090 -5.944561 5.309039 23.740870 -10.007774 0.868277 18.251068
4.079832 21.239254 17.237116 18.940069 -5.943928 5.309269 23.740906 -10.007304 0.869695 18.251055
4.078897 21.239824 17.239098 18.940323 -5.942151 5.309778 23.741062 -10.009637 0.863908 18.252905
4.079278 21.238934 17.238008 18.940859 -5.941649 5.309571 23.741169 -10.009232 0.866270 18.252325
4.078802 21.238544 17.238920 18.940454 -5.940998 5.309731 23.741482 -10.008593 0.867469 18.252588
4.078868 21.238718 17.239563 18.941418 -5.939590 5.310491 23.740574 -10.008072 0.867092 18.253397
4.091361 21.201731 17.237167 18.906637 -5.957292 5.285392 23.765772 -10.037292 0.861561 18.229391
4.246524 21.105707 17.159956 18.773396 -6.046277 5.221456 23.814608 -10.391817 0.703681 18.051764
4.498048 20.761850 17.101727 18.517319 -6.201945 5.017378 23.862869 -11.039340 0.289248 17.639778
5.157387 19.789284 16.816660 18.153582 -6.294651 4.592814 24.001024 -12.268418 -0.298865 16.892105
5.881958 18.691044 16.466034 17.739779 -6.511178 4.114682 24.154287 -13.627007 -0.922267 16.118883
6.923812 17.182211 16.070471 17.159063 -6.608108 3.533313 24.347910 -15.646623 -1.782309 14.963808
7.857482 15.787616 15.756747 16.534369 -6.470695 2.981149 24.681015 -17.502842 -2.546505 13.955748
8.628606 14.340312 15.654222 16.002668 -5.988307 2.506844 24.990339 -19.054501 -3.669555 13.218801
9.235199 12.669961 15.944355 15.441942 -5.311982 2.230114 25.424494 -20.493866 -5.342725 12.644462
9.776828 11.086656 16.353462 14.843497 -4.416038 1.994230 25.982035 -21.657272 -6.789144 11.997448
10.612514 9.021553 16.670519 14.152039 -3.441658 1.585360 26.575254 -22.895967 -8.191334 11.243992
11.406612 7.149307 17.100962 13.321539 -2.608181 1.278401 27.137375 -23.660406 -9.605732 10.433174
12.117703 5.442324 17.594299 12.263630 -2.248865 1.162604 27.777819 -24.262613 -10.892079 9.752064
12.876446 3.293370 18.233994 11.281919 -1.609195 1.165713 28.414465 -24.956846 -12.120580 9.053493
13.657460 1.157409 18.953978 10.195414 -1.108485 1.437665 29.008301 -25.522953 -13.053341 8.300550
14.384905 -0.680804 19.627476 9.319548 -0.707929 1.847179 29.435289 -26.104942 -13.959195 7.711225
14.904723 -1.969019 20.199118 8.675198 -0.449078 2.199817 29.629786 -26.611849 -14.595252 7.089715
15.423961 -2.808455 20.355198 8.313760 -0.197716 2.346632 29.751711 -26.787983 -14.735282 6.637960
15.734423 -3.302384 20.340425 8.157277 -0.149674 2.419152 29.795284 -26.793369 -14.695984 6.483380
15.824184 -3.484005 20.330620 8.128615 -0.093803 2.420814 29.792498 -26.738213 -14.652705 6.424449
15.925989 -3.446355 20.138800 7.911952 -0.377376 2.315262 30.014969 -26.941832 -14.572958 6.483495
16.619078 -3.625354 18.785263 7.704222 -1.062569 1.575490 30.555254 -27.443760 -13.569674 6.927745
18.561930 -4.141627 15.417881 7.973378 -1.873175 -0.160233 31.144241 -27.691879 -11.026248 7.841518
20.454443 -4.163042 11.081467 9.096167 -3.239260 -1.919801 31.323942 -27.764799 -7.169307 9.610250
21.500362 -3.838006 7.518896 9.544978 -5.455827 -3.473580 31.853241 -26.789896 -2.728451 11.634996
22.123901 -3.142951 4.337842 10.211523 -7.808980 -4.747246 32.230347 -24.134428 1.792688 14.130714
23.073112 -2.306536 1.678497 11.145157 -10.386864 -5.823674 30.848383 -20.044886 4.856491 16.242632
25.040979 -2.572090 -0.528659 12.885700 -12.947846 -6.515559 27.182379 -14.792568 6.147071 17.621407
27.426798 -1.906276 -3.122522 14.162222 -15.758955 -7.866296 23.219522 -9.505170 7.163041 17.686872
30.961226 -2.064963 -5.979514 15.144608 -17.362766 -8.559873 19.663574 -4.491070 10.266660 15.672913
35.448334 -1.080040 -8.113301 17.272223 -16.152718 -7.313112 15.606352 -0.176904 13.009994 12.804627
38.943127 0.592470 -8.699671 18.247223 -12.630082 -5.408752 13.417483 2.063968 17.017141 9.397552
41.071049 0.949262 -7.654849 19.620155 -9.844573 -0.927217 12.120816 0.877256 22.200186 6.981114
40.542980 1.043418 -4.233211 19.031809 -8.401733 4.195321 12.878242 -1.204168 25.785742 5.808184
38.590866 2.835951 0.227110 17.241953 -7.227872 8.869253 14.585004 -2.693263 26.483961 5.435978
36.680874 5.518926 4.636691 15.357278 -6.103961 13.564322 16.487349 -2.919048 24.586702 7.000322
34.536472 7.713753 9.542294 14.157434 -4.754933 18.859169 17.563559 -1.288212 21.525370 9.071854
32.961605 9.401673 13.622985 12.755905 -4.321579 22.983467 18.289019 0.142113 18.129435 10.899284
32.430538 10.731987 15.739229 11.417690 -4.155087 24.855442 18.644430 0.699603 15.684173 11.369696
32.256634 11.060119 16.303053 11.025269 -4.102117 25.296793 18.749372 0.644729 14.818990 11.588654
32.298012 11.138679 16.384863 10.925696 -4.155292 25.354721 18.715826 0.777749 14.628873 11.504231
32.444805 11.483124 16.594885 10.636900 -4.340568 25.539804 18.621300 0.977349 14.047171 11.235198
32.658581 12.005223 16.882877 10.198352 -4.544599 25.731644 18.533070 1.255137 13.204407 10.789588
32.977978 12.775976 17.247471 9.478902 -4.958673 25.853390 18.279400 1.769128 11.914554 9.953515
33.366325 13.667847 17.530910 8.741018 -5.342663 25.846252 17.903412 2.251007 10.380244 8.807937
34.026939 14.980483 17.834555 7.417092 -5.952579 25.814976 17.576321 2.747205 8.616318 7.054951
34.851086 16.152727 17.984932 6.287023 -6.430711 25.871830 17.127417 2.889476 7.310092 5.125401
36.078522 17.404936 17.826061 5.038582 -7.141178 25.392559 16.466585 2.657517 5.989956 2.597154
37.421501 18.446188 17.457117 3.932986 -7.896714 24.886007 15.809806 1.959953 5.002292 0.118614
38.760555 19.121601 16.908688 3.007207 -8.897211 24.345881 14.939787 1.307872 4.466269 -2.450856
40.140175 19.476931 16.131252 2.520737 -10.200766 23.641075 13.584485 0.510796 3.965576 -5.098241
41.609657 19.572071 15.369534 2.054018 -11.678357 22.884533 12.065966 -0.415197 3.648741 -7.637544
43.084122 19.640049 14.495564 1.687750 -12.894072 22.114134 10.743873 -1.566671 3.561437 -9.742764
44.188816 19.842607 13.885533 1.264288 -14.048420 21.461994 9.572768 -2.274238 3.710205 -11.656484
45.185959 19.959232 13.334260 0.858886 -15.388268 20.896439 8.375022 -2.986804 3.882587 -13.556887
45.871296 20.027725 12.958576 0.597529 -16.425034 20.533407 7.410107 -3.425463 4.027337 -15.031644
46.288876 20.204330 12.698537 0.421721 -16.982847 20.158508 6.778745 -3.750872 4.042653 -16.129478
46.540867 20.254152 12.533731 0.237741 -17.415108 19.876101 6.374802 -3.884663 4.096772 -16.857491
46.695133 20.312958 12.468724 0.115730 -17.534082 19.744392 6.213710 -3.924749 4.060137 -17.245790
46.720684 20.328617 12.445107 0.084391 -17.595415 19.618923 6.122346 -3.883479 4.026512 -17.403460
46.756618 20.327374 12.375793 0.135520 -17.676865 19.651125 6.098099 -3.767895 4.123541 -17.327177
46.771584 20.318640 12.163503 0.288409 -17.964621 19.589537 5.943010 -3.268982 4.362773 -17.122061
46.731304 20.262140 11.861833 0.462025 -18.194460 19.338331 5.914513 -2.412413 4.674533 -16.738543
46.587402 20.108793 11.515148 0.723493 -18.271002 18.957090 5.981217 -1.072123 5.054110 -16.006975
46.193100 20.113525 11.109068 1.077583 -18.049791 18.303396 6.170563 1.188914 5.357666 -14.779718
45.280010 20.344069 11.000391 1.537296 -17.911356 17.800032 6.390429 4.227472 5.838772 -13.079568
44.246376 20.281750 10.962334 2.085271 -17.833607 17.295441 6.639635 7.518158 6.222455 -10.881180
43.237011 20.289362 10.758956 2.563479 -18.129917 16.567831 6.828458 10.803152 6.374864 -8.772554
42.255608 19.952526 10.696814 2.954841 -18.214922 15.514382 6.835036 14.402441 6.308397 -6.910870
