-3.048515 8.419511 37.965961 21.507175 11.231763 -9.082840 0.394219 -8.138672 -8.152902 -22.761894
-3.048515 8.419511 37.965961 21.507175 11.231763 -9.082840 0.394219 -8.138672 -8.152902 -22.761894
-3.048515 8.419511 37.965961 21.507175 11.231763 -9.082840 0.394219 -8.138672 -8.152902 -22.761894
-3.048515 8.419511 37.965961 21.507175 11.231763 -9.082840 0.394219 -8.138672 -8.152902 -22.761894
-3.048515 8.419511 37.965961 21.507175 11.231763 -9.082840 0.394219 -8.138672 -8.152902 -22.761894
-3.071899 8.632320 37.481087 18.657495 10.079373 -11.366705 2.343419 -7.856151 -7.116530 -24.583361
-3.104512 8.582545 37.460838 18.616455 9.918036 -11.369211 2.378191 -7.885721 -7.076555 -24.579023
-3.118900 8.577548 37.480625 18.609289 9.905128 -11.351807 2.388821 -7.887167 -7.095637 -24.563093
-3.121425 8.576734 37.483139 18.608606 9.901985 -11.349884 2.389497 -7.888361 -7.097147 -24.562246
-3.122607 8.574035 37.483749 18.610775 9.900313 -11.348246 2.387647 -7.890204 -7.097222 -24.560513
-3.123385 8.573430 37.484283 18.611330 9.901347 -11.347635 2.388546 -7.890315 -7.094911 -24.559710
-3.123145 8.573794 37.484776 18.609312 9.899071 -11.347595 2.388963 -7.888926 -7.097894 -24.559626
-3.124585 8.573944 37.487339 18.611336 9.903310 -11.345103 2.389767 -7.890486 -7.096961 -24.558203
-3.125068 8.573298 37.487011 18.610096 9.899428 -11.344790 2.390780 -7.890413 -7.097061 -24.557688
-3.125735 8.573695 37.488335 18.608017 9.900333 -11.346371 2.392016 -7.889980 -7.098150 -24.558020
-3.125249 8.572737 37.487030 18.607862 9.901091 -11.349205 2.391789 -7.887856 -7.096601 -24.558496
-3.126277 8.571652 37.488564 18.607363 9.902054 -11.348362 2.393575 -7.887706 -7.097147 -24.557407
-3.127168 8.571162 37.489330 18.608385 9.902635 -11.346916 2.393911 -7.888206 -7.096651 -24.556562
-3.128300 8.570917 37.490463 18.609547 9.903164 -11.345039 2.394101 -7.889279 -7.096697 -24.554808
-3.127853 8.570586 37.489319 18.609167 9.903381 -11.346286 2.394928 -7.889062 -7.095770 -24.554609
-3.127829 8.571000 37.489681 18.609159 9.904071 -11.345803 2.395409 -7.889059 -7.095478 -24.554764
-3.128587 8.570351 37.490322 18.610250 9.905132 -11.344747 2.395824 -7.889886 -7.095560 -24.553125
-3.128638 8.569861 37.491119 18.610493 9.904190 -11.343660 2.394802 -7.889405 -7.096078 -24.552515
-3.128479 8.570228 37.492523 18.612545 9.905678 -11.341439 2.392908 -7.888799 -7.096514 -24.552008
-3.128932 8.569942 37.492115 18.614197 9.905378 -11.340215 2.392403 -7.889544 -7.094611 -24.550346
-3.129607 8.569705 37.492710 18.614294 9.904611 -11.339485 2.392290 -7.890330 -7.095769 -24.550112
-3.129267 8.569513 37.491955 18.614763 9.905254 -11.340438 2.392022 -7.890560 -7.094210 -24.550566
-3.129212 8.569798 37.491623 18.613958 9.904348 -11.339919 2.392967 -7.890288 -7.092577 -24.550787
-3.130934 8.570244 37.493481 18.612923 9.904199 -11.339190 2.394974 -7.890792 -7.094123 -24.549562
-3.131825 8.570128 37.495197 18.612862 9.904240 -11.338430 2.394434 -7.891301 -7.096530 -24.548796
-3.132313 8.570406 37.496162 18.612473 9.904121 -11.337727 2.394825 -7.891345 -7.096910 -24.548918
-3.304605 8.459101 37.424664 18.725100 9.513017 -11.293284 2.365058 -7.755188 -7.039404 -24.170454
-3.943880 8.287389 37.095348 18.986322 8.024073 -11.169299 2.399312 -7.261691 -6.706196 -22.912184
-4.978269 8.041522 36.513428 19.495621 5.616161 -10.938566 2.395142 -6.500207 -6.261849 -20.753954
-6.253574 7.990942 35.828213 20.218258 2.907635 -10.689990 2.379950 -5.619571 -5.646553 -18.199820
-7.262820 8.086830 35.245174 20.839853 0.859472 -10.443808 2.432817 -4.760345 -5.061732 -16.023432
-8.460886 8.211287 34.533447 21.337921 -1.681944 -10.190770 2.718424 -3.835158 -3.946135 -13.702366
-9.657030 8.442019 33.751453 21.775341 -4.613389 -9.807016 2.963967 -2.868127 -2.585936 -11.324587
-10.923541 9.030529 32.894566 22.317091 -7.518873 -9.213638 3.252966 -1.894394 -1.046947 -8.782729
-12.123960 9.315037 32.198559 22.602156 -10.131424 -8.599287 3.872720 -0.888909 0.605683 -6.507219
-13.109704 9.161129 31.710865 22.437597 -12.735663 -8.134756 4.688529 -0.205295 2.167418 -4.601853
-13.824544 8.412734 31.205919 21.748339 -14.916544 -7.969372 5.971861 0.273572 4.074716 -3.387044
-14.482512 7.241038 31.093971 20.293604 -16.735460 -7.796228 7.822938 0.517776 5.904234 -2.670327
-15.023756 5.966185 31.342049 18.666237 -18.245768 -7.400113 9.821136 0.434950 7.495204 -2.256220
-14.876948 4.368949 31.511465 17.358946 -18.892017 -7.092169 11.515337 0.259708 8.433831 -2.227449
-14.642784 2.715030 31.522079 16.259991 -19.397703 -7.256869 12.814613 -0.081233 8.405430 -2.157669
-14.437517 0.715518 31.403591 15.424981 -19.853395 -7.663868 13.888518 -0.277150 7.844411 -1.694051
-13.972794 -0.639962 31.100723 15.077312 -19.948765 -8.139809 14.239785 -0.208291 7.401408 -1.542086
-13.757944 -1.291828 30.794746 15.057570 -19.965101 -8.612581 14.389412 -0.219414 6.963209 -1.352807
-13.659362 -1.594537 30.606640 15.048993 -19.927620 -8.805419 14.556430 -0.103263 6.793741 -1.128616
-13.636509 -1.652142 30.550297 15.049674 -19.911377 -8.858103 14.617346 -0.061551 6.728961 -1.027540
-13.604370 -1.773111 30.405014 15.117513 -19.694681 -9.021156 14.745272 -0.168577 6.518435 -0.940801
-13.712489 -1.953086 29.603285 15.851833 -18.940622 -9.868831 15.084576 -0.208603 5.890659 -0.110422
-13.253597 -1.761764 27.971020 17.869171 -16.282621 -11.324357 15.162521 -0.129181 4.166301 1.265685
-12.099082 -0.827857 25.773132 20.202908 -13.868267 -13.321912 14.104858 1.208875 1.967397 2.593216
-10.669495 -0.730351 23.265980 22.775208 -12.025209 -15.772947 12.346812 1.348289 0.503280 3.025866
-9.033972 -4.248944 21.046616 24.674166 -12.500028 -17.469900 10.370887 -0.056607 5.236972 1.655001
-7.029577 -6.329349 17.486151 26.937105 -13.207230 -20.271271 7.710188 0.207038 10.356612 0.580774
-3.839866 -7.322019 14.169971 28.337975 -12.329450 -23.149817 5.601091 1.230689 11.416825 -0.556482
-0.063726 -8.307576 11.264092 28.337549 -11.749802 -26.216742 3.962145 1.805889 10.554210 -2.429009
2.563902 -9.768547 11.791737 26.837830 -12.087167 -27.314180 2.120469 2.849157 4.317105 -2.478342
2.824774 -10.955603 15.523103 23.357859 -14.074785 -25.672089 2.564214 0.716574 -6.952847 0.554630
2.159015 -11.905647 20.463919 21.300922 -11.956950 -21.548239 3.652139 0.941082 -9.286224 1.242360
1.008273 -13.144033 25.180309 18.500460 -8.577921 -18.621622 6.152577 2.031427 -8.314391 -1.170559
1.356287 -14.763437 27.716633 15.973959 -6.193026 -17.157776 8.060788 2.849507 -8.115647 -4.143883
2.347291 -17.152870 29.824968 14.823387 -4.415721 -14.774117 8.461714 3.733185 -7.527954 -6.296363
2.331225 -19.776012 32.388161 13.474854 -3.434508 -11.823994 9.887131 5.603371 -6.567278 -6.699028
2.079827 -22.360466 34.508049 11.779812 -3.383730 -9.060129 11.822677 7.686872 -6.169741 -5.593471
2.047129 -25.111452 35.700649 10.718604 -4.386694 -6.494295 13.277822 9.470946 -4.676912 -3.900876
2.090339 -26.275679 36.351440 9.797748 -5.272130 -4.987846 14.240766 10.872064 -3.773493 -2.832417
2.190299 -26.717079 36.559010 9.551297 -5.497609 -4.503090 14.468377 11.243373 -3.529659 -2.541927
2.102498 -26.567896 36.563599 9.557558 -5.563885 -4.540550 14.436780 11.462107 -3.583380 -2.440413
1.872373 -26.267847 36.583561 9.617350 -5.781516 -4.630213 14.304766 12.067172 -3.621380 -2.175403
1.677414 -25.770155 36.538834 9.699539 -6.016517 -4.811631 14.088788 12.954764 -3.766046 -1.808268
1.281025 -24.887760 36.251411 10.080750 -6.309041 -5.357331 13.646073 14.068562 -3.904248 -1.300803
0.796404 -23.854469 35.743446 10.733111 -6.801676 -5.975524 13.065371 15.354909 -3.841924 -0.513774
0.309424 -22.869778 35.306557 11.208398 -7.465230 -6.601964 12.556496 16.695639 -3.949094 0.338336
-0.079638 -21.460154 34.654690 11.702649 -8.078538 -7.461880 11.970114 17.736622 -4.557324 1.200275
-0.560819 -20.251869 33.876888 12.401794 -8.952106 -8.413523 11.267703 19.049047 -4.612370 2.147770
-0.958443 -18.546627 32.743893 13.338167 -9.907695 -9.482800 10.402206 20.648384 -4.611022 3.388326
-1.153252 -16.666967 31.296249 14.161918 -10.910110 -10.602160 9.749703 22.062000 -4.275133 4.602556
-1.219509 -15.042724 29.729761 14.927153 -11.356043 -11.718809 9.532310 23.221991 -3.576917 5.562137
-1.226470 -13.397943 28.106068 15.795441 -11.558216 -12.657763 9.475998 24.187222 -2.853906 6.705946
-0.972443 -11.688876 26.476084 16.677605 -11.343532 -13.546430 9.417555 24.920424 -2.364016 7.639719
-1.148043 -9.981783 25.130732 17.702473 -11.082285 -14.439566 9.412907 25.675323 -1.718865 8.776599
-1.317240 -8.313966 23.876339 18.562922 -10.913549 -15.071136 9.579313 26.160789 -0.910786 9.835315
-1.464220 -6.659751 22.518530 19.295454 -11.086768 -15.770284 9.732014 26.527735 -0.029653 10.838074
-1.607258 -5.201593 21.527636 19.785603 -11.193145 -16.246365 9.913754 26.736834 0.698467 11.493351
-1.756486 -4.021189 20.769661 20.010487 -11.548465 -16.527857 10.137270 26.935102 1.450481 12.015301
-1.713249 -3.451306 20.302011 20.083469 -11.773630 -16.735552 10.250026 26.884291 1.881749 12.180237
-1.694378 -3.218393 20.125620 20.110401 -11.858531 -16.822411 10.283456 26.875162 2.027823 12.237375
-1.706981 -3.095694 20.066877 20.122229 -11.923288 -16.849852 10.273641 26.863779 2.103709 12.230339
-1.717240 -2.721350 19.841223 20.189917 -12.086134 -16.962179 10.229014 26.793148 2.338222 12.209078
-1.747757 -2.026017 19.431187 20.284672 -12.487987 -17.179430 10.128217 26.603359 2.741537 12.146761
-1.743567 -1.138339 18.785748 20.396280 -13.152671 -17.487812 9.968253 26.213251 3.464037 11.991501
-1.622607 -0.071321 17.955517 20.464762 -13.961895 -17.884865 9.750485 25.698055 4.133759 11.769766
-1.348201 1.240376 16.829067 20.582005 -15.069624 -18.406366 9.402035 25.168272 5.056456 11.455421
-1.054009 2.542712 15.788737 20.624531 -16.441200 -18.801470 8.934443 24.484882 5.911548 10.885380
-0.778777 3.824509 14.795299 20.594528 -17.914362 -19.265629 8.494555 23.374453 6.348927 10.182259
-0.558404 5.350409 13.784905 20.538748 -19.451504 -19.847916 8.010625 22.436245 6.776679 9.473143
