-0.463023 -0.288436 -39.645809 -3.527817 -0.214397 -0.718957 -5.876261 9.354415 3.594355 19.017109
0.086534 -0.423895 -39.980988 -4.458352 0.603079 -3.982487 -3.465031 9.838451 4.057775 19.731022
0.611808 -0.534428 -40.011154 -5.778092 2.113249 -6.649397 -0.591497 10.155568 4.808597 19.906672
0.474874 -0.323758 -39.702011 -7.367346 3.030580 -9.337622 2.199015 9.789354 6.036048 20.210304
-0.709963 0.051178 -38.706230 -9.533796 3.112659 -11.571230 4.720942 8.468507 7.849992 20.245552
-2.663670 -0.237053 -38.051239 -12.304742 2.608180 -12.346501 9.270235 5.879544 8.927919 20.167927
-4.057968 -0.142187 -36.906124 -14.608455 3.258396 -12.854550 11.646845 4.520896 10.674353 19.287945
-5.062355 0.204441 -36.478485 -16.336393 4.400402 -14.043402 14.600701 3.571107 12.893236 18.620522
-5.831658 0.296330 -35.197514 -18.099203 4.993009 -14.511183 15.643150 2.354943 14.451333 17.078094
-5.413246 0.293811 -33.984089 -19.380226 5.991326 -14.906127 16.995638 1.406018 15.976029 15.498487
-4.200000 -0.048001 -32.507366 -20.516916 6.868727 -14.892064 18.082575 1.121574 17.425470 13.792295
-3.140625 -0.180028 -31.332937 -21.209599 6.776353 -14.838656 18.919870 0.580193 18.981682 12.581427
-1.453339 -0.285869 -30.247074 -21.481791 6.931640 -14.857539 19.156622 0.753946 20.190105 11.673872
0.397682 0.033915 -28.231432 -21.428118 7.434491 -13.791597 18.233833 1.194215 21.665009 10.545668
2.375334 0.206838 -26.211199 -21.320803 7.346397 -12.552067 17.342522 1.305210 23.181484 9.776504
4.634708 0.680242 -24.190714 -20.802141 6.663846 -11.371778 16.745600 1.180148 25.248245 9.701120
6.479318 0.863556 -22.260588 -20.541992 6.111793 -10.268574 15.777475 1.091154 26.497147 9.505660
8.302002 0.977546 -20.106308 -20.246424 4.866046 -8.703180 14.225994 1.023666 27.970844 9.318222
10.116106 1.280352 -17.970379 -19.703369 2.846860 -6.873699 13.323188 0.277951 29.747185 9.586011
11.851908 1.279010 -15.432891 -19.673592 1.517342 -5.026732 12.525339 -0.156970 31.347298 9.117825
13.663916 0.935840 -13.014569 -19.937180 0.321912 -3.488308 11.846840 -0.507272 32.519192 8.575110
14.855116 0.937014 -10.773575 -20.019093 -1.649670 -1.781129 10.994230 -1.574959 33.889408 8.511984
15.263878 0.758858 -9.010572 -20.259682 -3.650851 -0.278726 10.418902 -2.756515 34.552631 8.772247
15.684972 0.535840 -7.190205 -20.519056 -6.065382 1.471427 9.632651 -4.011175 35.240845 9.021290
15.778671 0.573332 -6.101085 -20.261423 -8.584235 2.911605 8.972413 -5.490464 35.614861 9.544823
15.765869 0.630212 -5.290377 -19.931385 -10.845266 4.153454 8.430255 -6.854681 35.789879 10.117659
15.558945 0.604894 -4.907166 -19.676893 -12.631503 5.037674 8.107976 -7.971205 35.686302 10.548864
15.317011 0.696734 -4.447139 -19.454231 -14.215634 5.966345 7.747184 -9.128407 35.695808 10.879391
15.315127 0.705374 -3.952039 -19.341402 -15.193879 6.669819 7.190435 -9.764238 35.575596 11.018034
15.325149 0.631738 -3.766749 -19.313412 -15.704742 6.945447 6.939524 -10.067974 35.376572 11.102884
15.375168 0.577321 -3.752083 -19.306957 -15.817009 6.967612 7.031297 -10.130541 35.344612 11.168533
15.310571 0.617652 -3.747349 -19.304382 -15.836979 7.004203 6.928744 -10.172550 35.328346 11.145672
15.166955 0.703855 -3.770690 -19.315451 -15.806814 7.026577 6.699064 -10.207653 35.272377 11.074738
14.948646 0.775859 -3.853334 -19.355223 -15.730170 7.006388 6.470568 -10.231426 35.161129 10.995038
14.651296 0.832252 -3.989448 -19.419621 -15.618460 6.990818 6.125298 -10.241845 34.926891 10.877082
14.141573 0.996467 -4.291893 -19.478546 -15.261271 6.837269 5.665613 -10.236205 34.578438 10.688983
13.376444 1.339003 -4.619277 -19.529020 -14.858967 6.669665 4.902255 -10.405377 34.073483 10.430143
12.674771 1.579014 -4.881245 -19.616072 -14.427810 6.594025 4.194607 -10.406066 33.729389 10.128069
11.998495 1.679511 -5.105218 -19.779057 -14.037623 6.572258 3.365640 -10.284096 33.280426 9.746002
11.232014 1.716709 -5.346262 -19.959211 -13.690140 6.584216 2.288366 -10.070622 32.779831 9.248727
10.659173 1.684145 -5.437130 -20.106424 -13.500476 6.735770 1.060834 -9.775984 32.471867 8.653978
10.159318 1.732496 -5.510325 -20.219326 -13.141466 6.880158 -0.051384 -9.522670 32.114029 8.081829
9.436620 1.896585 -5.594655 -20.413151 -12.566578 7.031676 -1.230115 -9.389397 31.675949 7.422956
8.578136 2.076018 -5.719675 -20.636131 -12.197214 7.212816 -2.196401 -9.472396 31.306965 6.872860
7.875681 2.103392 -5.952405 -20.858358 -11.882202 7.233276 -2.588414 -9.498440 31.046427 6.492929
7.334646 2.032554 -6.161722 -21.100769 -11.559456 7.177025 -2.725133 -9.409112 30.831106 6.148212
7.017900 1.986039 -6.207637 -21.227161 -11.340543 7.200809 -3.187797 -9.287778 30.581753 5.795306
6.795339 1.913858 -6.244604 -21.335476 -11.132341 7.227459 -3.461812 -9.124187 30.467899 5.488593
6.640756 1.863167 -6.280164 -21.401295 -11.034869 7.265406 -3.584336 -9.033713 30.441904 5.311988
6.520808 1.814554 -6.306520 -21.473715 -10.906235 7.277291 -3.637115 -8.944305 30.411133 5.163866
6.491459 1.789313 -6.321443 -21.488056 -10.864453 7.278790 -3.664945 -8.902535 30.377069 5.116176
6.427362 1.765722 -6.342107 -21.615356 -10.421786 7.220439 -3.494581 -8.771788 30.436319 4.891851
6.683949 1.566068 -6.244974 -22.033697 -8.958798 6.883811 -2.710633 -8.095879 30.719889 4.238916
7.935673 0.849192 -5.699092 -22.880260 -6.276851 6.285230 -1.327433 -6.273163 31.314911 3.014070
8.414480 0.038083 -5.765646 -24.045692 -2.752238 5.098802 0.432443 -3.953222 31.301575 1.754955
10.004807 -1.061469 -5.288657 -25.221220 0.797224 4.216007 2.312078 -0.908058 31.892826 0.482574
9.510204 -1.398994 -6.307600 -25.956429 3.686897 2.922603 3.409899 0.844367 31.306259 -0.343368
8.110368 -1.523804 -8.399683 -26.453566 7.161555 0.946606 3.851689 2.246313 29.391735 -1.037501
7.256382 -1.931375 -10.907533 -26.485683 10.508767 -1.694258 3.479185 3.578810 26.375515 -1.422931
6.232394 -2.177958 -13.201039 -26.400856 14.138402 -3.863665 1.994828 4.204931 22.089575 -1.895182
4.841069 -2.893467 -14.961777 -26.650866 16.055946 -5.519047 0.413452 4.756561 18.127264 -2.274872
2.718262 -3.149315 -16.567860 -26.975847 17.756702 -7.265387 -1.121462 4.630150 14.007277 -2.226874
0.124320 -3.497877 -17.470442 -27.761503 17.831959 -7.760859 -3.349035 3.441377 10.446856 -2.438096
-2.658042 -3.929482 -18.675297 -28.597050 17.596924 -8.440099 -5.367309 3.177064 7.244052 -2.357986
-5.606231 -4.490889 -20.298252 -29.428543 16.629318 -9.038962 -6.427260 2.912892 4.892764 -1.978193
-9.726760 -4.395823 -22.552576 -29.900387 13.940193 -9.462403 -6.928720 1.082642 3.341235 -0.804051
-13.521180 -4.041225 -24.972197 -30.079556 12.409725 -10.630560 -6.744482 -0.430988 1.705092 0.474304
-16.955751 -3.607876 -26.956636 -29.594334 10.981141 -11.380961 -7.793044 -1.224553 -0.172764 1.649047
-18.681501 -3.285137 -28.107769 -28.954882 10.678154 -11.409046 -8.461031 -1.480729 -1.530823 2.252856
-19.289513 -3.082664 -28.672764 -28.416628 10.398303 -11.470371 -8.582420 -1.713693 -2.269840 2.821724
-19.369244 -3.017632 -28.766171 -28.203114 10.404414 -11.402236 -8.637295 -1.781968 -2.544054 2.978443
-19.310148 -2.979350 -28.781944 -28.135468 10.472743 -11.451213 -8.696759 -1.728434 -2.564658 2.959439
-19.171007 -2.886467 -28.742865 -28.004030 10.673571 -11.517575 -8.899770 -1.603413 -2.589291 2.845131
-18.791590 -2.825393 -28.706955 -27.802176 11.041167 -11.698207 -9.239618 -1.233645 -2.663520 2.642709
-18.541918 -2.765113 -28.653860 -27.752571 11.712276 -12.015414 -9.755005 -0.706842 -2.892313 2.290555
-18.022963 -2.642328 -28.508347 -27.628599 12.685343 -12.466456 -10.178547 -0.111870 -3.242412 2.037893
-17.118067 -2.727177 -28.370472 -27.407309 13.613947 -12.791807 -10.678333 0.881592 -3.483754 1.679824
-16.414862 -2.726438 -28.383492 -27.305922 14.605163 -13.362002 -11.466046 1.847018 -3.699475 1.249991
-15.510101 -2.498189 -28.345757 -26.984859 15.889531 -13.882579 -12.255869 2.788363 -3.896690 0.856206
-14.674210 -2.331698 -28.011982 -26.631638 16.948664 -14.035075 -13.361835 3.845009 -3.949922 0.404343
-13.274717 -2.190507 -27.592060 -26.038025 18.037594 -14.144756 -14.386079 4.963460 -4.123120 0.114387
-11.604261 -2.116767 -26.733473 -25.582100 19.516281 -14.099391 -15.376726 6.197237 -4.209413 -0.343816
-10.023138 -2.085275 -25.733767 -25.317940 20.858700 -13.995405 -16.782326 7.457588 -4.332547 -0.920760
-8.717103 -2.158750 -24.919909 -25.184244 22.126419 -13.960450 -18.323725 8.888300 -4.650164 -1.487566
-7.799656 -2.088549 -24.127228 -25.077793 23.502316 -13.971336 -19.902220 10.279051 -4.954791 -2.146085
-6.696249 -1.950040 -23.190588 -24.848236 24.560799 -13.834140 -21.052149 11.269887 -5.054208 -2.559907
-5.886190 -1.986610 -22.605246 -24.731880 25.367765 -13.837268 -22.077496 12.264531 -5.213679 -2.933274
-5.221527 -2.101907 -22.196644 -24.677965 25.897627 -13.846066 -22.680752 13.031161 -5.327456 -3.142046
-4.708550 -2.125095 -21.906672 -24.551908 26.294558 -13.854399 -23.008799 13.495668 -5.376512 -3.218158
-4.417256 -2.117489 -21.808973 -24.434427 26.493675 -13.894840 -23.080246 13.788374 -5.332032 -3.211701
-4.344469 -2.120169 -21.755291 -24.408129 26.527925 -13.871846 -23.135345 13.865985 -5.325213 -3.221910
-4.343276 -2.119764 -21.755333 -24.406500 26.529163 -13.868944 -23.132717 13.866334 -5.324950 -3.221713
-4.340102 -2.120747 -21.753527 -24.406082 26.533932 -13.861713 -23.130972 13.867701 -5.326964 -3.223732
-4.340611 -2.121011 -21.752480 -24.407328 26.530985 -13.864678 -23.130857 13.866337 -5.326035 -3.222773
-4.341660 -2.121288 -21.750898 -24.410313 26.531187 -13.865928 -23.132818 13.865595 -5.325562 -3.224069
-4.339900 -2.121333 -21.749678 -24.409361 26.533226 -13.862183 -23.130926 13.865592 -5.325738 -3.224874
-4.340546 -2.120871 -21.749844 -24.409479 26.535009 -13.860966 -23.129185 13.865958 -5.325644 -3.224571
-4.339234 -2.120949 -21.746786 -24.410032 26.536539 -13.857327 -23.128922 13.866047 -5.324880 -3.226788
-4.340485 -2.120327 -21.748014 -24.409683 26.537674 -13.858006 -23.125931 13.865978 -5.324680 -3.225474
-4.339264 -2.119913 -21.747869 -24.409945 26.538645 -13.859360 -23.122858 13.865128 -5.324455 -3.224351
