4.211559 21.382189 17.241110 19.315815 -5.433869 5.524762 23.498972 -9.813310 0.736405 18.510405
4.211559 21.382189 17.241110 19.315815 -5.433869 5.524762 23.498972 -9.813310 0.736405 18.510405
4.211559 21.382189 17.241110 19.315815 -5.433869 5.524762 23.498972 -9.813310 0.736405 18.510405
4.211559 21.382189 17.241110 19.315815 -5.433869 5.524762 23.498972 -9.813310 0.736405 18.510405
4.211559 21.382189 17.241110 19.315815 -5.433869 5.524762 23.498972 -9.813310 0.736405 18.510405
4.182177 21.328005 17.091158 19.085968 -5.935443 5.276736 23.601362 -9.984982 0.752081 18.176977
4.167895 21.275249 17.104113 19.071100 -6.021609 5.305505 23.598467 -9.995807 0.750595 18.172064
4.158437 21.271063 17.122549 19.066910 -6.026396 5.314955 23.594757 -9.998032 0.723283 18.180006
4.159518 21.270458 17.121283 19.066666 -6.028494 5.315189 23.594086 -9.998741 0.723532 18.178957
4.158891 21.270117 17.122110 19.066706 -6.028142 5.315939 23.594425 -9.998433 0.724562 18.178905
4.159248 21.270575 17.121809 19.066988 -6.026926 5.315839 23.594599 -9.998868 0.725257 18.179369
4.158628 21.270023 17.122959 19.067137 -6.026945 5.317095 23.594328 -9.998408 0.724106 18.179808
4.158232 21.269819 17.124992 19.068171 -6.025527 5.319111 23.592855 -9.997704 0.722998 18.180113
4.158235 21.270016 17.125368 19.069323 -6.024881 5.319997 23.591711 -9.998012 0.722599 18.180555
4.158935 21.270113 17.124342 19.069206 -6.023643 5.318938 23.592093 -9.996935 0.724247 18.180042
4.158931 21.269972 17.124853 19.070690 -6.023316 5.319988 23.590481 -9.995961 0.724762 18.179136
4.159594 21.270718 17.123234 19.069889 -6.024467 5.318452 23.591177 -9.996587 0.725129 18.178518
4.158975 21.270487 17.123180 19.070173 -6.025262 5.319028 23.591358 -9.996084 0.728619 18.178057
4.157797 21.269484 17.125608 19.070023 -6.023356 5.320235 23.592052 -9.995209 0.729599 18.179047
4.157497 21.269506 17.125813 19.069933 -6.023720 5.320200 23.592009 -9.995590 0.728808 18.179195
4.157079 21.270500 17.126289 19.068539 -6.022941 5.320324 23.594051 -9.996789 0.727143 18.181196
4.157489 21.270445 17.126539 19.069557 -6.021420 5.321466 23.593447 -9.995931 0.726708 18.182039
4.156869 21.270357 17.126459 19.067839 -6.023152 5.320815 23.595041 -9.996631 0.728290 18.181715
4.157077 21.270796 17.126749 19.068544 -6.022172 5.320969 23.594490 -9.996525 0.727338 18.182369
4.156861 21.269943 17.126324 19.067482 -6.022894 5.319679 23.595804 -9.996448 0.727689 18.182962
4.156454 21.269493 17.126858 19.067055 -6.024463 5.320302 23.595345 -9.997197 0.726263 18.182146
4.156676 21.269337 17.126938 19.067560 -6.023415 5.320728 23.595030 -9.996900 0.727021 18.182579
4.156129 21.270050 17.128124 19.067612 -6.020997 5.320196 23.595787 -9.998069 0.724167 18.182474
4.155465 21.269785 17.129175 19.068205 -6.018649 5.321069 23.596130 -9.997029 0.727758 18.182734
4.154967 21.269918 17.129490 19.068228 -6.018096 5.321252 23.596973 -9.996943 0.728368 18.183710
4.154938 21.270020 17.129549 19.068687 -6.018082 5.321473 23.596561 -9.996985 0.727839 18.183661
4.159272 21.235304 17.130033 19.011389 -6.029886 5.285989 23.653591 -10.035923 0.738757 18.156960
4.309368 21.138193 17.049088 18.816240 -6.126135 5.189721 23.775835 -10.416546 0.614372 17.953964
4.550675 20.804947 16.994831 18.515030 -6.283380 4.973105 23.889521 -11.105415 0.199646 17.533863
5.172523 19.831295 16.766794 18.137827 -6.356755 4.610069 24.063391 -12.369892 -0.393653 16.823061
5.887474 18.744936 16.443253 17.831205 -6.507445 4.208320 24.138971 -13.711508 -1.048403 16.130310
6.924645 17.274166 16.081026 17.337990 -6.541451 3.689701 24.247261 -15.668922 -2.010586 14.991692
7.853121 15.928383 15.810937 16.714281 -6.451183 3.148702 24.530828 -17.526655 -2.932926 13.951094
8.559229 14.473280 15.778425 16.029545 -5.941716 2.629428 25.022739 -19.147520 -4.004811 13.163329
9.118728 12.755576 16.095703 15.300625 -5.283310 2.311696 25.619961 -20.619133 -5.536704 12.495489
9.741453 11.024925 16.314957 14.672687 -4.606861 1.993011 26.202490 -21.779715 -6.704407 11.906456
10.701105 8.844810 16.465836 14.134227 -3.762671 1.565431 26.615490 -23.024450 -8.067257 11.243429
11.431411 6.998935 17.012379 13.233811 -2.834842 1.324298 27.265881 -23.841982 -9.534326 10.491719
12.084894 5.330926 17.561598 12.128942 -2.281648 1.135313 28.016079 -24.426390 -10.829127 9.823631
12.805669 3.224277 18.179293 11.147405 -1.686511 1.098256 28.613981 -25.078444 -12.070203 9.146806
13.565223 1.153777 18.901264 10.095116 -1.225735 1.395755 29.171005 -25.626360 -13.076903 8.453959
14.313628 -0.681975 19.567823 9.245005 -0.872000 1.852090 29.532661 -26.139439 -13.948480 7.842095
14.902887 -1.961093 20.091482 8.721630 -0.576409 2.209201 29.604307 -26.583855 -14.626744 7.188394
15.478328 -2.817439 20.228500 8.389642 -0.281072 2.316442 29.685402 -26.745287 -14.820058 6.674424
15.827219 -3.317265 20.183113 8.279856 -0.200877 2.368382 29.688284 -26.724201 -14.786092 6.505393
15.931104 -3.498231 20.167429 8.261072 -0.129546 2.370971 29.678280 -26.660156 -14.747506 6.446671
16.037525 -3.476388 19.941799 8.088438 -0.459915 2.288066 29.873365 -26.833130 -14.619925 6.575354
16.720896 -3.637136 18.607388 7.813554 -1.207093 1.554787 30.432583 -27.345467 -13.577224 6.997072
18.592808 -4.191866 15.298410 8.066642 -2.029933 -0.197158 31.040636 -27.663692 -11.026899 7.910707
20.558176 -4.328439 10.883305 9.146275 -3.367710 -1.962181 31.303650 -27.751665 -6.990271 9.612319
21.622564 -3.966414 7.342743 9.632544 -5.496394 -3.432500 31.895044 -26.668741 -2.480228 11.669249
22.187342 -3.155228 4.229473 10.346336 -7.847836 -4.773550 32.172043 -24.007454 1.825508 14.084116
22.951540 -2.427239 1.563035 11.322195 -10.543692 -5.997499 30.817375 -20.269745 4.658508 16.214741
25.098167 -2.692208 -0.796852 12.943757 -13.184942 -6.842272 27.213480 -14.892343 6.182873 17.455111
27.472542 -2.030482 -3.509140 13.947936 -16.152859 -8.400277 23.515661 -9.711428 7.516770 17.391506
30.842470 -2.238001 -6.217571 14.772216 -17.793062 -8.990660 20.147421 -4.822956 10.663525 15.427512
35.217960 -1.128667 -8.070714 17.186861 -16.312832 -7.296592 15.814252 -0.258591 13.243756 12.811539
38.975349 0.397397 -8.812328 18.450932 -13.202378 -5.087923 13.104896 1.915032 17.050816 9.317706
40.942001 0.923470 -7.393652 19.242582 -9.885037 -0.852386 12.377618 0.797408 22.376558 6.697659
40.377640 0.958588 -4.038499 18.725021 -8.431683 4.213764 13.265843 -1.361026 26.012980 5.634114
38.364151 2.760846 0.282630 16.956839 -7.239096 8.804107 15.108610 -2.908624 26.783060 5.507961
36.600025 5.418490 4.568967 15.120060 -6.444598 13.385067 16.682762 -3.135775 24.623857 6.888411
34.559723 7.748291 9.400139 14.132389 -4.826410 18.634485 17.614100 -1.285643 21.689447 9.059522
33.135124 9.451329 13.496581 12.675341 -4.338259 22.931643 18.344156 0.311194 18.152723 10.779953
32.489521 10.822526 15.740858 11.303943 -4.148402 24.826288 18.791216 0.816856 15.575936 11.272223
32.284069 11.148373 16.332289 10.942192 -4.051668 25.280643 18.915052 0.749863 14.700758 11.520402
32.343975 11.217440 16.405558 10.873643 -4.095223 25.339636 18.862597 0.882363 14.522265 11.438193
32.506145 11.569096 16.615444 10.596693 -4.270875 25.522959 18.750492 1.092866 13.945724 11.154309
32.762230 12.094700 16.894688 10.174618 -4.445035 25.718630 18.626629 1.373443 13.090030 10.693586
33.135689 12.862535 17.220556 9.515298 -4.860893 25.853064 18.285095 1.914647 11.843741 9.832695
33.478775 13.787775 17.607487 8.693618 -5.244581 25.964931 17.959755 2.458546 10.370596 8.666336
34.141178 15.071214 17.925966 7.339886 -5.927097 25.971323 17.688583 2.893856 8.636743 6.846364
34.872849 16.206022 18.048124 6.158036 -6.422661 25.928583 17.349466 3.003866 7.309818 5.021728
36.107445 17.383551 17.792271 4.901793 -7.215988 25.343853 16.728191 2.679872 6.045288 2.491525
37.489967 18.433704 17.410385 3.871916 -8.060658 24.851479 15.948722 1.981928 4.992889 -0.047595
38.889549 19.078348 16.858746 3.037282 -9.144483 24.331409 14.910915 1.372705 4.384590 -2.637575
40.206387 19.428928 16.128857 2.507592 -10.307347 23.617472 13.668317 0.617472 3.884873 -5.148234
41.620911 19.529285 15.337102 2.111825 -11.657393 22.872423 12.156910 -0.361855 3.511605 -7.520788
43.141483 19.578386 14.467760 1.730414 -12.945282 22.124743 10.784133 -1.558059 3.405716 -9.715300
44.303829 19.778131 13.834058 1.296908 -14.186643 21.478079 9.545053 -2.259767 3.573741 -11.724438
45.287151 19.944677 13.278176 0.907699 -15.470391 20.909590 8.350808 -2.966154 3.781430 -13.620958
45.939960 20.030363 12.914969 0.550029 -16.498909 20.483883 7.471865 -3.456749 3.961152 -15.122353
46.344372 20.194887 12.693521 0.299761 -17.122120 20.115957 6.872579 -3.813093 3.978017 -16.269098
46.612293 20.233297 12.526739 0.077514 -17.604706 19.839361 6.472009 -3.945816 4.062042 -17.034866
46.778023 20.292253 12.443549 -0.040904 -17.736547 19.706314 6.297719 -3.981595 4.045836 -17.435808
46.805943 20.309288 12.414303 -0.070294 -17.796915 19.578547 6.208818 -3.941636 4.017118 -17.595911
46.833450 20.306162 12.345998 -0.019232 -17.859724 19.606104 6.199424 -3.829617 4.122256 -17.508858
46.784378 20.295221 12.152686 0.121054 -18.051689 19.514881 6.138621 -3.357183 4.433674 -17.239313
46.713341 20.243460 11.841286 0.365707 -18.216089 19.280142 6.089461 -2.512466 4.750968 -16.782442
46.563042 20.109426 11.425640 0.696315 -18.263754 18.903885 6.074622 -1.111806 5.114744 -15.949787
46.181244 20.113419 10.964394 1.196589 -18.120127 18.344364 6.114301 1.197739 5.387348 -14.636095
45.315075 20.334494 10.822529 1.704198 -18.136049 17.899446 6.226345 4.253491 5.850213 -13.010568
44.262733 20.236212 10.893111 1.989152 -18.236864 17.395220 6.622812 7.462309 6.298735 -11.000807
43.217381 20.239347 10.754580 2.240920 -18.481565 16.594858 7.051575 10.681579 6.565144 -8.991440
42.230743 19.924185 10.675702 2.576386 -18.443005 15.478145 7.142026 14.248855 6.599086 -7.148109
