-9.276794 16.053640 -21.719080 3.266259 6.319369 16.384550 -10.292192 -18.364424 13.038470 24.353230
-10.228313 15.999875 -20.421858 2.107758 6.535611 16.509111 -10.881518 -18.358440 13.384377 24.107426
-11.126340 15.740744 -18.659307 0.584904 6.716889 16.812038 -11.646838 -18.531225 13.688576 23.549622
-11.625380 15.361547 -17.150379 -0.771731 7.021780 16.933729 -12.263714 -18.556860 13.947051 22.684010
-11.846755 14.579449 -15.735874 -2.186347 7.210451 17.015026 -13.216838 -18.457920 13.890210 21.157484
-9.534252 15.640697 -10.728235 -7.027736 8.578942 15.111563 -13.142867 -19.698498 10.365987 23.123316
-9.259807 14.769338 -8.600652 -9.219094 8.890989 15.317848 -13.773758 -19.634882 9.943428 21.857809
-9.308579 13.880255 -7.104725 -10.801771 9.112274 15.732883 -14.630660 -19.579258 9.652472 19.754332
-9.253320 13.250489 -5.889994 -11.979697 9.457253 16.261467 -15.402172 -19.281820 9.446473 18.118093
-9.243316 12.289947 -4.550259 -13.520141 9.719436 16.781811 -16.515694 -18.966518 8.793157 16.022436
-9.129341 11.593923 -3.715291 -14.595063 10.110977 17.038816 -17.472612 -18.371153 8.220303 14.299834
-9.126658 11.081163 -2.778322 -15.843165 10.354056 17.304520 -18.093468 -17.970011 7.720381 12.735859
-9.243100 10.767880 -2.048519 -16.989897 10.733378 17.517435 -18.669422 -17.266104 7.296053 11.192636
-9.726363 10.785254 -1.327665 -18.164705 11.122944 17.747482 -19.307056 -16.558769 6.992071 10.195050
-10.051084 10.774041 -0.771006 -19.065794 11.453683 17.727095 -19.617943 -15.954188 6.775547 9.376988
-10.346601 10.553859 -0.379495 -20.246939 11.743595 17.461664 -19.931768 -15.271591 6.431837 8.003018
-10.948640 10.476689 0.206517 -21.495457 11.921758 17.078617 -19.889559 -14.914294 6.133657 7.341608
-11.465065 10.413116 0.561184 -22.774656 12.199542 16.793085 -19.625214 -14.385715 5.758107 6.519657
-12.177435 10.385035 0.912802 -24.137657 12.555874 16.508451 -19.364878 -13.747676 5.329344 5.730157
-12.957263 10.503952 1.276133 -25.408358 12.909726 16.248716 -19.070299 -13.213324 4.960938 5.328424
-13.673696 10.467639 1.636944 -26.643898 13.139370 16.031183 -18.813456 -12.907703 4.726753 4.939437
-14.241269 10.410566 1.917848 -27.770002 13.306863 15.866184 -18.753643 -12.630125 4.505251 4.427220
-14.735049 10.354270 2.281059 -28.743050 13.396087 15.834008 -18.705183 -12.448645 4.329715 3.866325
-15.121821 10.265940 2.660928 -29.693863 13.561645 15.836064 -18.373631 -12.273938 4.128439 3.327398
-15.453363 10.117651 3.035542 -30.525478 13.562675 15.867310 -18.115633 -12.126355 3.854821 2.694625
-15.672333 9.950335 3.294259 -31.289677 13.491343 15.873013 -17.832047 -11.971818 3.541856 1.991843
-15.889473 9.820489 3.508953 -31.951643 13.416192 15.947157 -17.586351 -11.817450 3.221747 1.360928
-16.022274 9.756165 3.615360 -32.327545 13.323401 16.004261 -17.355310 -11.719122 2.997184 0.957275
-16.082127 9.734147 3.663163 -32.539337 13.292823 16.023134 -17.238167 -11.608909 2.866518 0.678125
-16.090069 9.701178 3.644836 -32.665157 13.310912 15.958009 -17.061447 -11.538583 2.792973 0.558588
-16.078987 9.682083 3.637918 -32.686253 13.307587 15.961408 -17.003984 -11.517579 2.762403 0.500688
-16.097052 9.707557 3.659389 -32.712490 13.363166 15.906676 -16.996820 -11.541143 2.825122 0.607834
-16.080606 9.742884 3.630520 -32.680428 13.511384 15.719475 -16.855190 -11.659293 3.020182 1.020718
-15.940117 9.844930 3.467326 -32.457382 13.808980 15.320983 -16.579336 -11.777403 3.405180 1.774436
-15.770244 10.004775 3.233574 -32.095337 14.176864 14.852738 -16.149279 -11.964827 3.909051 2.837999
-15.546329 10.242744 2.925854 -31.541988 14.466132 14.418106 -15.775597 -12.150147 4.400661 4.009220
-15.299258 10.514938 2.594630 -30.919474 14.697108 13.920375 -15.111518 -12.451882 4.945870 5.354684
-14.974366 10.719008 2.282864 -30.425699 14.957751 13.519527 -14.206831 -12.696314 5.468670 6.452078
-14.635770 11.015099 2.021847 -29.847918 15.171855 13.147308 -13.283683 -12.956674 5.928957 7.598002
-14.398500 11.202491 1.863835 -29.476206 15.328587 12.850686 -12.643429 -13.326318 6.507340 8.621408
-14.151166 11.498806 1.484783 -28.763617 15.531791 12.445309 -12.029335 -13.697386 7.109016 10.095483
-14.093418 11.764132 1.295576 -28.254259 15.680819 12.178946 -11.651092 -14.000429 7.564207 11.279310
-14.014669 12.017679 1.031638 -27.776497 15.853923 11.867450 -11.154734 -14.293183 7.995864 12.516467
-14.023884 12.367964 0.774850 -27.205120 16.041086 11.519819 -10.566798 -14.629513 8.482351 13.992057
-14.023901 12.608332 0.466473 -26.774000 16.172081 11.245478 -9.996980 -14.995375 8.851398 15.289821
-13.986255 12.827578 0.079583 -26.345081 16.322184 10.920976 -9.406334 -15.234725 9.069983 16.474850
-13.917906 12.991497 -0.253463 -25.948509 16.425854 10.570962 -8.973532 -15.367283 9.231178 17.340256
-13.792685 13.060118 -0.593904 -25.627108 16.529322 10.278630 -8.566361 -15.403821 9.282406 17.899498
-13.680845 13.145914 -0.921151 -25.324703 16.633503 10.010021 -8.183437 -15.406298 9.321896 18.409988
-13.605834 13.227980 -1.142386 -25.095467 16.695951 9.823000 -7.968265 -15.381035 9.357450 18.770855
-13.578493 13.238831 -1.212490 -25.031982 16.713846 9.775146 -7.896194 -15.380558 9.364213 18.867912
-13.502789 13.442574 -1.348184 -24.729725 16.736601 9.596866 -8.137859 -15.220088 9.395366 19.061342
-13.298519 14.150719 -1.912091 -23.719378 16.893618 8.951544 -8.791054 -14.653080 9.497951 19.797783
-13.408255 15.295227 -2.340114 -22.532011 17.150415 8.103807 -10.126468 -13.801868 9.628734 20.850254
-12.967801 16.536247 -3.595791 -20.527699 17.372755 7.041674 -12.086938 -12.353494 9.552649 21.594887
-12.798018 17.974138 -4.542179 -18.150116 17.196598 6.259923 -14.913314 -11.163298 9.403889 22.659437
-12.030007 18.666979 -5.955832 -15.370271 16.934555 6.035740 -17.983263 -9.664290 8.623447 22.526867
-11.238309 19.585169 -7.874217 -11.527719 15.937343 6.639941 -21.071175 -8.876871 7.693330 23.167538
-9.238298 19.524378 -10.194325 -7.620994 15.167373 8.047476 -24.267933 -7.341272 4.430139 22.935390
-6.596004 18.020212 -14.687993 -3.541590 13.888354 8.499037 -25.876339 -6.107297 2.725328 20.090237
-3.888826 15.469962 -19.368259 -0.804501 12.383039 8.718529 -27.075775 -5.272611 0.541971 15.817820
-2.185145 12.976243 -23.670073 1.369128 10.787368 9.205574 -27.665947 -4.989949 -2.050822 13.576838
-0.895068 9.813100 -27.254377 2.036226 8.678447 10.047527 -26.426271 -5.864010 -5.284518 11.544566
0.557587 7.361770 -30.191933 2.235237 7.358998 11.481298 -23.456213 -6.632122 -8.584594 10.721784
1.065924 5.602791 -33.807507 2.853215 6.659776 11.655096 -20.961086 -6.199168 -11.023834 9.711463
2.424106 4.217164 -36.509743 2.997614 6.449982 11.224901 -17.931204 -6.269553 -13.038939 9.316034
3.725278 3.476523 -38.778980 2.899289 6.570459 9.936297 -15.152438 -5.970418 -14.222633 8.775400
5.310599 2.625351 -41.299271 2.817819 6.424243 7.438939 -12.526629 -5.716174 -15.058192 7.877867
6.443909 2.342695 -43.061527 2.938079 6.269536 5.426171 -10.848784 -5.349825 -15.447843 7.207300
6.781688 2.394882 -43.633205 2.565593 6.153619 4.325342 -9.705688 -5.363958 -15.820130 7.501764
6.808361 2.496728 -43.830585 2.501062 6.109531 4.020180 -9.308269 -5.403852 -15.901937 7.727149
6.666899 2.527952 -43.773426 2.398719 6.147673 4.053283 -9.252334 -5.388299 -15.898894 7.880291
6.330708 2.539456 -43.659985 2.120172 6.270284 4.124131 -9.093800 -5.325509 -15.926025 8.197194
5.896999 2.620501 -43.527214 1.849093 6.457066 4.249080 -8.920299 -5.260970 -15.903847 8.674342
5.353113 2.844177 -43.333996 1.624128 6.659590 4.449485 -8.701721 -5.237473 -15.789861 9.444937
4.549539 3.256128 -42.985577 1.307284 6.931558 4.784603 -8.366120 -5.234781 -15.481009 10.470477
3.297324 3.658431 -42.399223 0.739899 7.210792 5.175579 -8.015165 -5.366621 -15.150428 11.631412
1.734879 4.419363 -41.222492 0.021260 7.675882 5.648191 -7.884666 -5.456221 -14.639527 13.336643
0.729986 4.875101 -40.361073 -0.511229 8.017280 5.995974 -7.564775 -5.565671 -14.046279 14.399497
-0.650519 5.238572 -39.308788 -1.400133 8.395572 6.328425 -7.329963 -5.602493 -13.536489 15.365319
-2.210251 5.825669 -38.409344 -2.185562 8.778636 6.572821 -6.957523 -5.705654 -12.988553 16.833132
-3.602095 6.107531 -37.588238 -3.273487 9.145254 6.652271 -6.282860 -5.780717 -12.545333 17.920973
-4.934232 6.478900 -36.806030 -4.153327 9.728500 6.893699 -5.928424 -5.617370 -12.202956 18.958675
-6.456402 6.836015 -35.727528 -5.248516 10.228745 7.017632 -5.885036 -5.462924 -11.936768 20.009396
-8.143065 7.244095 -34.599243 -6.455810 10.609868 7.096169 -5.799944 -5.485055 -11.653199 21.131329
-9.617766 7.592322 -33.606277 -7.555400 10.897940 7.069358 -5.728190 -5.641114 -11.309493 22.135992
-10.693157 7.966296 -32.865532 -8.366386 11.183432 6.919402 -5.596437 -5.735883 -10.887081 22.973619
-11.589791 8.235806 -32.234879 -9.040527 11.408524 6.721250 -5.529802 -5.820695 -10.555799 23.622761
-12.234476 8.385024 -31.762297 -9.534038 11.551017 6.638132 -5.506366 -5.901725 -10.390135 24.067394
-12.569536 8.488216 -31.439663 -9.811839 11.625455 6.581779 -5.462087 -6.011045 -10.261901 24.374531
-12.688512 8.521593 -31.328398 -9.904415 11.639184 6.583079 -5.450115 -6.060544 -10.217587 24.482019
-12.636594 8.487020 -31.456785 -9.899158 11.652923 6.514761 -5.339911 -6.030108 -10.272059 24.455086
-12.374821 8.369146 -31.840614 -9.840211 11.668072 6.314286 -4.969759 -6.009472 -10.410319 24.330948
-11.878760 8.200217 -32.348160 -9.753719 11.687897 6.099318 -4.349216 -6.032373 -10.678647 24.181784
-11.187676 8.003509 -33.125771 -9.424026 11.705776 5.813169 -3.587105 -6.007978 -10.946321 23.911573
-10.209824 7.742040 -34.392117 -8.903963 11.661269 5.164968 -2.509140 -5.949708 -11.290463 23.555939
-8.604457 7.360375 -35.879253 -8.250600 11.449105 4.359465 -0.829254 -6.331633 -11.211467 22.914333
-6.980236 6.941574 -37.392590 -7.644307 11.100801 3.389104 0.604993 -6.644455 -11.379909 22.151169
-4.832306 6.425279 -38.465923 -7.010008 10.541702 2.407520 1.797724 -7.325241 -11.419248 21.058620
-2.723484 5.891527 -40.231220 -6.311051 9.783182 0.687347 3.120605 -7.887409 -11.527246 19.974178
