40.437061 19.252375 11.674517 -0.766253 -17.129910 12.540362 10.901019 16.952591 8.083688 -6.887583
40.162708 18.170467 11.591158 -0.064207 -16.305271 11.551852 10.650904 19.292255 7.395052 -5.451910
40.097157 17.191650 10.912520 1.213095 -15.386337 10.261105 10.259391 21.029329 6.324824 -3.950124
39.766510 16.386185 10.092276 2.355571 -14.573800 8.823266 10.272510 22.465691 5.589798 -1.824876
39.086418 15.769504 9.879778 2.962692 -13.460704 7.468630 10.723467 23.513550 4.303712 -0.601940
38.062046 15.619720 10.112225 1.041396 -12.545072 4.796703 13.108319 24.510763 2.531342 -0.723096
36.865131 14.773881 10.266894 0.441288 -11.705810 3.132179 14.721507 25.308165 1.250733 -0.086490
36.009850 14.280767 10.217155 -0.010050 -11.024574 1.442704 16.056732 26.148418 -0.115768 0.269207
35.295242 13.396036 9.851691 -0.295612 -10.270087 -0.140421 17.727249 26.902512 -0.927491 1.506195
34.039684 12.526378 9.607388 -0.223210 -9.437390 -1.488176 19.340500 27.728695 -1.388200 2.661823
32.731316 12.109934 10.022504 -0.571043 -8.083889 -2.470510 21.135603 28.394510 -2.304452 3.473830
31.255648 11.461307 10.621140 -1.232398 -6.170994 -3.540682 23.588963 28.540596 -2.523623 3.889842
29.880577 10.853604 11.143147 -2.019368 -4.578796 -4.931437 25.754770 28.548870 -2.675099 4.215904
28.613316 10.089334 11.888238 -2.724899 -2.276931 -5.997374 28.074957 28.706350 -2.483432 4.485462
27.769836 9.089419 12.698324 -2.970144 0.297131 -6.519830 29.971527 28.551119 -2.141156 4.211368
26.904959 7.724609 13.814472 -2.919210 2.907704 -6.764681 31.438244 28.206369 -1.890989 3.953504
26.124264 6.385743 14.771652 -2.731038 5.513840 -7.085901 32.648552 28.001734 -1.536918 3.698267
25.275864 4.758636 15.734322 -2.252612 8.024961 -7.280291 33.681992 27.637581 -1.502088 3.712850
24.365591 3.424536 16.636795 -1.683812 10.290462 -7.101970 34.727200 26.934368 -1.486521 3.965401
23.594105 1.839208 17.548456 -0.964974 12.319868 -6.697207 35.447624 26.306610 -1.601392 4.373939
23.140427 -0.168403 18.217363 -0.243466 14.191052 -6.485675 36.035622 25.310863 -2.169770 4.892577
22.732450 -2.195390 18.750324 0.609207 15.715384 -6.137258 36.522583 23.879791 -3.032628 5.937034
22.573994 -4.463318 18.883327 1.367829 16.757664 -6.147130 36.947395 22.929884 -3.730025 7.355651
22.675499 -6.811010 18.586414 1.930262 17.183962 -6.551149 37.437542 21.571945 -4.344427 9.164521
22.731842 -8.908143 18.065775 2.455750 16.861595 -6.952187 37.722137 20.061277 -4.765747 11.138826
22.886301 -10.453665 17.602528 2.882484 16.658617 -7.296079 37.812210 19.000118 -5.002610 12.371482
22.980869 -11.415708 17.102896 3.381199 16.453447 -7.694481 37.684399 18.304890 -5.114018 13.164907
23.035681 -11.996361 16.732714 3.803740 16.329473 -7.954738 37.504360 17.935440 -5.062415 13.647623
23.131851 -12.412096 16.380667 4.066260 16.171148 -8.193558 37.374199 17.687984 -4.911695 13.929676
23.255768 -12.608857 16.105125 4.263681 16.041340 -8.343375 37.195198 17.489710 -4.804087 13.979632
23.280651 -12.682714 16.016861 4.307718 15.993164 -8.389360 37.181210 17.435715 -4.749995 14.031582
23.202129 -12.701064 16.067125 4.274183 15.979376 -8.429999 37.244404 17.441401 -4.732446 14.040302
22.985594 -12.766561 16.163406 4.187211 15.843760 -8.441858 37.448956 17.333168 -4.574560 14.123659
22.595800 -12.813882 16.338058 3.991660 15.596395 -8.577963 37.737801 17.325096 -4.415909 14.195367
21.934132 -12.928867 16.790804 3.622883 15.173879 -8.575059 38.165188 17.212055 -4.368032 14.340107
20.911934 -13.007850 17.542326 3.036435 14.495608 -8.509200 38.652508 17.256584 -4.296459 14.433356
19.700504 -13.062572 18.276340 2.495584 13.556923 -8.578663 39.002422 17.244846 -4.139005 14.435312
18.257175 -13.126074 19.105108 1.852315 12.326885 -8.700612 39.328892 17.247370 -3.863218 14.467838
16.673145 -13.200376 20.196032 1.095164 11.056206 -8.630296 39.738544 17.165949 -3.381008 14.273323
15.040534 -13.084154 21.267857 0.234635 9.784127 -8.711135 40.197090 17.285692 -2.527423 13.728760
13.495542 -12.790383 22.308681 -0.488657 8.380186 -8.563345 40.367775 17.379776 -1.611398 13.007444
12.072390 -12.567880 23.308746 -1.164550 7.148615 -8.240211 40.600540 17.684259 -0.536822 12.278909
10.741040 -12.246611 24.263405 -1.459293 6.139553 -7.877125 40.465225 18.047602 0.739727 11.300003
9.534095 -11.968170 24.856462 -1.471148 5.228972 -7.831129 40.217789 18.238693 1.629537 10.531549
8.727615 -11.387794 25.006479 -1.553540 4.357078 -7.973401 40.125477 18.243872 2.581491 10.010244
7.916928 -10.607002 25.219431 -1.399440 3.651848 -8.039474 39.739338 18.125948 3.283293 9.414064
7.337050 -9.871166 25.379835 -1.255945 3.154981 -8.069489 39.393421 18.050699 3.824673 8.807934
6.945677 -9.283209 25.356686 -1.109581 2.762931 -8.245118 39.096165 18.019119 4.212954 8.312881
6.714373 -8.861193 25.208372 -1.035513 2.397178 -8.486450 38.915203 18.013029 4.495315 8.042091
6.627563 -8.586495 25.018007 -0.958110 2.129487 -8.694882 38.771759 18.046680 4.727350 7.919035
6.577125 -8.524512 25.067663 -0.968105 2.108487 -8.721499 38.713058 18.129581 4.709823 7.828326
6.663276 -8.002130 24.601103 -0.968023 1.653340 -8.749362 38.800793 17.847025 5.308894 7.895323
7.315782 -5.783934 22.751940 -0.694699 0.630298 -9.430927 38.572914 17.449770 7.159700 7.579387
8.928630 -2.079300 19.189766 -0.169249 -1.465889 -10.355421 37.884018 16.728193 10.152697 7.335529
11.009425 1.501104 14.952211 1.081646 -4.238602 -10.788030 36.732891 15.324481 13.438767 8.322071
13.732487 3.700818 10.839611 2.957542 -7.078447 -11.029580 34.173004 13.798643 14.792260 10.255994
19.372107 4.517151 4.466131 5.862592 -8.938869 -12.643352 30.632214 10.903622 14.299596 11.660868
25.716034 2.565208 -2.052758 11.318038 -11.778149 -12.271420 24.746954 4.709888 11.944007 13.956817
28.553421 -1.065124 -4.859684 13.971872 -15.296829 -9.862104 22.587284 -2.691736 11.270867 16.628092
29.789333 -2.974699 -2.510303 14.424758 -16.675158 -3.457084 21.039576 -6.910977 9.850888 17.156940
27.500597 -4.444521 4.132879 14.277696 -16.967783 5.455945 20.300802 -9.805992 7.237192 17.244652
26.108665 -5.442523 9.462813 13.489725 -20.065315 11.816820 18.186394 -9.861959 4.891343 15.478161
25.790974 -6.911014 14.233152 10.152136 -24.729574 15.221880 15.687243 -9.445307 0.741271 10.833326
25.840942 -9.438418 19.181932 7.793449 -27.415751 18.165499 12.316668 -10.323736 -3.395351 5.060936
27.461527 -12.377560 20.777849 6.278038 -29.170012 17.215937 8.860923 -13.021126 -5.235851 -1.561668
28.398590 -17.745253 22.687246 6.050275 -30.686392 16.627752 4.940168 -9.816043 -5.212003 -5.213733
27.087677 -21.914856 26.101061 5.591571 -31.211744 16.259027 2.449471 -2.194640 -5.402717 -7.939605
24.327847 -22.872940 27.413176 6.714937 -31.928587 14.688322 0.501207 5.779153 -3.928909 -7.729691
22.183554 -22.672955 27.319710 8.116248 -32.876335 12.937904 -1.232442 12.755765 -1.302923 -6.736573
21.037632 -22.536524 27.337379 9.373754 -32.896984 12.185818 -2.527741 15.720338 -0.194426 -6.357969
20.655584 -22.148413 27.344431 9.658614 -32.929394 12.060480 -2.836365 16.321501 -0.104843 -6.402652
20.820124 -22.326664 27.266321 9.725768 -32.969597 12.102287 -2.920399 16.190132 -0.226196 -6.348223
21.195560 -22.546677 27.028114 9.926649 -33.097160 12.261930 -3.160693 15.937846 -0.402649 -6.262465
21.808979 -22.728613 26.637276 10.155413 -33.409058 12.568251 -3.368082 14.944484 -0.992075 -6.218432
22.734356 -22.819111 26.017300 10.311088 -33.874645 12.939707 -3.662718 13.184813 -1.978770 -6.527335
24.023188 -22.750303 25.235716 10.762711 -33.732880 13.625510 -4.036350 10.653569 -3.297175 -6.762258
25.397129 -22.922655 24.530918 11.129063 -33.724003 14.167183 -4.507432 7.960642 -4.624049 -7.455677
26.842329 -23.042774 23.621355 11.421164 -34.361580 14.726029 -4.987702 5.313008 -5.968996 -7.944521
28.064079 -22.603878 22.740540 11.751945 -34.772125 15.297082 -5.464988 2.337903 -6.701838 -8.558583
28.967567 -22.246239 21.871847 11.633137 -35.189133 15.317595 -5.516948 0.307552 -6.926371 -8.879159
30.019938 -21.803949 20.589739 11.547638 -36.253368 15.263202 -5.560064 -1.591492 -6.979605 -8.721524
30.833382 -20.811049 19.239405 11.856404 -36.987415 15.056784 -5.906186 -3.156086 -7.155386 -8.747171
31.754929 -19.757036 17.648336 12.481050 -37.926598 14.732055 -6.605241 -5.188413 -7.197502 -8.845152
32.383125 -18.948202 16.045961 13.378674 -39.086430 14.462988 -7.101758 -6.845549 -6.966311 -8.193807
32.927788 -18.210514 14.377625 14.499619 -39.906517 14.336657 -7.724659 -7.881553 -6.910937 -7.230482
33.525311 -17.514948 13.032779 15.678968 -40.435364 14.201958 -8.705921 -8.491895 -6.971977 -6.867116
34.072544 -16.928818 11.904561 16.721359 -40.882984 14.143420 -9.498652 -9.017868 -6.944860 -6.526384
34.358940 -16.224024 11.020200 17.556782 -41.199421 14.137039 -10.089202 -9.229557 -6.712928 -6.206201
34.525211 -15.914224 10.447809 18.136721 -41.405289 14.140773 -10.496270 -9.265374 -6.515609 -5.918373
34.568878 -15.725045 10.201012 18.354900 -41.410488 14.130619 -10.586769 -9.291366 -6.417427 -5.727817
34.571243 -15.640594 10.145472 18.384199 -41.388386 14.136417 -10.558676 -9.305122 -6.394924 -5.648672
