9.234964 -14.925461 4.920156 23.028397 -0.314443 -20.087002 24.351929 6.544525 18.079042 11.156994
9.333935 -15.160415 4.484618 21.055424 -0.535525 -22.498779 25.739447 5.757484 18.050303 9.159466
10.135219 -15.824811 3.675709 20.968464 0.016548 -24.354506 25.361696 5.447081 17.762138 7.450813
11.142263 -16.385580 2.706785 21.105207 0.404376 -26.442408 24.312002 5.415708 16.800104 5.756128
12.586685 -17.090559 1.749986 21.248930 0.592807 -28.690830 22.498955 5.604420 14.363453 4.740455
13.578020 -17.009281 2.110979 21.753695 2.365105 -30.002388 20.130241 6.768934 11.596129 2.447603
14.415473 -17.413849 2.868867 22.006403 3.442097 -30.791292 18.117645 5.600287 8.339696 0.304120
15.600908 -17.989141 3.589770 21.009693 2.181454 -32.454239 15.730937 4.481212 3.460146 -1.563386
16.778534 -15.729233 3.366190 19.191887 0.027704 -35.551235 13.230143 1.938542 -2.429378 -5.539555
14.462253 -12.272969 5.679487 15.755475 -5.807400 -36.267567 12.202171 3.746663 -9.477601 -3.525189
11.985188 -7.350780 10.385682 11.857375 -8.099354 -34.678188 12.275961 4.934006 -15.901091 -3.048494
10.313976 -3.788869 14.180128 11.887953 -4.229025 -32.028297 11.899340 6.088259 -14.306184 -5.703457
10.170649 -2.751049 16.540953 15.431802 1.770920 -28.399349 9.739667 8.459509 -10.492589 -8.073462
9.048347 -2.276880 17.859545 18.768763 3.237426 -24.794979 7.886764 12.525216 -8.339735 -6.125204
7.488280 -0.940744 18.193102 20.096558 1.018746 -23.004629 6.552014 17.275240 -8.814481 -2.710818
4.608775 0.669506 20.071396 19.017015 -2.563912 -20.866558 7.082554 20.685570 -9.753417 1.250535
1.303905 0.223015 21.896130 17.935165 -6.612184 -18.571625 8.944353 23.343048 -8.128510 5.760355
-1.095120 -1.100287 21.945774 17.743036 -10.421439 -17.310228 10.529687 25.092964 -5.154285 9.935117
-1.886864 -1.833231 21.534822 17.892761 -12.077089 -16.903906 11.292336 26.228374 -3.480235 12.268019
-1.919029 -1.920915 21.352970 17.853588 -12.313509 -16.889822 11.543167 26.296597 -3.141170 12.635877
-1.925601 -2.168743 21.503292 17.850800 -12.203140 -16.820026 11.501215 26.319563 -3.253981 12.577559
-1.952946 -2.810274 21.970936 17.791592 -11.953639 -16.657837 11.370457 26.350939 -3.684978 12.377121
-1.769323 -3.976583 22.687124 17.599155 -11.649592 -16.391481 11.095712 26.170471 -4.341084 11.852978
-1.649190 -5.411485 23.686365 17.200745 -11.541411 -15.854884 10.821971 25.969757 -4.989955 11.210703
-1.549931 -7.067560 25.032288 16.609087 -11.301466 -15.077708 10.612777 25.569550 -5.625881 10.191960
-1.528160 -8.797879 26.286388 15.891485 -11.487296 -14.343307 10.438799 25.052565 -5.953342 9.150936
-1.487884 -10.462437 27.647131 14.793549 -11.865257 -13.433122 10.551287 24.285023 -6.336592 7.990235
-1.820147 -12.073933 29.338869 13.725019 -12.122477 -12.561800 10.739147 23.547501 -6.975465 6.969093
-1.812909 -13.636224 30.871469 12.774709 -11.953534 -11.776964 10.890546 22.595766 -7.776692 5.783720
-1.720577 -15.219391 32.328999 11.928034 -11.525769 -10.813870 11.229011 21.370182 -8.530116 4.794082
-1.552244 -17.038910 33.825035 11.053783 -10.576899 -9.621673 11.955032 19.850306 -8.986926 3.662830
-1.212652 -18.678566 35.048302 9.992310 -9.708344 -8.521825 12.926952 18.218969 -9.072598 2.446735
-0.817055 -19.871866 35.891674 9.162143 -9.003038 -7.603284 13.685388 16.851046 -9.082981 1.512350
-0.480770 -21.099401 36.609791 8.388660 -8.550944 -6.858104 14.378463 15.622212 -9.047809 0.699980
-0.091044 -22.033388 37.138432 7.780873 -8.060498 -6.181428 14.940231 14.230761 -9.062460 -0.098383
0.368171 -23.049452 37.672592 7.161056 -7.598089 -5.492358 15.481312 12.922719 -9.066585 -0.894565
0.799970 -23.940285 37.903732 6.892491 -7.256097 -4.952072 15.865581 11.720970 -8.871963 -1.365388
1.036587 -24.442888 37.910248 6.870880 -7.027760 -4.759565 16.019445 10.746022 -8.773882 -1.664613
1.281931 -24.750134 37.879906 6.833255 -6.831799 -4.645424 16.115395 10.098845 -8.756118 -1.883534
1.372564 -24.885666 37.869526 6.822497 -6.770691 -4.616961 16.136549 9.848571 -8.734347 -1.995649
1.252225 -24.513994 37.702351 7.064385 -6.578829 -5.073413 15.891097 9.615806 -8.838579 -2.308442
1.082659 -23.362698 37.191921 7.805362 -5.851901 -6.534774 15.046234 8.585405 -9.394985 -3.516185
1.269251 -21.040777 35.708389 9.448876 -4.489706 -9.047876 13.404213 6.992092 -9.958890 -5.128171
1.607485 -18.777800 33.586460 11.626801 -4.070717 -11.871011 11.011243 4.921213 -10.269113 -6.320535
1.805048 -16.488400 30.864731 13.520879 -4.994968 -14.648061 9.148404 3.042454 -10.805829 -5.675568
0.831769 -14.039553 28.683910 14.637167 -6.968087 -16.949070 8.767382 1.627586 -11.347926 -3.652162
0.930481 -11.950062 25.519548 17.019140 -9.574145 -19.480644 6.402161 1.070308 -12.815846 -0.674471
2.705370 -11.826447 20.343605 22.897209 -10.445274 -21.104258 2.011282 1.089693 -10.750538 2.093702
4.117814 -12.154061 14.969368 27.464237 -9.991722 -24.386370 -0.214649 1.605144 -5.385750 1.495882
4.387717 -10.524327 10.884101 29.996727 -7.976928 -27.086811 -0.515958 4.701934 7.060333 -3.320860
0.870519 -9.151199 10.965261 31.246967 -7.364979 -24.924099 2.392360 3.268770 16.617804 -3.879016
-3.485997 -8.064724 14.021408 30.537537 -8.491796 -22.035971 4.919558 2.387260 18.351135 -2.218441
-6.604551 -6.963094 17.348040 28.994843 -9.248551 -19.005953 7.280259 1.822715 17.808071 -1.069702
-8.729291 -4.897656 20.490192 26.797653 -8.890138 -16.694948 10.092764 1.525675 13.458044 -0.233546
-10.500896 -1.867428 22.588619 24.953552 -9.591600 -14.980900 12.010064 2.541726 7.052437 2.388108
-11.903307 -1.814443 25.093977 21.914394 -12.476230 -12.694639 13.660468 1.761946 7.030608 2.099106
-13.064743 -2.617431 27.406691 19.476484 -15.171836 -10.625250 14.682470 0.619131 8.813333 0.778996
-13.411817 -2.732378 29.024252 17.522753 -17.593302 -9.224372 14.494545 0.557357 10.329644 -0.679918
-13.325474 -2.565795 29.791700 16.600206 -18.631624 -8.567013 14.189039 0.542291 10.641131 -1.486263
-13.360940 -2.400484 29.941778 16.498707 -18.883516 -8.443185 14.061493 0.640462 10.725642 -1.572183
-13.380975 -2.326933 29.989532 16.490622 -18.906916 -8.403213 14.006200 0.587019 10.789138 -1.682057
-13.462358 -1.970880 30.133129 16.475500 -18.965061 -8.257087 13.861193 0.431596 11.006129 -1.961515
-13.675406 -1.343212 30.406412 16.469606 -19.008478 -7.817806 13.744740 0.393208 11.524741 -2.156126
-14.133430 -0.064858 30.637119 16.865280 -18.968576 -7.381055 13.395514 0.310706 12.152136 -2.301040
-14.390469 1.814840 30.634804 17.773399 -18.496613 -7.094951 12.451065 0.444245 12.881855 -2.718049
-14.567757 3.342821 30.490692 18.970589 -17.967211 -7.016737 11.138723 0.831876 13.390494 -2.907167
-14.669042 4.814397 30.119036 20.433186 -17.249104 -7.450641 9.428691 1.064606 13.075850 -3.086164
-14.090992 5.947143 29.663025 22.185150 -15.842164 -8.032847 7.269576 1.228425 11.941401 -3.603322
-13.350383 6.901565 29.399956 23.900631 -14.261275 -8.468352 5.083908 1.009387 10.714712 -4.339157
-12.509487 7.607243 29.632963 24.928371 -11.933264 -8.728788 3.573982 0.535155 9.345042 -5.600873
-11.508538 7.793784 29.985931 25.141769 -9.292555 -9.274513 2.791831 -0.311835 7.979152 -7.528897
-10.272769 7.521289 30.570826 24.983662 -6.610246 -9.977284 2.108768 -1.547025 6.477602 -9.891006
-8.883371 6.845075 31.179356 24.569489 -3.770926 -10.825869 1.642396 -2.770117 5.003293 -12.512293
-7.696586 6.532977 31.994970 24.214102 -0.846060 -11.286978 1.280856 -3.752019 3.702512 -14.902618
-6.446885 6.270060 32.643139 23.810301 1.835608 -11.670197 0.922314 -4.715428 2.608474 -17.190603
-5.380736 6.191837 33.150631 23.199629 3.959502 -12.015052 0.901461 -5.644801 1.986566 -19.370359
-4.125871 6.186380 33.804554 22.550463 6.779701 -12.287357 0.957676 -6.549314 1.349405 -21.841885
-3.074153 6.389632 34.324333 22.118458 9.212837 -12.517745 0.930334 -7.299096 0.884414 -23.892466
-2.408213 6.528306 34.633125 21.879118 10.719139 -12.631831 0.860510 -7.741148 0.526066 -25.100903
-2.217508 6.643652 34.702133 21.775585 11.137320 -12.676947 0.876341 -7.870234 0.470014 -25.488865
-2.214327 6.646659 34.699722 21.779003 11.147804 -12.681868 0.875090 -7.876643 0.481503 -25.495955
-2.220284 6.650189 34.699543 21.774418 11.148504 -12.684360 0.886739 -7.886468 0.506689 -25.504431
-2.220622 6.653244 34.697361 21.775272 11.154480 -12.683801 0.891620 -7.891739 0.527539 -25.510351
-2.220773 6.654612 34.693512 21.770792 11.150388 -12.689189 0.894151 -7.892225 0.539281 -25.513779
-2.226535 6.648783 34.691086 21.778437 11.147623 -12.687109 0.894705 -7.890347 0.554408 -25.506220
-2.226850 6.641471 34.685902 21.784555 11.145301 -12.687860 0.891085 -7.887676 0.568137 -25.503517
-2.227246 6.633624 34.680695 21.788744 11.142074 -12.690828 0.889216 -7.885856 0.576768 -25.501183
-2.224981 6.625933 34.677170 21.798563 11.143733 -12.690024 0.881511 -7.881233 0.578901 -25.497972
-2.228715 6.618207 34.672905 21.804438 11.134560 -12.688455 0.879545 -7.875412 0.586756 -25.487268
