-2.801707 4.099705 1.095159 -18.058876 4.391972 20.994095 -40.810356 -7.932180 0.179334 -9.208442
-2.801707 4.099705 1.095159 -18.058876 4.391972 20.994095 -40.810356 -7.932180 0.179334 -9.208442
-2.801707 4.099705 1.095159 -18.058876 4.391972 20.994095 -40.810356 -7.932180 0.179334 -9.208442
-2.801707 4.099705 1.095159 -18.058876 4.391972 20.994095 -40.810356 -7.932180 0.179334 -9.208442
-2.801707 4.099705 1.095159 -18.058876 4.391972 20.994095 -40.810356 -7.932180 0.179334 -9.208442
-3.656484 6.213091 1.891059 -18.247366 4.619780 20.827408 -40.161922 -10.303486 -0.570626 -8.095822
-3.664055 6.324705 1.986723 -18.290037 4.702440 20.769329 -40.129345 -10.502810 -0.650218 -8.081363
-3.657969 6.331576 2.004694 -18.286320 4.711993 20.778694 -40.136940 -10.521095 -0.641664 -8.084403
-3.655030 6.329300 2.009079 -18.288462 4.710185 20.778461 -40.136677 -10.522846 -0.638451 -8.087109
-3.654851 6.328122 2.008098 -18.288172 4.708515 20.778515 -40.135555 -10.520386 -0.637665 -8.085736
-3.653174 6.328024 2.009979 -18.288639 4.708801 20.778147 -40.135067 -10.522377 -0.636880 -8.086125
-3.654063 6.325325 2.009431 -18.291382 4.705056 20.777111 -40.135876 -10.519725 -0.636431 -8.086528
-3.654798 6.324522 2.009011 -18.292301 4.702732 20.776196 -40.135590 -10.519202 -0.634583 -8.087220
-3.655941 6.324656 2.010551 -18.293524 4.701313 20.776537 -40.137203 -10.519484 -0.633805 -8.087584
-3.658154 6.323209 2.007677 -18.294172 4.698577 20.775764 -40.137215 -10.516025 -0.633459 -8.087185
-3.656814 6.322031 2.007662 -18.293020 4.696122 20.777914 -40.136913 -10.513446 -0.631638 -8.085923
-3.655437 6.321486 2.008429 -18.293282 4.696024 20.776577 -40.136562 -10.514797 -0.631327 -8.087132
-3.654140 6.321982 2.010369 -18.293926 4.698145 20.775658 -40.135036 -10.516643 -0.630600 -8.088279
-3.653592 6.320903 2.009893 -18.292994 4.699152 20.776878 -40.135941 -10.515821 -0.629468 -8.089928
-3.653131 6.322296 2.009633 -18.291779 4.702425 20.777363 -40.135086 -10.517377 -0.629596 -8.089995
-3.653214 6.322285 2.008845 -18.291565 4.700997 20.775393 -40.133961 -10.517844 -0.628535 -8.089749
-3.653152 6.322138 2.008965 -18.291372 4.700269 20.775774 -40.132912 -10.516848 -0.626948 -8.089335
-3.653147 6.321279 2.008638 -18.291752 4.701049 20.773024 -40.133884 -10.515935 -0.628764 -8.090219
-3.652983 6.321673 2.009301 -18.291092 4.698146 20.774805 -40.133194 -10.516685 -0.626206 -8.089218
-3.652644 6.320852 2.009181 -18.291103 4.698791 20.774586 -40.133339 -10.515018 -0.626392 -8.089531
-3.652406 6.318840 2.008066 -18.291435 4.694273 20.774855 -40.131950 -10.513198 -0.623522 -8.088880
-3.653379 6.316459 2.006010 -18.291588 4.690741 20.776211 -40.133366 -10.507867 -0.622945 -8.087737
-3.653279 6.314585 2.003246 -18.291557 4.689651 20.773308 -40.131706 -10.504668 -0.623526 -8.087331
-3.653568 6.314080 2.002544 -18.291300 4.687925 20.774218 -40.132278 -10.503398 -0.622597 -8.086907
-3.655717 6.312973 2.000615 -18.292070 4.687241 20.772900 -40.132854 -10.502033 -0.622420 -8.088330
-3.659686 6.313430 1.998931 -18.293200 4.684189 20.773312 -40.133263 -10.501619 -0.620279 -8.088351
-3.555443 6.305404 1.845166 -18.195162 4.607159 20.687456 -40.036968 -10.616910 -0.571163 -8.024841
-3.200777 6.278354 1.339410 -17.839407 4.400785 20.449787 -39.717510 -10.938292 -0.431827 -7.823151
-2.617127 6.240458 0.422344 -17.239876 4.082036 19.966164 -39.063900 -11.467291 -0.207543 -7.435343
-1.852341 6.201287 -0.815299 -16.358719 3.601507 19.312420 -38.248390 -12.180050 0.038116 -6.929543
-1.031999 6.211679 -2.125786 -15.388921 3.025955 18.508341 -36.935078 -12.983888 0.463988 -6.243475
-0.413069 6.249831 -2.993510 -14.593021 2.408000 18.071495 -36.065456 -13.680583 0.904725 -5.745740
0.041956 6.332456 -3.783439 -13.945744 1.846345 17.676605 -35.285236 -14.395377 1.379847 -5.224057
0.669993 6.419081 -4.861681 -12.915669 1.313804 17.301935 -34.231834 -15.169522 1.821090 -4.686831
1.479500 6.332713 -5.817028 -11.960015 0.852512 16.984741 -33.125061 -15.840381 2.219383 -4.379519
2.121865 6.272192 -6.642234 -11.076410 0.380085 16.635639 -31.931583 -16.358477 2.563519 -4.118840
2.699206 6.214517 -7.204388 -10.418056 -0.107007 16.441940 -30.953987 -16.893551 2.941489 -3.874273
3.053975 6.208766 -7.484601 -9.996197 -0.390775 16.509054 -30.160784 -17.159422 3.321460 -3.599624
3.378562 6.293268 -7.907596 -9.500759 -0.801852 16.423386 -29.378155 -17.642357 3.707032 -3.194713
3.642183 6.506212 -8.327355 -8.925090 -1.157205 16.430420 -28.655266 -18.107630 4.109860 -2.665584
3.786231 6.662870 -8.629157 -8.586512 -1.374838 16.439878 -28.002226 -18.454685 4.477690 -2.205123
3.852104 6.797106 -8.876777 -8.319397 -1.569509 16.462429 -27.560278 -18.684706 4.743288 -1.809884
3.908168 6.907903 -9.074380 -8.089838 -1.696906 16.419964 -27.178623 -18.864332 4.915291 -1.527381
3.927325 6.994074 -9.279545 -7.917525 -1.699017 16.347822 -26.805906 -18.933550 5.039876 -1.273717
3.919844 7.063814 -9.437798 -7.788176 -1.699954 16.309328 -26.559681 -18.968882 5.125127 -1.077502
3.927598 7.080560 -9.494489 -7.742069 -1.666058 16.298424 -26.473637 -18.959990 5.139365 -1.027934
3.725864 7.213215 -9.491267 -7.699100 -1.746554 16.315674 -26.529884 -19.011055 5.200646 -0.910958
3.384352 7.429309 -9.565631 -7.607821 -1.878310 16.179564 -26.535952 -19.082823 5.297239 -0.676596
3.163079 7.676146 -10.023108 -7.372563 -1.905971 15.972919 -26.309343 -19.200531 5.370337 -0.357724
2.601094 8.408430 -10.754649 -6.745464 -1.855258 16.009756 -25.724688 -19.242296 5.757111 0.761706
1.978565 9.263562 -11.543496 -6.032856 -1.897285 15.905704 -24.985146 -19.401684 6.226707 2.115235
0.885717 10.549516 -12.695665 -4.358700 -1.267809 16.785299 -25.329466 -18.320711 5.915693 4.145986
-0.440861 11.752620 -13.925858 -3.327857 -1.223264 16.597664 -25.485966 -18.106754 5.428276 6.072611
-1.587537 13.169658 -15.933372 -2.038205 -1.430746 15.122849 -24.754471 -18.626858 4.989733 8.230146
-3.023618 14.641790 -18.237560 -0.712285 -1.418702 13.227978 -24.244143 -18.877760 4.093223 10.256648
-2.861215 15.372783 -20.939127 0.767352 -1.061766 11.197144 -22.952566 -19.229628 2.954168 11.484284
-1.691022 15.421267 -23.740566 1.990740 -0.910510 8.625065 -19.888334 -20.176340 2.263169 12.222241
0.282075 15.072402 -26.570080 3.268866 -0.868947 6.422949 -16.606506 -21.205687 1.670797 12.795976
2.838750 14.236858 -29.533352 4.211323 0.298198 3.768001 -11.485284 -21.974344 1.303599 13.288016
6.219837 12.526016 -31.206926 4.409961 1.093294 1.575004 -7.010897 -22.812281 1.088859 12.622118
10.030736 10.592069 -33.077663 4.992839 2.119262 -0.476174 -3.631348 -23.107939 0.251882 11.317161
12.693149 9.299313 -34.032822 5.147233 2.718067 -1.752456 -1.116750 -23.400799 -0.033599 10.539390
16.116936 7.388461 -34.288071 5.249596 3.425124 -2.363057 1.383341 -23.381100 -0.350065 9.013112
19.052525 5.946950 -34.946701 6.029836 3.757928 -2.878940 3.142457 -23.487646 -0.896646 7.792240
20.683241 5.147433 -35.182526 6.327190 4.032079 -3.178353 4.436860 -23.451733 -1.043933 7.300154
21.303299 4.855817 -35.300018 6.491652 4.013030 -3.293108 4.841875 -23.502552 -1.110615 7.095712
21.232380 4.931940 -35.312080 6.537038 3.894857 -3.274379 4.792775 -23.582359 -1.069184 7.180235
21.045866 5.120064 -35.348606 6.634113 3.668777 -3.248636 4.730075 -23.730146 -0.960873 7.423063
20.629923 5.432879 -35.288971 6.640307 3.513973 -3.179734 4.716436 -23.817890 -0.735197 7.859911
20.083439 5.847860 -35.167309 6.593403 3.277651 -3.116617 4.817015 -23.976360 -0.350958 8.483606
19.470833 6.446307 -35.043911 6.702821 2.669787 -2.969066 4.858692 -24.445246 0.180917 9.327078
18.738955 6.996004 -34.635555 6.530130 2.211806 -2.756612 5.204374 -24.685612 0.922517 10.376233
17.629658 7.796158 -34.281719 6.383549 1.756688 -2.551749 5.543411 -24.969109 1.734608 11.731359
16.379131 8.680091 -33.864651 6.278223 1.151432 -2.195659 5.550101 -25.318472 2.518647 13.076441
15.251099 9.528728 -33.559044 6.253654 0.667858 -1.958339 5.745290 -25.629038 3.233697 14.414189
14.190096 10.356168 -33.200302 6.245356 0.105409 -1.655015 5.802020 -25.995304 3.957246 15.654150
12.935842 11.214320 -32.683105 6.013063 -0.311656 -1.279326 5.856726 -26.276596 4.756018 16.929474
11.774418 12.019156 -32.176842 5.727391 -0.596156 -0.935509 6.084069 -26.473322 5.565470 18.186829
10.629602 12.763166 -31.511194 5.254008 -0.754865 -0.563279 6.444508 -26.582092 6.474545 19.432678
9.294493 13.506567 -30.655102 4.586291 -0.892163 -0.096510 6.609095 -26.629498 7.423375 20.615419
8.257257 14.001865 -29.954828 4.001808 -0.832248 0.293665 6.675184 -26.486969 8.086739 21.409531
7.469213 14.315298 -29.365879 3.492827 -0.662271 0.621013 6.610131 -26.272707 8.529814 21.846817
6.794715 14.559710 -28.828871 3.008727 -0.522597 0.909280 6.517608 -26.093195 8.912089 22.160160
6.288030 14.715076 -28.353998 2.573735 -0.410608 1.151497 6.464857 -25.942003 9.229300 22.369490
5.967825 14.803622 -28.021416 2.265986 -0.342576 1.314156 6.449144 -25.847469 9.449975 22.495716
5.856306 14.837291 -27.901476 2.151165 -0.329171 1.358015 6.455096 -25.833656 9.537437 22.538174
5.800697 14.856665 -27.821672 2.087464 -0.328660 1.401551 6.459726 -25.828936 9.604268 22.564171
5.617605 14.919242 -27.575382 1.892967 -0.321054 1.520999 6.455566 -25.797544 9.796840 22.635361
5.327544 15.009567 -27.220762 1.596036 -0.291432 1.686151 6.428276 -25.738245 10.059915 22.726276
4.899231 15.167616 -26.828886 1.268603 -0.254455 1.861577 6.339552 -25.663609 10.355914 22.862190
4.328198 15.384370 -26.398663 0.869819 -0.185466 2.022188 6.247219 -25.561457 10.688007 23.065369
3.738768 15.532482 -25.754629 0.262824 -0.052015 2.284574 6.110190 -25.389923 11.102022 23.148621
2.968483 15.673547 -24.744125 -0.677916 0.120109 2.724346 5.925362 -25.164404 11.708632 23.214592
2.182472 15.873762 -23.926819 -1.479491 0.269082 3.023929 5.767507 -24.922867 12.222151 23.389368
1.224205 16.124857 -23.121361 -2.306001 0.522840 3.353391 5.483048 -24.626333 12.673648 23.545839
