1.731441 11.816619 -21.013790 -1.490018 -4.130314 10.506489 -7.300748 -19.331892 12.764825 17.595228
0.159045 11.494669 -19.135366 -4.023754 -3.139272 11.026777 -7.950259 -19.325998 13.268542 15.830620
-0.858579 11.012293 -17.205517 -6.504587 -1.642610 11.356184 -9.420721 -18.873432 13.113562 13.761602
-3.271222 10.426896 -15.901217 -9.733704 0.037266 12.442814 -8.198997 -20.843807 10.196162 12.668962
-3.379773 9.965874 -14.693037 -11.137257 1.900371 12.824952 -9.643500 -19.859783 9.357591 11.008927
-3.632954 9.174097 -13.046757 -12.885016 4.304301 13.813015 -12.056368 -18.276751 7.929980 8.711477
-3.946838 8.476746 -11.374748 -14.664867 6.889916 15.138785 -13.913727 -16.803450 6.773784 6.438179
-4.457669 7.991027 -10.302529 -15.738550 8.693380 16.434647 -14.714113 -15.661839 6.099991 4.875286
-5.064003 7.518386 -8.726880 -17.244164 10.416241 17.983301 -15.063413 -14.926691 5.933808 3.055097
-5.715662 7.141992 -7.610109 -18.609020 12.227325 19.048174 -14.865494 -14.219588 5.807351 1.623315
-6.501132 6.765563 -6.540226 -20.043432 13.845294 19.669718 -14.614666 -13.522147 5.636393 0.407589
-7.158736 6.497539 -5.639273 -21.151653 15.021524 20.241552 -14.493724 -13.058698 5.509892 -0.514657
-7.481038 6.195771 -4.963046 -22.002365 15.934015 20.414555 -14.154408 -12.607230 5.379918 -1.229262
-7.583640 5.955556 -4.684342 -22.440784 16.650024 20.399670 -13.952196 -12.133730 5.144776 -1.657875
-7.616562 5.814110 -4.515687 -22.737505 17.055088 20.327824 -13.687748 -11.899371 5.074188 -1.901982
-7.660844 5.776853 -4.536514 -22.799295 17.176109 20.273371 -13.560114 -11.803123 5.058152 -1.944192
-7.693383 5.818571 -4.585493 -22.750578 17.053951 20.317924 -13.412779 -11.932533 5.276639 -1.801501
-7.826975 5.968837 -4.926989 -22.547939 16.612827 20.254272 -12.657627 -12.334414 5.996547 -1.255236
-7.822805 6.325269 -5.883978 -21.778460 15.460438 19.862940 -11.337882 -13.143047 7.199977 0.003523
-7.730929 6.751808 -7.266337 -20.655375 14.138975 19.148279 -9.493911 -13.940263 8.488170 1.655759
-7.799519 7.226860 -8.356943 -19.717873 12.620383 18.386433 -8.065253 -14.880334 9.763969 3.260914
-7.894664 7.672423 -9.335425 -18.784903 11.185079 17.514799 -7.143178 -15.614458 10.653016 4.791245
-8.154397 8.110269 -10.300889 -18.045189 10.125765 16.856974 -6.455073 -16.297544 11.337507 6.102945
-8.394257 8.402591 -10.957618 -17.570171 9.409596 16.361952 -5.815680 -16.813337 11.842072 6.938641
-8.480438 8.607810 -11.564301 -17.003340 8.847689 15.988228 -5.353786 -17.101566 12.090927 7.571815
-8.488508 8.718168 -11.850470 -16.687222 8.521838 15.820563 -5.145309 -17.245127 12.233647 7.885803
-8.553879 9.096111 -11.664681 -16.140320 7.222794 16.206528 -5.758633 -17.914583 12.725202 8.226032
-8.471638 9.916349 -11.301781 -14.602056 4.112514 16.963104 -8.181028 -19.236208 13.062276 8.856144
-7.793622 10.932953 -11.408503 -11.520626 -0.564683 18.037672 -13.279607 -20.742805 11.793458 9.730721
-4.087369 11.444781 -14.571769 -5.382166 -3.566070 17.923983 -19.484922 -19.503914 6.748357 12.122959
2.342246 10.818447 -17.224375 -1.268241 -2.315192 13.799731 -23.830105 -16.307676 0.258056 14.243267
6.436917 10.062634 -20.519859 1.556187 1.028781 10.621422 -25.348309 -11.826726 -5.438230 17.326805
10.090191 9.569631 -23.752916 4.374563 5.686941 9.492138 -21.223354 -7.932834 -8.487243 20.208481
12.634878 8.866118 -26.394068 5.830572 9.185760 7.171041 -16.386614 -4.882862 -10.407094 22.827362
13.506501 8.222831 -28.032272 5.631739 12.555917 4.864766 -13.382032 -2.402800 -11.660716 23.467258
13.228273 8.016526 -28.268696 5.123784 13.297612 4.259659 -12.220861 -2.067350 -11.561849 23.662811
13.001091 8.025825 -28.424051 5.237765 13.333692 4.544376 -12.321040 -2.006221 -11.625855 23.604553
12.177178 8.177744 -28.948004 5.544044 13.168133 5.113692 -12.536793 -2.133366 -11.630681 23.585136
10.544936 8.441502 -29.355141 5.605975 12.878826 6.370886 -12.327966 -2.734283 -10.988090 23.407475
8.099766 8.749197 -29.319273 5.106620 12.026653 7.677836 -12.679222 -3.832964 -9.916802 22.806850
5.102423 8.985887 -29.087189 4.039818 11.277859 8.987710 -13.176476 -4.983635 -8.837333 21.846746
1.605370 9.354426 -29.101650 2.909176 10.424807 10.505902 -13.380744 -6.248650 -7.380040 20.895540
-0.637474 9.752929 -29.015745 2.017074 10.076406 11.257050 -13.643950 -7.219150 -6.331720 20.021931
-2.549911 10.007862 -28.690523 0.718760 9.878223 11.300665 -13.273478 -8.168714 -5.012313 19.141346
-3.628726 10.137349 -28.549269 -0.049229 9.637244 11.013925 -12.917745 -8.772293 -4.168640 18.696964
-3.899745 10.140057 -28.473167 -0.318002 9.504058 10.903737 -12.845081 -8.994816 -3.905215 18.522160
-3.890106 10.175975 -28.856850 -0.167181 9.732244 10.628296 -12.511498 -8.786725 -3.977465 18.696737
-3.277297 10.161832 -29.892363 0.426422 10.300489 9.900505 -11.558805 -8.217494 -4.272552 19.131598
-2.488738 9.964568 -31.413586 1.054284 11.011440 8.296234 -9.769515 -7.334986 -4.481016 19.833052
-1.015339 9.559805 -33.325012 1.492346 11.736335 5.236570 -6.932743 -6.414659 -4.592222 20.972912
