-2.713232 4.241653 -30.898458 -7.573426 16.331398 4.143336 -3.899600 -5.764251 -2.487246 11.943420
-3.727105 4.185174 -31.556076 -7.262081 16.270033 6.377933 -2.928907 -6.376706 -4.361107 13.101204
-4.145629 5.619432 -29.986406 -6.008536 14.792039 8.679410 -4.908068 -6.964449 -3.434195 13.753037
-3.826757 7.600413 -29.800034 -3.469188 12.332952 8.772662 -8.284806 -7.537321 -3.782002 16.068768
-3.703227 9.185709 -28.497070 -1.262416 8.287057 10.001306 -12.818187 -9.149324 -3.793159 18.387413
0.290072 10.306914 -28.621038 1.666849 2.769160 7.936970 -11.079227 -12.353330 -1.221957 20.780815
-0.617494 11.646031 -28.477232 1.944947 -0.640522 9.130825 -7.935955 -16.125418 3.160002 21.247356
1.592592 11.767615 -27.156397 2.467812 -3.106262 10.060545 -7.172873 -17.795042 5.455227 21.436625
4.698379 11.841507 -26.508543 3.543870 -4.927996 10.033002 -4.657309 -19.640577 7.492088 22.497108
5.300323 11.748546 -26.131060 3.633216 -5.547075 10.232153 -3.559924 -20.516481 8.151399 22.544178
5.318028 11.728631 -26.187733 3.694505 -5.476869 10.263710 -3.612873 -20.426979 8.039784 22.538006
6.290479 11.721853 -26.832823 4.523866 -5.362582 9.912024 -3.607724 -20.065479 7.447554 23.020798
7.960574 11.617646 -27.475409 5.551251 -5.174211 9.244730 -3.713681 -19.535389 6.503517 23.653793
10.433257 11.263219 -27.931362 6.310298 -4.177809 8.042287 -3.635819 -18.585600 5.156546 23.974163
13.055218 10.897522 -28.064203 6.722486 -3.091414 6.416486 -3.483346 -17.743221 3.957045 24.154554
15.453905 10.576947 -28.509613 7.080605 -1.525546 4.688766 -2.851610 -16.711567 2.866621 24.207363
18.238447 10.013760 -28.697748 7.402009 0.158158 2.965678 -2.741750 -15.292131 1.526153 24.066608
20.647215 9.467628 -28.747217 7.646251 1.845465 1.653869 -3.047530 -13.890839 0.001934 23.781986
22.352694 9.043705 -28.945402 7.888443 3.035702 0.634276 -3.397973 -12.729859 -1.245390 23.706896
22.786207 8.823785 -28.970062 7.742699 3.625696 0.227420 -3.416972 -12.275325 -1.671120 23.503155
22.621613 8.814198 -28.936255 7.682982 3.636701 0.311003 -3.676403 -12.199364 -1.744858 23.402031
18.303322 9.522851 -28.264210 6.519793 2.631537 2.352898 -7.105374 -12.750284 -1.531882 22.264252
11.834427 10.369008 -26.946539 4.876480 1.156924 6.140123 -11.481393 -13.342956 -0.564779 20.329142
6.702013 11.024444 -23.104982 2.450335 -1.405756 9.756556 -17.032047 -15.585719 0.221280 17.622761
3.599869 10.651484 -17.887135 -1.558628 -5.505357 8.811599 -25.034700 -17.968102 0.230202 16.921162
2.475770 10.058379 -14.035221 -3.068028 -2.552711 13.861779 -27.396383 -15.591556 0.115239 13.009197
3.738979 8.863939 -10.769724 -5.375874 -2.386672 14.636992 -28.360220 -16.305534 1.003185 10.480071
4.656959 8.051047 -7.984817 -8.768890 -1.981528 13.060835 -28.209232 -18.425941 2.192547 7.887438
5.504343 7.239592 -5.549988 -10.978364 -1.001690 12.382943 -29.189365 -18.334517 2.032365 5.983052
5.887393 6.817704 -4.336657 -12.217435 -0.633638 11.580658 -29.404198 -18.259192 1.930495 5.497844
5.997864 6.738870 -4.214183 -12.368544 -0.538589 11.377033 -29.406923 -18.201002 1.863009 5.459301
6.049087 6.551259 -3.805593 -12.756130 -0.090787 11.713165 -29.735004 -17.993690 1.626202 4.942534
6.319394 6.253083 -3.541178 -13.063067 0.698667 12.083029 -30.066120 -17.366240 1.100823 4.439306
6.383904 5.754706 -2.911185 -13.956126 2.227207 12.616264 -30.588890 -16.299187 0.201683 3.507115
6.229611 5.365170 -1.977889 -14.994718 3.280406 13.041008 -32.512894 -15.405145 -1.217599 2.922021
5.340364 5.117440 -0.538235 -16.539728 4.882264 14.485086 -33.626263 -14.644229 -2.270405 1.881947
4.283732 4.844256 1.032703 -18.033693 6.523239 16.289087 -33.900745 -13.824079 -2.889082 0.534691
3.092648 4.649713 2.757703 -19.708565 7.976113 17.867146 -34.088963 -13.216439 -3.371020 -0.938467
1.467900 4.395840 5.032112 -21.831223 9.275927 19.465336 -34.340126 -12.886062 -3.845879 -2.819111
0.553915 4.277743 6.117111 -22.829662 9.979568 20.257681 -34.314983 -12.574140 -4.123151 -3.693504
0.446376 4.271848 6.221627 -22.943935 10.078748 20.330402 -34.251305 -12.530674 -4.143230 -3.764535
0.437420 4.283495 6.244312 -22.948107 10.119504 20.340391 -34.243328 -12.531125 -4.152833 -3.781763
0.440685 4.293352 6.264688 -22.944809 10.134073 20.346907 -34.248806 -12.532392 -4.143768 -3.793353
0.432900 4.288909 6.262068 -22.955194 10.129694 20.342348 -34.248207 -12.534697 -4.143737 -3.795917
0.428191 4.273213 6.253826 -22.969767 10.095882 20.339701 -34.246822 -12.538260 -4.137333 -3.793932
0.000000 0.000000 0.000000 0.000000 0.000000 0.000000 0.000000 0.000000 0.000000 0.000000
0.000000 0.000000 0.000000 0.000000 0.000000 0.000000 0.000000 0.000000 0.000000 0.000000
0.000000 0.000000 0.000000 0.000000 0.000000 0.000000 0.000000 0.000000 0.000000 0.000000
0.000000 0.000000 0.000000 0.000000 0.000000 0.000000 0.000000 0.000000 0.000000 0.000000
0.000000 0.000000 0.000000 0.000000 0.000000 0.000000 0.000000 0.000000 0.000000 0.000000
