-9.151477 -5.443841 -31.830208 -17.167812 14.747486 -17.405098 -30.051697 25.488770 6.746602 -6.272390
-9.151477 -5.443841 -31.830208 -17.167812 14.747486 -17.405098 -30.051697 25.488770 6.746602 -6.272390
-9.151477 -5.443841 -31.830208 -17.167812 14.747486 -17.405098 -30.051697 25.488770 6.746602 -6.272390
-9.151477 -5.443841 -31.830208 -17.167812 14.747486 -17.405098 -30.051697 25.488770 6.746602 -6.272390
-9.151477 -5.443841 -31.830208 -17.167812 14.747486 -17.405098 -30.051697 25.488770 6.746602 -6.272390
-8.330418 -5.414381 -31.290489 -18.024960 15.606747 -16.514542 -29.259865 26.907522 7.505742 -5.537202
-8.413755 -5.338676 -31.280960 -17.969801 15.603395 -16.363966 -29.289598 26.990519 7.632435 -5.556501
-8.416881 -5.345509 -31.286589 -17.970451 15.578451 -16.405134 -29.284237 26.961197 7.635364 -5.541015
-8.418893 -5.341444 -31.291481 -17.965511 15.586525 -16.412386 -29.284733 26.953352 7.627330 -5.542081
-8.418065 -5.341250 -31.289902 -17.966171 15.586457 -16.412590 -29.286474 26.952932 7.624254 -5.541709
-8.419195 -5.341066 -31.289068 -17.968002 15.586076 -16.409464 -29.288410 26.956223 7.624916 -5.543766
-8.420627 -5.341757 -31.290592 -17.966797 15.585589 -16.410633 -29.289541 26.956381 7.627001 -5.544575
-8.414609 -5.346057 -31.288397 -17.970417 15.587407 -16.409388 -29.288153 26.958292 7.624891 -5.546638
-8.415702 -5.345810 -31.288677 -17.970194 15.584517 -16.411829 -29.286196 26.953020 7.626570 -5.547124
-8.414445 -5.346558 -31.287994 -17.971098 15.584195 -16.414967 -29.285841 26.954039 7.625684 -5.544440
-8.411383 -5.348598 -31.285324 -17.974140 15.584515 -16.418365 -29.284760 26.952906 7.623761 -5.543002
-8.412894 -5.347859 -31.285532 -17.972471 15.581735 -16.416344 -29.285154 26.950922 7.624946 -5.543191
-8.409653 -5.348435 -31.282297 -17.974384 15.581571 -16.412275 -29.282669 26.951956 7.625765 -5.542366
-8.409787 -5.345121 -31.281162 -17.972225 15.582314 -16.409836 -29.282928 26.949760 7.624276 -5.540768
-8.406514 -5.346497 -31.278761 -17.975163 15.582823 -16.408594 -29.280499 26.951807 7.623669 -5.539693
-8.409026 -5.345910 -31.279074 -17.975174 15.580835 -16.407715 -29.282093 26.952036 7.626497 -5.541266
-8.408728 -5.347007 -31.280630 -17.977098 15.579743 -16.414040 -29.282236 26.952206 7.625759 -5.539877
-8.409185 -5.344882 -31.281382 -17.974804 15.583675 -16.410675 -29.281792 26.949867 7.621431 -5.542796
-8.408779 -5.345528 -31.281334 -17.974609 15.582328 -16.411211 -29.282307 26.949579 7.621550 -5.543148
-8.407147 -5.345142 -31.277992 -17.976688 15.581331 -16.409025 -29.282366 26.944874 7.620116 -5.544654
-8.409180 -5.343935 -31.278084 -17.975189 15.580275 -16.409449 -29.282715 26.942183 7.620495 -5.543688
-8.407114 -5.346392 -31.277607 -17.977365 15.579229 -16.408998 -29.281040 26.943348 7.620360 -5.543924
-8.405162 -5.347199 -31.277182 -17.977968 15.578197 -16.407719 -29.279638 26.942911 7.619254 -5.542867
-8.405289 -5.349121 -31.277678 -17.980009 15.577141 -16.411684 -29.278965 26.945307 7.619479 -5.540977
-8.404670 -5.349330 -31.277586 -17.978765 15.578969 -16.409672 -29.277840 26.942654 7.619461 -5.542787
-8.404503 -5.350554 -31.278591 -17.979721 15.578599 -16.410288 -29.276751 26.942120 7.618283 -5.543500
-8.309594 -5.520286 -31.289370 -18.080629 15.588878 -16.428928 -29.113197 26.857037 7.505204 -5.590883
-7.968174 -5.986084 -31.081854 -18.543495 15.665097 -16.542490 -28.665216 26.617550 7.146475 -5.692792
-7.399548 -6.752038 -30.799381 -19.287092 15.717774 -16.647825 -27.772829 26.000195 6.540658 -5.804759
-6.646324 -7.846647 -30.644619 -20.266104 15.652793 -16.681417 -26.251976 25.071632 5.661260 -5.969379
-5.685452 -8.870817 -30.340277 -21.383198 15.636055 -16.779358 -24.251570 23.479263 4.710019 -6.084792
-4.578471 -9.997405 -30.004873 -22.745331 15.569844 -16.959412 -21.927258 22.153160 3.976958 -5.905989
-3.757163 -11.312772 -29.539728 -24.298365 15.146642 -16.748608 -19.609179 21.020914 3.254082 -5.457764
-3.749117 -12.200048 -28.940641 -25.827633 14.894986 -16.693626 -17.866970 20.149864 2.646536 -4.944975
-3.360124 -13.145633 -28.316628 -27.644464 14.564161 -16.691179 -15.757021 19.216984 1.993622 -4.255089
-3.554325 -13.730462 -27.424191 -29.627974 14.137932 -16.674372 -13.901442 18.616938 1.548642 -3.119866
-3.385565 -14.377013 -26.248287 -31.578213 13.665026 -16.434551 -12.247781 17.448669 0.628804 -2.244223
-2.993959 -14.780394 -24.872467 -33.493015 13.198833 -16.476307 -10.721555 16.260336 -0.066317 -1.173586
-3.877591 -14.597095 -23.161045 -35.825691 12.934444 -16.782187 -8.819742 15.205634 -0.530402 1.132115
-5.079960 -14.326301 -21.409222 -37.988312 12.670227 -16.477436 -7.257969 14.125641 -1.351440 3.494104
-6.292456 -14.253146 -20.262085 -39.792507 12.425433 -16.210827 -5.862794 13.549023 -2.020739 5.420243
-7.488547 -14.239184 -18.799883 -41.747433 12.287076 -15.850596 -4.755739 12.941592 -2.490867 6.893324
-8.373184 -14.080043 -17.782375 -42.973324 12.199748 -15.511379 -3.811205 12.347095 -2.931427 8.223943
-9.111930 -13.874825 -16.986864 -43.861042 12.193439 -15.196868 -3.250680 11.940505 -3.160542 9.262158
-9.505819 -13.728024 -16.498787 -44.363628 12.184859 -14.984097 -2.893546 11.620746 -3.285451 9.896550
-9.667424 -13.702382 -16.338970 -44.568073 12.177283 -14.897884 -2.713894 11.482841 -3.343376 10.112603
-9.356043 -13.874225 -16.469706 -44.241573 12.071097 -14.912544 -2.867867 11.422912 -2.860436 9.614378
-8.182117 -14.374078 -16.587334 -43.162659 11.601052 -14.176994 -3.570696 10.987329 -1.234048 8.178541
-6.055907 -14.867240 -16.849997 -40.982838 10.454865 -12.924390 -4.905999 10.690811 1.983240 5.886840
-2.702506 -15.322617 -17.418110 -37.534813 9.192988 -10.707295 -6.451316 10.676682 5.330053 2.217433
0.094590 -15.368805 -17.287050 -35.343414 8.922732 -8.976841 -6.924038 10.824880 8.536675 -0.763296
1.678524 -15.507658 -16.685131 -34.785320 8.732257 -7.582124 -4.885920 9.124627 11.030103 -1.890168
4.280005 -15.625182 -15.442613 -34.951488 9.577918 -7.544853 -1.875991 6.521030 12.335652 -2.104838
5.495225 -15.713308 -14.430741 -34.811649 8.805207 -5.826798 0.561168 4.801915 15.092574 -2.727606
7.273875 -13.974211 -12.869644 -34.387768 9.029850 -4.962676 3.530663 2.655977 18.685539 -3.991780
7.568546 -12.182819 -11.049964 -34.965221 7.720366 -3.275028 7.269168 0.484971 22.008183 -2.626655
7.600040 -9.241660 -7.817145 -36.240746 7.161807 -2.860086 10.803302 -6.550038 21.296143 0.388657
7.434941 -6.885089 -4.576694 -37.466122 5.483521 -1.164665 12.860121 -10.837231 22.683966 3.404372
8.216195 -4.063377 -0.786535 -36.901253 5.062594 -0.250891 12.605050 -15.159402 23.890026 5.098716
8.492820 -0.163818 3.977535 -35.349422 3.651907 2.019355 9.645358 -19.172655 24.965271 6.904854
7.609261 5.283679 5.803832 -31.740824 3.158851 2.929254 4.986234 -20.189802 27.003199 8.575900
6.936478 9.348016 6.707935 -28.680401 2.796788 3.474570 0.026553 -19.863134 28.471609 9.658285
6.058065 12.024968 6.382644 -25.114210 2.244877 4.265413 -4.841199 -19.063873 28.992563 10.113606
6.333294 13.548993 6.175298 -21.255337 1.977469 5.132422 -10.254592 -18.129246 29.541336 9.119820
6.723218 14.537719 5.558770 -18.779657 1.322547 5.528750 -13.039940 -17.511005 29.895229 9.048916
6.835909 14.897367 5.560660 -18.239489 1.049389 5.608582 -13.669184 -17.504620 29.878790 9.338281
6.910400 14.952173 5.520042 -18.133240 1.018564 5.619196 -13.672316 -17.552725 29.951633 9.367549
7.157955 15.055275 5.402349 -17.812572 0.916765 5.629238 -13.786955 -17.640877 30.063362 9.390086
7.601363 15.217187 5.261594 -17.362976 0.732677 5.676857 -13.823999 -17.806002 30.275757 9.390522
8.098224 15.504326 5.034799 -16.888968 0.515274 5.609599 -13.479962 -18.151722 30.511663 9.682897
8.820664 15.852778 4.596598 -16.246696 0.095656 5.519231 -12.722430 -18.703814 30.858763 10.030728
9.563909 16.173729 4.198051 -15.607073 -0.354303 5.441868 -12.053542 -19.353174 31.119764 10.678155
10.395069 16.301254 3.817295 -15.015029 -0.973394 5.418044 -11.131037 -20.038963 31.258781 11.332757
11.402918 16.152868 3.503817 -14.541939 -1.429865 5.258219 -10.116430 -20.652765 31.176502 11.967614
12.578394 15.945829 3.094944 -13.816379 -2.040260 5.178091 -9.095760 -21.351635 31.324022 12.416633
13.855790 15.714996 2.786440 -13.174870 -2.498714 5.067215 -8.207802 -21.893871 31.682724 12.508377
15.222968 15.351203 2.568341 -12.920997 -2.899543 4.944732 -6.926823 -22.549511 31.982704 12.612739
16.557419 15.046020 2.379432 -12.519557 -3.307323 4.914392 -5.774780 -23.438148 32.260899 12.701688
17.890135 14.743717 1.930213 -11.690702 -3.711660 4.961058 -4.834377 -24.307579 32.615772 12.606799
19.212120 14.442458 1.789333 -11.168483 -4.088519 4.971683 -3.936036 -24.992651 32.947636 12.575316
20.410843 14.111591 1.739983 -10.914011 -4.484809 4.906931 -2.735587 -25.674643 33.165031 12.733411
21.264666 13.827374 1.872488 -10.833023 -4.958401 4.877696 -1.894535 -26.175272 33.124081 13.123271
22.133703 13.415133 1.702120 -10.617848 -5.286691 4.736390 -1.099327 -26.383389 33.129292 13.334926
22.594536 13.159911 1.645823 -10.573567 -5.441627 4.658700 -0.634826 -26.479038 33.093967 13.472450
22.853674 13.012366 1.573616 -10.479306 -5.520799 4.598214 -0.291568 -26.573250 33.067966 13.567363
22.978203 12.944818 1.529218 -10.488967 -5.492262 4.539411 -0.162495 -26.566057 33.075447 13.556671
23.031733 12.865086 1.573747 -10.674959 -5.449656 4.498645 -0.000104 -26.569904 33.067532 13.543700
23.038004 12.660759 1.840779 -11.254100 -5.342050 4.480151 0.335291 -26.569399 33.007229 13.525132
22.985479 12.403209 2.064207 -12.076452 -5.024883 4.308067 0.954854 -26.564713 32.949711 13.429400
23.063431 11.914594 2.234782 -13.249115 -4.543000 4.064784 2.054213 -26.501299 32.937756 13.146873
23.049952 11.242770 2.444174 -14.871493 -3.921936 3.694366 3.291796 -26.106985 32.912941 12.730187
22.923079 10.348843 2.763227 -16.890188 -3.128805 3.186228 4.637372 -25.359961 32.874210 12.190583
22.685909 9.454497 2.962777 -18.968950 -2.255483 2.468885 5.944058 -24.333035 32.420403 11.892964
22.399202 8.531561 2.630240 -20.762955 -1.436310 1.581422 7.567291 -23.278681 32.154240 11.531685
22.095013 7.650925 1.967787 -22.426813 -0.632380 0.624674 9.625391 -22.173447 31.908091 11.247938
