-0.463023 -0.288436 -39.645809 -3.527817 -0.214397 -0.718957 -5.876261 9.354415 3.594355 19.017109
0.611808 -0.534428 -40.011154 -5.778092 2.113249 -6.649397 -0.591497 10.155568 4.808597 19.906672
-0.709963 0.051178 -38.706230 -9.533796 3.112659 -11.571230 4.720942 8.468507 7.849992 20.245552
-4.057968 -0.142187 -36.906124 -14.608455 3.258396 -12.854550 11.646845 4.520896 10.674353 19.287945
-5.831658 0.296330 -35.197514 -18.099203 4.993009 -14.511183 15.643150 2.354943 14.451333 17.078094
-4.200000 -0.048001 -32.507366 -20.516916 6.868727 -14.892064 18.082575 1.121574 17.425470 13.792295
-1.453339 -0.285869 -30.247074 -21.481791 6.931640 -14.857539 19.156622 0.753946 20.190105 11.673872
2.375334 0.206838 -26.211199 -21.320803 7.346397 -12.552067 17.342522 1.305210 23.181484 9.776504
6.479318 0.863556 -22.260588 -20.541992 6.111793 -10.268574 15.777475 1.091154 26.497147 9.505660
10.116106 1.280352 -17.970379 -19.703369 2.846860 -6.873699 13.323188 0.277951 29.747185 9.586011
13.663916 0.935840 -13.014569 -19.937180 0.321912 -3.488308 11.846840 -0.507272 32.519192 8.575110
15.263878 0.758858 -9.010572 -20.259682 -3.650851 -0.278726 10.418902 -2.756515 34.552631 8.772247
15.778671 0.573332 -6.101085 -20.261423 -8.584235 2.911605 8.972413 -5.490464 35.614861 9.544823
15.558945 0.604894 -4.907166 -19.676893 -12.631503 5.037674 8.107976 -7.971205 35.686302 10.548864
15.315127 0.705374 -3.952039 -19.341402 -15.193879 6.669819 7.190435 -9.764238 35.575596 11.018034
15.375168 0.577321 -3.752083 -19.306957 -15.817009 6.967612 7.031297 -10.130541 35.344612 11.168533
15.166955 0.703855 -3.770690 -19.315451 -15.806814 7.026577 6.699064 -10.207653 35.272377 11.074738
14.651296 0.832252 -3.989448 -19.419621 -15.618460 6.990818 6.125298 -10.241845 34.926891 10.877082
13.376444 1.339003 -4.619277 -19.529020 -14.858967 6.669665 4.902255 -10.405377 34.073483 10.430143
11.998495 1.679511 -5.105218 -19.779057 -14.037623 6.572258 3.365640 -10.284096 33.280426 9.746002
10.659173 1.684145 -5.437130 -20.106424 -13.500476 6.735770 1.060834 -9.775984 32.471867 8.653978
9.436620 1.896585 -5.594655 -20.413151 -12.566578 7.031676 -1.230115 -9.389397 31.675949 7.422956
7.875681 2.103392 -5.952405 -20.858358 -11.882202 7.233276 -2.588414 -9.498440 31.046427 6.492929
7.017900 1.986039 -6.207637 -21.227161 -11.340543 7.200809 -3.187797 -9.287778 30.581753 5.795306
6.640756 1.863167 -6.280164 -21.401295 -11.034869 7.265406 -3.584336 -9.033713 30.441904 5.311988
6.491459 1.789313 -6.321443 -21.488056 -10.864453 7.278790 -3.664945 -8.902535 30.377069 5.116176
6.683949 1.566068 -6.244974 -22.033697 -8.958798 6.883811 -2.710633 -8.095879 30.719889 4.238916
8.414480 0.038083 -5.765646 -24.045692 -2.752238 5.098802 0.432443 -3.953222 31.301575 1.754955
9.510204 -1.398994 -6.307600 -25.956429 3.686897 2.922603 3.409899 0.844367 31.306259 -0.343368
7.256382 -1.931375 -10.907533 -26.485683 10.508767 -1.694258 3.479185 3.578810 26.375515 -1.422931
4.841069 -2.893467 -14.961777 -26.650866 16.055946 -5.519047 0.413452 4.756561 18.127264 -2.274872
0.124320 -3.497877 -17.470442 -27.761503 17.831959 -7.760859 -3.349035 3.441377 10.446856 -2.438096
-5.606231 -4.490889 -20.298252 -29.428543 16.629318 -9.038962 -6.427260 2.912892 4.892764 -1.978193
-13.521180 -4.041225 -24.972197 -30.079556 12.409725 -10.630560 -6.744482 -0.430988 1.705092 0.474304
-18.681501 -3.285137 -28.107769 -28.954882 10.678154 -11.409046 -8.461031 -1.480729 -1.530823 2.252856
-19.369244 -3.017632 -28.766171 -28.203114 10.404414 -11.402236 -8.637295 -1.781968 -2.544054 2.978443
-19.171007 -2.886467 -28.742865 -28.004030 10.673571 -11.517575 -8.899770 -1.603413 -2.589291 2.845131
-18.541918 -2.765113 -28.653860 -27.752571 11.712276 -12.015414 -9.755005 -0.706842 -2.892313 2.290555
-17.118067 -2.727177 -28.370472 -27.407309 13.613947 -12.791807 -10.678333 0.881592 -3.483754 1.679824
-15.510101 -2.498189 -28.345757 -26.984859 15.889531 -13.882579 -12.255869 2.788363 -3.896690 0.856206
-13.274717 -2.190507 -27.592060 -26.038025 18.037594 -14.144756 -14.386079 4.963460 -4.123120 0.114387
-10.023138 -2.085275 -25.733767 -25.317940 20.858700 -13.995405 -16.782326 7.457588 -4.332547 -0.920760
-7.799656 -2.088549 -24.127228 -25.077793 23.502316 -13.971336 -19.902220 10.279051 -4.954791 -2.146085
-5.886190 -1.986610 -22.605246 -24.731880 25.367765 -13.837268 -22.077496 12.264531 -5.213679 -2.933274
-4.708550 -2.125095 -21.906672 -24.551908 26.294558 -13.854399 -23.008799 13.495668 -5.376512 -3.218158
-4.344469 -2.120169 -21.755291 -24.408129 26.527925 -13.871846 -23.135345 13.865985 -5.325213 -3.221910
-4.340102 -2.120747 -21.753527 -24.406082 26.533932 -13.861713 -23.130972 13.867701 -5.326964 -3.223732
-4.341660 -2.121288 -21.750898 -24.410313 26.531187 -13.865928 -23.132818 13.865595 -5.325562 -3.224069
-4.340546 -2.120871 -21.749844 -24.409479 26.535009 -13.860966 -23.129185 13.865958 -5.325644 -3.224571
-4.340485 -2.120327 -21.748014 -24.409683 26.537674 -13.858006 -23.125931 13.865978 -5.324680 -3.225474
