-8.201326 -4.344272 -30.944172 -21.175631 11.550815 7.385556 7.625714 -13.610629 -13.837777 12.066887
-5.179593 -1.482337 -27.178194 -22.903362 12.616603 6.553640 8.848954 -15.402984 -16.222767 15.817210
-7.370682 2.410996 -26.120625 -18.664934 11.324747 9.811277 4.456463 -15.021463 -13.912023 17.819323
-7.742101 6.640323 -25.559008 -16.447132 13.165915 7.793933 0.913604 -12.380548 -13.620044 21.917831
-9.950586 9.062594 -28.175789 -10.867320 13.084249 6.334705 -3.546330 -10.402905 -11.252965 24.656685
-5.042789 11.363132 -27.606398 -4.123508 11.646255 6.576102 -5.463378 -13.780332 -4.762732 24.315321
-2.637058 14.868062 -26.829809 -0.146565 12.057997 6.789635 -5.885875 -14.338771 0.173342 24.584549
-0.523798 16.282017 -24.337036 1.220429 10.910489 9.277509 -6.839029 -16.783119 0.743543 25.997458
1.119755 15.641092 -25.978296 4.359357 9.314221 12.025872 -7.203816 -18.552282 3.451936 22.775177
2.341148 16.112202 -26.425217 6.894810 6.993331 12.935527 -7.478151 -20.737364 3.981069 23.403963
2.502681 16.038689 -26.614248 7.020269 6.985183 12.875114 -7.489957 -20.644487 3.831735 23.285576
3.744905 15.556047 -27.691854 8.057469 6.677886 12.932456 -7.882571 -20.441874 3.355244 22.179642
5.963240 14.605029 -29.100142 9.344269 6.276587 12.996201 -8.090393 -20.234875 2.665959 20.067307
9.248859 13.106593 -31.193106 11.149535 5.681171 12.938527 -8.641025 -19.825502 2.047961 15.963671
12.395825 11.934919 -32.755989 12.822000 5.133355 12.931009 -9.557684 -19.506170 2.151652 11.615413
14.980310 10.586082 -34.608273 14.067737 5.000691 12.838007 -10.148306 -18.837854 2.383682 6.931147
17.373047 9.424979 -35.979691 15.167775 5.287113 12.750740 -11.476011 -17.576395 2.647997 2.242755
19.379303 8.189039 -37.172150 15.953059 5.561286 12.222332 -12.704751 -16.237650 2.207195 -1.359384
20.786055 7.387863 -37.972401 16.525229 5.688069 11.728608 -13.708652 -15.186419 1.644024 -3.666757
21.198332 7.042683 -38.107780 16.505960 5.786144 11.370872 -13.950043 -14.721579 1.536715 -4.618250
20.954355 7.188536 -37.931366 16.371407 6.303909 11.167188 -14.585819 -13.903968 1.542985 -4.636741
17.087559 9.184669 -35.915653 14.555484 8.586099 10.231667 -18.050955 -10.948970 1.190388 -1.499049
11.478220 11.782794 -31.088139 10.095287 10.411936 8.642123 -18.606148 -10.517972 -0.593439 7.535150
3.426709 14.783209 -25.668840 4.539834 12.241448 8.846796 -18.763746 -10.232382 -0.024802 13.899091
-2.575896 14.377508 -19.729418 -0.012704 11.655056 5.094641 -26.289789 -10.714273 -1.835411 18.091415
-4.518874 12.580093 -13.922884 -3.129233 10.223374 8.994769 -31.771809 -12.545856 -4.093540 15.760386
-3.163175 9.683164 -9.032738 -6.375264 6.963265 10.878142 -32.645477 -17.777645 -5.448703 13.328113
-1.481448 7.127232 -10.672514 -6.636949 6.708712 10.531515 -32.391872 -17.714642 -1.710960 5.970883
0.266111 5.216830 -11.011713 -6.749795 5.101618 9.123021 -34.174168 -17.657858 -0.807769 -0.043664
0.945329 4.012217 -10.502029 -7.541337 4.227535 8.847175 -34.524620 -18.064499 -1.193966 -2.350420
1.012677 3.871638 -10.308235 -7.762257 4.044640 8.774634 -34.510773 -18.203213 -1.387854 -2.507618
0.958077 3.501645 -9.708931 -8.447733 3.915271 9.086000 -34.813137 -18.362127 -1.591918 -3.347920
1.055590 2.774341 -9.435571 -9.375010 3.931300 9.478227 -34.869213 -18.160503 -2.286691 -4.660492
0.821440 1.703683 -8.771325 -10.895157 3.939009 10.232084 -34.782265 -17.886648 -3.453854 -6.208893
-0.154512 0.874991 -8.077880 -12.637553 3.673891 11.189657 -35.271255 -17.666628 -4.953598 -7.590785
-1.798799 0.869294 -6.705840 -14.818169 3.733882 12.407987 -36.194504 -17.487383 -6.256090 -8.133387
-3.744259 1.418777 -4.502766 -17.609240 3.609954 14.301808 -36.720173 -17.526735 -7.813410 -8.709624
-5.755706 1.574551 -2.456765 -20.943653 3.407422 16.641981 -36.411438 -17.584831 -9.394998 -10.300452
-8.414144 1.644920 0.348451 -24.773071 2.208742 19.472084 -36.437748 -17.977499 -10.991735 -13.642820
-10.298952 1.810756 2.138269 -27.197744 1.335083 21.328251 -36.115849 -18.119703 -11.853885 -15.863650
-10.451303 1.862966 2.328745 -27.440153 1.270238 21.531723 -36.001945 -18.124687 -11.925577 -16.103077
-10.454017 1.888716 2.338657 -27.432310 1.284046 21.531963 -36.014549 -18.161684 -11.950201 -16.121590
-10.459746 1.899485 2.333444 -27.412241 1.288713 21.534082 -36.030956 -18.177790 -11.958593 -16.130173
-10.451737 1.896768 2.337640 -27.409883 1.281094 21.533775 -36.035248 -18.178289 -11.957292 -16.123119
-10.446192 1.883057 2.345869 -27.430702 1.258538 21.535738 -36.027180 -18.147678 -11.941285 -16.105686
0.000000 0.000000 0.000000 0.000000 0.000000 0.000000 0.000000 0.000000 0.000000 0.000000
0.000000 0.000000 0.000000 0.000000 0.000000 0.000000 0.000000 0.000000 0.000000 0.000000
0.000000 0.000000 0.000000 0.000000 0.000000 0.000000 0.000000 0.000000 0.000000 0.000000
0.000000 0.000000 0.000000 0.000000 0.000000 0.000000 0.000000 0.000000 0.000000 0.000000
0.000000 0.000000 0.000000 0.000000 0.000000 0.000000 0.000000 0.000000 0.000000 0.000000
