24.043751 -25.279984 6.095006 19.991560 13.517973 -27.580526 16.848078 4.302654 -4.627064 0.155915
25.290390 -25.482450 6.680573 18.943605 15.063748 -26.602722 17.973618 5.554368 -6.743148 1.029662
26.396366 -25.036501 7.081814 17.430655 15.374032 -25.445141 19.250463 6.713314 -8.548677 1.743190
27.841690 -24.695581 6.893531 15.452568 15.523265 -24.792068 21.198496 7.644312 -9.889462 2.388445
29.915276 -24.515644 5.256666 13.953702 15.993834 -24.838524 23.545630 5.839746 -9.938589 2.235842
31.930170 -24.212397 4.039326 10.214662 15.774818 -25.377750 27.624422 3.332067 -9.042434 -0.186243
34.441154 -23.032440 3.055671 7.982388 15.655766 -25.148262 29.049614 1.368948 -10.473588 -1.771273
36.010025 -20.551649 3.061899 4.708230 14.986998 -24.962030 30.760712 0.547939 -13.524126 -2.714863
36.384571 -17.087603 5.321444 -0.234161 13.368279 -23.634821 33.132118 2.157659 -17.700670 -2.244296
36.544624 -12.881192 7.954470 -4.584873 11.833848 -21.712143 34.272186 5.405034 -20.610342 -2.025892
36.904690 -9.067011 10.442240 -8.427512 9.643453 -20.480211 33.908382 9.444133 -23.324247 -0.597951
37.599251 -5.282006 12.503736 -10.552131 8.172029 -18.040901 32.385303 13.806958 -23.967602 0.123727
38.711098 -1.723355 12.741616 -11.015779 6.052606 -15.527422 30.801497 17.359354 -23.720705 3.390946
40.826542 1.052175 10.800134 -9.911201 1.811887 -12.736076 27.853436 19.918594 -21.771372 8.177547
41.717785 2.741852 10.328243 -7.795414 -2.157377 -8.722436 24.039927 22.161732 -18.415480 11.454135
42.631458 3.418797 10.851970 -6.029072 -4.020085 -4.035490 21.398607 22.492016 -14.270114 13.260457
43.468384 4.876723 11.623590 -5.769564 -5.569498 0.058327 19.862972 22.282938 -9.484003 12.861214
43.269489 6.775684 12.300805 -4.950370 -7.432852 3.537688 18.233620 22.874012 -5.049794 11.615038
43.145283 8.180527 12.854280 -4.377313 -8.491783 6.508473 17.349474 23.188862 -0.697686 9.465179
42.907665 10.189347 13.515119 -3.934415 -10.042998 9.473617 16.083620 22.113287 2.140396 6.750592
43.085140 11.958633 13.666271 -3.773005 -11.699381 11.673138 15.124652 20.606726 4.337089 4.281863
42.893513 14.131460 14.184263 -4.092624 -13.137300 13.650051 14.585963 18.838573 6.384676 0.876332
42.273376 16.553757 14.493495 -4.720174 -14.694508 14.690720 14.423554 16.701414 7.779361 -2.747990
42.031925 18.905117 14.034370 -4.940978 -16.080673 14.875637 13.951034 13.521262 8.037484 -6.292264
42.829544 20.189819 13.633701 -5.036945 -16.480850 15.406715 13.316907 9.695694 8.506045 -10.278989
43.637760 20.759327 13.327619 -5.210021 -16.907852 15.573252 12.533283 5.393354 8.021654 -13.906806
44.757404 20.658112 13.046157 -5.220480 -17.179728 16.135168 11.886775 0.864600 7.418570 -16.611553
45.412987 20.658772 13.118987 -5.369395 -17.634399 16.614838 11.392627 -2.067381 6.934115 -18.543930
45.626717 20.737875 13.299755 -5.506822 -17.701410 16.962597 11.295435 -3.676477 6.714566 -19.446873
45.672119 20.706173 13.469584 -5.588527 -17.672466 17.149693 11.283710 -4.473057 6.473477 -19.829302
45.696774 20.708885 13.507688 -5.636354 -17.584173 17.105257 11.296469 -4.722504 6.296980 -19.987953
45.676987 20.695698 13.542167 -5.611043 -17.512308 17.239569 11.389617 -4.752825 6.313646 -19.829489
45.487186 20.646645 13.659824 -5.482273 -17.330582 17.400503 11.603322 -4.719354 6.281985 -19.377378
45.191902 20.624191 13.856467 -5.277652 -16.817474 17.702656 12.049866 -4.564206 6.149696 -18.568285
44.702011 20.493576 14.178802 -5.052306 -16.143452 18.099905 12.712143 -4.198259 6.054851 -17.381538
43.979603 20.462301 14.629925 -4.857868 -15.074836 18.497663 13.733090 -3.686666 5.875172 -15.927459
42.880966 20.381590 15.256093 -4.683286 -13.671485 18.990602 15.230909 -2.965644 5.801645 -14.015499
41.773674 20.204630 15.789389 -4.135110 -12.479233 19.612192 16.382137 -2.198868 5.743759 -12.016392
40.329350 20.151831 16.566673 -3.625129 -11.258017 20.395035 17.609129 -0.961839 5.921154 -9.851078
38.927299 19.998789 17.262304 -2.937045 -9.830959 21.214506 18.927402 -0.079310 6.268517 -7.365077
37.614529 19.607075 17.978905 -2.248516 -8.553706 21.967432 20.071381 0.605763 6.728861 -4.813969
36.209099 18.928980 18.579674 -1.395088 -7.269252 22.502974 21.162500 1.196730 7.233462 -2.116883
34.820187 17.831495 19.003319 -0.448005 -6.334417 22.981102 22.063723 1.843193 8.299584 0.390602
33.577930 16.682648 19.289854 0.550228 -5.575772 23.377460 22.796612 2.173286 9.677326 2.611603
32.730190 15.599375 19.226910 1.552037 -4.959050 23.338133 23.311357 2.036993 10.987267 4.368554
32.033623 14.330364 18.943237 2.876630 -4.253935 23.336500 23.670490 1.535578 12.692771 6.095800
31.616013 13.464675 18.643087 3.876106 -3.697988 23.359501 23.951281 1.008711 13.999911 7.340255
31.267639 12.670695 18.310551 4.706331 -3.280791 23.291838 24.187160 0.447693 15.224922 8.228123
31.040257 12.140739 18.092838 5.126251 -3.104246 23.125563 24.303699 0.166391 16.007256 8.640014
30.904888 11.782815 17.893524 5.434517 -2.948875 22.954107 24.379311 -0.033081 16.567217 8.888351
30.855572 11.708203 17.823778 5.521327 -2.920947 22.905336 24.407839 -0.157451 16.740000 8.955109
30.954720 11.381180 17.234289 5.819200 -2.916235 22.432264 24.467773 -0.144719 17.690622 8.824447
31.544157 10.019146 15.063344 7.041779 -3.154618 20.619438 24.158499 -0.661440 20.297241 8.369843
33.208038 8.320703 10.809748 8.860103 -3.732972 16.478382 23.042940 -2.120569 23.660566 6.871653
35.367176 5.960195 5.967247 10.100252 -5.650267 11.347977 21.573198 -3.856656 26.493364 4.723927
37.634239 2.843357 1.195763 12.219184 -7.304697 6.823502 19.384533 -3.775607 28.211863 3.403446
39.801971 0.788016 -3.144173 13.984317 -8.581757 2.430629 17.556227 -2.102503 27.480169 3.839900
40.108406 0.751096 -6.481111 14.787139 -9.976896 -2.973595 16.728287 0.061042 23.399229 5.014008
38.312801 0.204630 -8.112127 14.495708 -13.816345 -6.883627 16.540348 0.660514 16.668797 7.237907
35.009834 -1.334232 -7.928671 14.766233 -17.158709 -8.527063 17.531696 -1.286753 12.451024 10.937580
30.915258 -2.658849 -6.517995 14.713915 -18.754713 -9.012531 19.720942 -5.659911 9.166099 14.652480
27.666704 -2.765754 -3.944267 14.519320 -16.907320 -8.134301 22.733162 -10.905182 5.756236 17.264837
25.017464 -3.028765 -1.085631 13.369776 -13.642048 -6.719677 26.741917 -15.808745 4.688518 17.504538
23.405994 -2.787747 1.195829 11.698637 -11.160691 -5.892384 30.020081 -20.606352 3.530990 15.820595
22.665340 -3.684651 3.805878 11.229664 -8.415442 -4.524098 30.960329 -24.605789 0.310559 14.176693
22.237732 -4.506199 6.888374 11.288401 -6.120467 -2.805403 29.877359 -27.107775 -4.147984 12.073690
21.297901 -4.838678 10.437781 11.821868 -3.882194 -0.802936 28.384464 -28.044090 -9.139392 10.513850
19.739798 -4.884006 14.232376 11.923347 -2.669972 1.371192 27.078295 -27.802746 -13.260636 9.474597
17.911465 -4.364563 17.387899 12.035155 -1.798284 3.196295 26.254040 -27.433365 -15.401721 8.817621
17.300098 -4.196987 18.596163 12.366820 -1.136890 3.936248 25.657639 -26.900484 -16.210482 8.497540
17.195602 -4.219662 18.841150 12.568729 -0.896509 4.064876 25.343039 -26.674196 -16.383101 8.363355
17.107994 -4.034110 18.845592 12.602812 -0.952314 4.061231 25.346577 -26.728291 -16.434898 8.442959
16.798674 -3.541263 18.851662 12.738294 -1.015868 3.981609 25.333057 -26.746149 -16.464773 8.615069
16.299082 -2.703019 18.660122 13.139114 -1.271031 3.842239 25.197109 -26.572590 -16.354362 9.137940
15.776717 -1.389733 18.076519 13.791010 -1.596982 3.515046 24.962185 -26.057932 -15.748117 9.822303
15.033166 0.487641 17.450718 14.556387 -1.896233 3.103382 24.716433 -25.452093 -14.643416 10.465185
14.369907 2.523166 16.587152 15.544319 -2.615789 2.753230 24.157282 -24.936653 -13.544198 11.159336
13.710691 4.644436 15.888854 16.558851 -3.422788 2.763630 23.400517 -24.216846 -12.355655 11.761806
13.078127 6.328099 15.341202 17.664181 -3.885001 2.882922 22.649710 -23.552261 -11.127057 12.370412
12.279481 8.134197 14.951946 18.361898 -4.774632 3.150736 22.112911 -22.797407 -9.816247 13.063520
11.359216 10.176685 14.754113 18.967625 -5.774918 3.554228 21.493793 -21.618740 -8.663230 13.715939
10.800981 11.778890 14.377611 19.622099 -6.600071 3.792000 20.887129 -20.484715 -7.537802 14.373150
10.198565 13.421779 14.085429 20.259840 -7.322565 4.121747 20.418173 -19.030521 -6.127635 15.030191
9.347410 14.893270 14.218959 20.672804 -7.822533 4.603804 20.206821 -17.444811 -4.968032 15.691929
8.312770 16.341751 14.641865 20.956705 -8.009188 5.059873 20.126114 -15.523869 -3.932518 16.415560
7.214852 17.886005 15.057857 21.267141 -7.909896 5.488043 20.205877 -13.303007 -2.679721 17.447939
6.477003 19.094730 15.399655 21.701321 -7.549227 5.924782 20.121578 -11.744074 -1.949744 18.186636
5.846555 20.161129 15.633884 22.188801 -7.346189 6.337128 19.910185 -10.414430 -1.327299 18.870497
5.561200 20.542715 15.724243 22.433472 -7.169191 6.571214 19.874783 -9.733699 -0.865501 19.243080
5.394020 20.667343 15.815014 22.592905 -7.046287 6.656592 19.803036 -9.373490 -0.712009 19.406536
5.384689 20.707985 15.800979 22.650705 -7.041208 6.685546 19.755505 -9.331668 -0.683170 19.430990
5.385004 20.708235 15.800151 22.651091 -7.041116 6.685052 19.755520 -9.331701 -0.681776 19.430624
5.385326 20.706621 15.799417 22.653568 -7.040420 6.685793 19.754013 -9.330440 -0.678150 19.430359
5.385874 20.706890 15.799686 22.654888 -7.040081 6.686239 19.751312 -9.329330 -0.680064 19.430151
5.384998 20.705107 15.800805 22.653652 -7.041845 6.686941 19.752327 -9.328839 -0.680774 19.431360
5.384460 20.704895 15.800838 22.653645 -7.042679 6.687012 19.752758 -9.329472 -0.679825 19.431820
5.382751 20.702181 15.802688 22.652353 -7.044453 6.688550 19.754841 -9.328553 -0.678149 19.433483
5.383122 20.702183 15.802806 22.652929 -7.044210 6.688933 19.754045 -9.327474 -0.677790 19.433218
5.383356 20.703163 15.802972 22.653879 -7.044510 6.689600 19.752251 -9.327594 -0.678868 19.433165
5.381549 20.702053 15.804362 22.652946 -7.047041 6.690558 19.752909 -9.329557 -0.680117 19.434469
