-0.824597 -1.723725 -43.309174 -8.043633 -1.962930 3.679140 4.334707 4.366607 -2.933610 22.246571
0.172377 -2.368840 -44.758011 -8.255644 -2.842396 0.386375 4.838778 4.319397 -2.526130 20.438522
0.927187 -2.575580 -46.515476 -8.434273 -3.280535 -2.539843 5.992123 5.003064 -0.988214 17.799870
0.681715 -2.347297 -47.697784 -9.192470 -3.883327 -5.630704 7.512710 5.078528 1.158736 16.230625
-0.097514 -1.237834 -48.083645 -10.083470 -4.024875 -8.732350 9.198033 5.358553 4.607660 15.419533
0.398575 0.837671 -45.880409 -13.236098 -2.604602 -13.548022 12.066351 6.330180 7.129625 17.878923
-1.211450 2.344550 -43.682842 -15.238979 -1.376508 -15.871703 13.569876 6.415652 10.148663 19.368172
-2.811145 3.448155 -41.327442 -17.428507 0.199702 -18.024891 15.644593 5.510238 12.823762 21.493927
-3.850025 3.383788 -38.577641 -20.126045 1.643888 -19.174889 17.867510 3.866341 14.238965 23.251282
-3.170950 3.317891 -35.876999 -22.178066 3.267161 -19.734755 20.189358 2.195986 15.440401 24.327995
-1.397312 2.926105 -33.291836 -23.150057 4.071437 -19.342531 21.447527 0.598395 16.886261 23.907539
0.085784 2.822111 -30.834978 -24.121828 4.751110 -18.671793 22.434271 -0.915959 18.617661 22.950985
1.778228 2.795378 -29.023733 -24.044956 5.373609 -17.513126 22.372065 -1.130260 21.743633 20.582491
1.747753 3.729997 -27.920181 -22.786884 5.479505 -15.623453 21.458595 -1.550327 24.628895 18.645226
1.295262 4.648600 -26.814688 -21.571909 5.381433 -13.254526 20.448540 -2.074648 27.865126 16.972403
1.462432 5.541857 -26.157387 -20.261011 4.545966 -11.235206 19.430080 -2.747889 30.090469 15.689576
1.855395 6.139779 -24.237986 -20.369364 3.447661 -9.466101 19.116201 -4.610659 31.447733 15.435054
2.396149 6.520821 -21.608845 -20.533436 1.349888 -6.876850 18.696751 -6.886565 32.664104 16.379700
4.058665 6.308603 -19.462942 -20.874989 -0.520385 -4.653895 18.648600 -8.207740 33.140034 16.746395
5.412571 6.271357 -15.999197 -22.218956 -2.705610 -2.249917 18.487671 -10.106832 33.723026 17.372023
7.386977 5.745672 -12.644177 -23.467947 -4.777583 -0.035091 18.159039 -11.498137 34.260757 17.378731
10.040830 5.512981 -9.759166 -23.722139 -6.479286 1.924199 16.934980 -12.509486 35.078232 17.154768
12.393707 5.754725 -7.151141 -23.375576 -7.769834 3.487168 15.034947 -13.391338 35.898853 17.398006
14.630065 6.410148 -5.467860 -21.722670 -9.076375 5.135296 12.721468 -13.820484 37.290440 16.959316
16.471338 7.092466 -4.343287 -19.442854 -10.165446 6.480194 10.004129 -14.197386 38.493130 16.550531
17.670292 7.876416 -3.901554 -16.871296 -11.404504 7.734404 7.571675 -14.667778 39.399509 16.688978
18.573078 8.590966 -3.612960 -14.777499 -12.383554 8.607277 5.537566 -15.294791 39.650352 16.812935
19.462420 9.506606 -3.357237 -12.942719 -13.352005 9.142570 3.879682 -15.731392 39.973934 17.251900
19.740433 9.972212 -3.338536 -11.739775 -13.940456 9.538206 2.632398 -15.774827 40.094280 17.311199
19.838116 10.201516 -3.490716 -10.965254 -14.176302 9.707239 1.927288 -15.729600 40.127819 17.263496
19.951414 10.271185 -3.594125 -10.667654 -14.245413 9.715711 1.732770 -15.706676 40.170612 17.233580
19.826269 10.337940 -3.570680 -10.651320 -14.251884 9.765469 1.587583 -15.678631 40.173626 17.219875
19.567263 10.477305 -3.523596 -10.751035 -14.129273 9.802443 1.238656 -15.525047 40.209965 17.090725
19.066084 10.745358 -3.480688 -10.832852 -13.945957 9.858935 0.764782 -15.351899 40.267551 16.952604
18.169920 11.164851 -3.336371 -11.098345 -13.599923 9.989730 0.028975 -15.078619 40.282543 16.746576
17.242777 11.501214 -3.494291 -11.285581 -13.097482 9.922194 -0.752228 -14.555599 40.238697 16.399010
15.934290 11.929968 -3.519552 -11.515120 -12.565527 9.916913 -1.816360 -14.053411 40.010372 16.085587
14.455934 12.323752 -3.549435 -11.930674 -11.905546 9.829803 -2.711270 -13.517256 39.746979 15.734097
12.955903 12.812137 -3.331834 -12.483082 -11.154865 9.704695 -3.794646 -12.912441 39.478119 15.317253
11.700185 13.181608 -3.215111 -12.774178 -10.433419 9.609697 -5.037582 -12.209481 39.179668 14.832544
10.309426 13.504495 -3.082350 -12.866740 -9.819753 9.770057 -6.404474 -11.565890 39.066448 14.401610
8.850923 13.784690 -2.945557 -13.235076 -9.174519 9.934341 -7.362613 -11.105372 38.934532 13.899949
7.374876 14.010938 -2.718872 -13.806167 -8.486995 10.048807 -8.550016 -10.348039 38.821236 13.325063
6.048057 14.144681 -2.480514 -14.202537 -8.057961 10.286040 -9.829376 -9.714020 38.683224 12.841638
4.939347 14.110411 -2.393206 -14.534809 -7.468856 10.307576 -10.712820 -9.148843 38.501537 12.193992
3.825289 13.913330 -2.178576 -15.050715 -6.924020 10.353023 -11.448791 -8.561798 38.180309 11.525860
3.076484 13.661809 -2.125798 -15.374116 -6.577952 10.407390 -11.826465 -8.139561 37.977146 11.094066
2.458118 13.463828 -1.964755 -15.802544 -6.366378 10.478791 -12.113017 -7.892764 37.757191 10.772370
1.932275 13.352111 -1.863644 -16.220263 -6.193020 10.445913 -12.037566 -7.816885 37.545300 10.743863
1.607771 13.256952 -1.781758 -16.528023 -6.055925 10.419921 -11.948946 -7.741916 37.398296 10.688853
1.515664 13.204204 -1.745665 -16.624739 -6.026204 10.416993 -11.951650 -7.709959 37.321766 10.649873
1.417788 12.813052 -1.750842 -17.212616 -5.843268 10.373463 -11.280730 -7.584339 37.354149 10.492629
1.094716 11.576777 -1.205695 -19.820093 -5.420004 10.069810 -8.443438 -7.807081 37.020214 10.746354
2.003924 9.378535 -0.667221 -23.881514 -5.369784 9.274065 -2.728473 -8.539881 36.458759 11.724349
3.141897 6.516681 -0.311591 -27.734289 -5.025309 8.467669 2.250569 -8.913757 36.146671 11.346194
4.226928 2.358346 -1.083512 -30.698023 -3.864460 7.554234 7.022863 -8.887845 34.889500 9.512262
4.028005 -1.904111 -3.469414 -33.090652 -2.524933 6.437229 11.091658 -8.614892 33.064198 7.334579
2.036659 -4.261454 -7.805224 -33.568882 -0.478011 4.369346 12.979762 -7.201193 32.013336 4.394499
0.783995 -6.498383 -11.169640 -33.595238 2.051029 2.868282 12.205081 -5.363504 30.391020 0.051814
0.659967 -8.658865 -14.091048 -32.307224 5.332520 0.574274 10.042785 -3.253839 27.857628 -4.388282
0.223125 -9.945415 -17.107828 -30.564802 7.572621 -1.517010 6.758745 0.942471 26.486179 -8.137760
-1.311001 -12.344146 -19.479723 -30.112160 10.241885 -3.783977 3.224905 2.049403 22.269251 -10.778920
-2.102102 -13.698004 -19.509275 -30.915485 10.941945 -4.976511 0.061763 1.559320 16.898335 -9.289960
-1.986745 -13.493785 -19.483795 -31.403065 12.168845 -7.165651 -2.740944 2.093365 12.918081 -8.334023
-2.605376 -14.048158 -19.408962 -32.088779 12.106765 -8.099396 -5.714373 4.260405 10.160905 -7.400272
-3.807656 -14.574264 -20.143309 -32.896038 12.237288 -9.362434 -7.567060 6.066332 7.705766 -6.747839
-6.787826 -14.382529 -20.509405 -35.096642 12.807023 -11.313721 -6.873659 5.272496 4.283134 -4.076492
-10.473022 -13.595598 -19.971907 -38.316761 13.727877 -13.394298 -5.155092 5.008040 0.869590 0.249495
-12.896685 -13.119953 -19.984215 -40.175365 14.561517 -14.336320 -3.633923 5.080013 -2.208245 2.627544
-14.039253 -12.789524 -19.889484 -41.207840 14.909171 -14.956027 -2.719713 5.252355 -3.943811 4.201229
-14.333411 -12.603656 -19.762459 -41.418415 15.048705 -14.924198 -2.488946 5.167090 -4.480348 4.731290
-14.145969 -12.622293 -19.901903 -41.199177 15.056897 -15.000119 -2.633006 5.238452 -4.420272 4.513035
-13.693313 -12.710433 -20.353786 -40.634823 15.064624 -15.173852 -2.886401 5.331071 -4.311079 3.879393
-12.970638 -12.848649 -21.211048 -39.646709 15.026202 -15.409682 -3.351564 5.626384 -4.024153 2.801468
-12.133271 -13.010018 -22.368507 -38.352268 15.209448 -15.838067 -4.290858 6.295045 -3.526755 1.323403
-11.009310 -13.149341 -23.976212 -36.507984 15.333353 -16.263725 -5.453293 7.226664 -2.929146 -0.315533
-9.718759 -13.417155 -25.184576 -34.661736 15.205295 -16.246241 -6.758052 8.150873 -1.980949 -2.118528
-8.708817 -13.836625 -27.009638 -32.724758 15.231212 -16.481388 -8.299402 9.482731 -1.048608 -4.497409
-7.716204 -14.153364 -28.565081 -30.666607 15.373112 -16.209385 -10.196360 10.744654 -0.621205 -6.738091
-7.363734 -14.160194 -29.684887 -28.983189 15.642919 -15.946588 -11.481604 11.763422 0.084223 -8.022307
-6.768713 -13.887445 -30.663567 -27.160492 15.926592 -15.944057 -12.792852 12.673438 1.022943 -8.998283
-5.993481 -13.459910 -31.236126 -25.262711 16.113241 -15.765085 -14.474185 13.277654 1.581669 -9.933151
-6.153712 -12.399584 -31.662403 -23.596853 16.344519 -15.825308 -16.382746 14.048081 2.152491 -10.309144
-6.425170 -11.512883 -32.346294 -22.233768 16.478325 -15.972070 -18.217884 15.338286 2.845554 -10.699459
-7.567071 -10.121917 -32.744133 -20.911243 16.563881 -16.074322 -20.470297 16.733942 3.676687 -10.711793
-8.792196 -8.723459 -32.867687 -19.755541 16.300097 -15.805038 -22.617441 17.953699 4.439043 -10.357631
-10.184440 -7.420899 -33.206512 -18.765335 16.121090 -15.755963 -24.592108 19.501038 5.201945 -9.873069
-11.221043 -6.408241 -33.502758 -18.081656 16.115774 -15.878073 -26.141251 20.720013 5.747106 -9.606249
-11.836069 -5.663651 -33.761452 -17.503002 15.993141 -15.842194 -27.024092 21.462824 6.215607 -9.353410
-12.110180 -5.206323 -33.849834 -17.105536 15.837396 -15.694466 -27.439823 21.745911 6.546907 -9.122598
-12.171638 -5.069440 -33.810432 -17.039606 15.780014 -15.645751 -27.562441 21.829306 6.627351 -9.033832
-12.172204 -5.068077 -33.808758 -17.039522 15.778792 -15.644848 -27.564219 21.827896 6.625980 -9.031859
-12.168448 -5.068100 -33.806732 -17.038763 15.781514 -15.636054 -27.562098 21.827818 6.624301 -9.034329
-12.169483 -5.067826 -33.807156 -17.038540 15.779240 -15.638981 -27.562771 21.827614 6.625259 -9.032172
-12.172086 -5.069286 -33.807281 -17.039980 15.777379 -15.639564 -27.563040 21.824453 6.628988 -9.034287
-12.173552 -5.067613 -33.807423 -17.039656 15.776061 -15.642292 -27.563679 21.824892 6.630587 -9.032259
-12.173475 -5.066108 -33.808704 -17.038288 15.775967 -15.642507 -27.563091 21.825314 6.630060 -9.030091
-12.173120 -5.066307 -33.808697 -17.038246 15.775557 -15.641267 -27.563246 21.823244 6.630680 -9.032819
-12.174952 -5.068438 -33.809547 -17.038616 15.770503 -15.646904 -27.564602 21.819345 6.631357 -9.032819
-12.176684 -5.067697 -33.810841 -17.037598 15.767162 -15.651527 -27.564837 21.816925 6.633154 -9.030177
