9.116591 -14.889716 4.976220 22.984268 -0.355482 -19.996025 24.436661 6.544952 17.829926 11.201643
9.250788 -15.161958 4.473886 20.997875 -0.626857 -22.497894 25.850052 5.780303 17.970659 9.161148
10.086842 -15.825881 3.639435 20.970467 -0.072801 -24.334097 25.410820 5.489022 17.686872 7.480363
11.096900 -16.379499 2.682311 21.111458 0.351182 -26.423397 24.367018 5.491451 16.787683 5.772196
12.532744 -17.104715 1.733404 21.277586 0.540527 -28.646517 22.534365 5.677131 14.360216 4.761328
13.533538 -17.012165 2.104208 21.812286 2.369804 -29.944862 20.146132 6.857502 11.595944 2.485766
14.393511 -17.462944 2.800571 22.085665 3.422483 -30.786018 18.116884 5.702852 8.407158 0.337225
15.558830 -18.007729 3.543697 21.049910 2.135383 -32.441643 15.756124 4.585212 3.491054 -1.522662
16.753822 -15.826076 3.297927 19.256205 0.025464 -35.546261 13.271578 2.004409 -2.303722 -5.542704
14.389526 -12.114959 5.704240 15.627267 -5.910576 -36.239925 12.318391 3.718618 -9.784216 -3.508730
11.998491 -7.450915 10.251933 11.926525 -8.110645 -34.704315 12.322467 4.830382 -15.932220 -3.041950
10.275901 -3.760780 14.137901 11.870691 -4.275787 -32.049698 11.944757 6.144811 -14.417443 -5.722599
10.043493 -2.490219 16.676779 15.313175 1.628982 -28.273991 9.800742 8.434552 -10.876332 -8.076024
8.983529 -2.056603 17.833128 18.676247 3.014584 -24.780127 7.962459 12.583671 -8.501624 -6.182633
7.424271 -0.649533 18.255564 19.968332 0.925623 -22.924217 6.633883 17.278894 -9.195346 -2.795444
4.597003 0.848583 20.047922 19.040421 -2.647458 -20.811234 7.018033 20.723753 -9.914014 1.183876
1.371603 0.348197 21.776897 17.997149 -6.603614 -18.599480 8.860303 23.344334 -8.346788 5.673832
-1.087502 -0.986118 21.923512 17.724119 -10.453650 -17.289520 10.508016 25.066841 -5.431493 9.838043
-1.914962 -1.675086 21.522724 17.903879 -12.150782 -16.836086 11.271445 26.165699 -3.707296 12.204084
-1.961500 -1.783202 21.352036 17.876110 -12.384102 -16.806713 11.531153 26.222137 -3.354568 12.585594
-1.969618 -2.031673 21.520876 17.862488 -12.270223 -16.733303 11.488517 26.240683 -3.495431 12.524570
-1.978639 -2.679328 21.985064 17.775019 -12.028339 -16.578339 11.365267 26.296974 -3.949898 12.330086
-1.774148 -3.797879 22.675972 17.551245 -11.740737 -16.352236 11.093199 26.141808 -4.640273 11.805323
-1.634011 -5.220916 23.654173 17.122797 -11.636816 -15.849682 10.833628 25.929552 -5.334561 11.152699
-1.536677 -6.889220 24.965424 16.501360 -11.441031 -15.105129 10.666183 25.521358 -5.939891 10.150464
-1.488668 -8.660800 26.182858 15.746520 -11.615959 -14.445434 10.532413 24.971355 -6.337805 9.110506
-1.425012 -10.325221 27.525410 14.678300 -11.906970 -13.543316 10.663735 24.177109 -6.732820 7.952236
-1.767890 -11.969440 29.216368 13.684829 -12.150339 -12.622021 10.804938 23.436686 -7.250257 6.934374
-1.803745 -13.577875 30.813803 12.757524 -11.975959 -11.747194 10.959901 22.552338 -7.953273 5.780071
-1.779120 -15.152271 32.343548 11.931041 -11.549161 -10.711071 11.301117 21.348286 -8.670300 4.828776
-1.622600 -16.957970 33.843189 11.064507 -10.601461 -9.530651 12.009993 19.846298 -9.112853 3.683715
-1.281698 -18.599030 35.081123 9.994720 -9.741096 -8.424854 12.969845 18.243841 -9.173072 2.450316
-0.893749 -19.747992 35.957981 9.186952 -9.002395 -7.456876 13.710811 16.868582 -9.161944 1.490777
-0.550344 -20.986462 36.677322 8.399093 -8.567377 -6.727701 14.402534 15.659761 -9.186673 0.708327
-0.138921 -21.945211 37.180088 7.790987 -8.072223 -6.098301 14.943001 14.313235 -9.197743 -0.086958
0.319529 -22.969906 37.701096 7.171053 -7.627964 -5.429718 15.475950 13.011118 -9.195761 -0.872291
0.753168 -23.861568 37.916759 6.880749 -7.286411 -4.911718 15.886542 11.807537 -8.978284 -1.369865
0.996206 -24.361546 37.924168 6.864072 -7.049460 -4.714982 16.036955 10.826513 -8.893249 -1.667759
1.238455 -24.668655 37.897152 6.819016 -6.865068 -4.599662 16.134642 10.182197 -8.872529 -1.890363
1.326964 -24.802782 37.886517 6.811290 -6.799182 -4.569396 16.157267 9.931838 -8.850131 -1.998320
1.205828 -24.432808 37.721821 7.059509 -6.599599 -5.022964 15.907646 9.699476 -8.958776 -2.311720
1.044655 -23.256582 37.212162 7.828976 -5.889612 -6.480242 15.010113 8.666076 -9.548068 -3.516652
1.201544 -20.980919 35.801743 9.459856 -4.486562 -8.873754 13.433596 6.969037 -10.056223 -5.154707
1.528622 -18.615608 33.693806 11.517210 -4.160226 -11.720551 11.080317 4.842866 -10.534768 -6.344376
1.898433 -16.242622 30.759964 13.515147 -4.917584 -14.753773 9.078569 2.857433 -11.251807 -5.812195
0.788656 -13.813105 28.725599 14.706084 -6.995944 -16.833193 8.621925 1.556039 -11.590822 -3.719595
0.845955 -11.629895 25.570583 17.029079 -9.763810 -19.334545 6.318607 0.951746 -13.008156 -0.763011
3.077076 -11.978796 19.902815 23.206017 -10.276857 -21.492523 1.812825 0.994428 -10.868742 2.063144
4.087188 -11.947799 15.188106 27.425859 -9.979952 -24.188713 -0.326725 1.668287 -5.797569 1.365558
4.316607 -10.468836 10.956109 30.128445 -8.041294 -26.924288 -0.658318 4.597617 6.927585 -3.312687
0.689147 -8.976308 11.225981 31.355543 -7.311234 -24.667440 2.297448 3.249831 16.436090 -3.829571
-3.632559 -7.932949 14.306891 30.740805 -8.341669 -21.682999 4.768532 2.514873 18.144806 -2.113533
-6.749830 -6.835106 17.579473 29.190296 -9.087907 -18.663988 7.216790 1.989673 17.893560 -1.015512
-8.888272 -4.827068 20.642920 26.783981 -8.676347 -16.499216 10.355470 1.564954 13.575887 -0.204592
-10.582931 -1.845080 22.717051 25.059631 -9.231189 -14.765561 12.092715 2.586888 7.520515 2.222001
-11.890027 -1.699664 25.077013 22.013153 -12.172035 -12.670219 13.713243 1.778867 7.208256 1.946385
-13.046806 -2.484268 27.376892 19.608431 -14.912926 -10.594884 14.721848 0.563754 8.954364 0.661824
-13.491762 -2.658640 29.086987 17.704285 -17.406902 -9.073176 14.512575 0.443171 10.562271 -0.765916
-13.449144 -2.516019 29.911983 16.738468 -18.419943 -8.374279 14.273798 0.438800 10.889852 -1.555202
-13.491757 -2.347355 30.063942 16.617922 -18.690109 -8.254297 14.154421 0.540214 10.964341 -1.635530
-13.516154 -2.274840 30.109734 16.609743 -18.723717 -8.215572 14.099274 0.482108 11.031743 -1.740834
-13.589368 -1.907571 30.248234 16.588194 -18.779667 -8.069249 13.957968 0.349501 11.257136 -2.016388
-13.782758 -1.275551 30.518969 16.595110 -18.770096 -7.632913 13.838580 0.360901 11.793630 -2.221600
-14.252351 -0.007691 30.734015 16.995632 -18.680532 -7.218289 13.554533 0.290462 12.454578 -2.354687
-14.502754 1.879140 30.733023 17.921280 -18.154648 -6.931202 12.627490 0.445473 13.245983 -2.790670
-14.679858 3.436375 30.568636 19.077982 -17.672880 -6.906400 11.331526 0.781511 13.698452 -3.000061
-14.771766 4.969749 30.211208 20.489613 -17.020674 -7.419616 9.583360 0.953255 13.124208 -3.203086
-14.127166 6.110767 29.749674 22.338089 -15.574415 -7.967493 7.271153 1.156036 11.835365 -3.695603
-13.398461 7.030864 29.519621 24.065226 -13.928581 -8.308172 5.109735 1.007739 10.534139 -4.371306
-12.503891 7.734017 29.739971 24.965042 -11.729028 -8.610708 3.575567 0.505700 9.038236 -5.712103
-11.534119 7.878055 30.045982 25.207844 -9.270203 -9.140484 2.738847 -0.303573 7.759735 -7.565414
-10.324726 7.536421 30.580135 25.114084 -6.698822 -9.830359 2.002341 -1.511874 6.372136 -9.864525
-8.872660 6.855544 31.123899 24.664261 -3.857800 -10.733611 1.560536 -2.643565 4.953141 -12.484398
-7.661310 6.522533 31.922525 24.276737 -0.923531 -11.254575 1.216607 -3.589184 3.613986 -14.869730
-6.351928 6.302547 32.549927 23.880030 1.830531 -11.692150 0.813001 -4.504142 2.521406 -17.249987
-5.262204 6.264832 33.037220 23.250267 4.027148 -12.086771 0.810004 -5.461075 1.906792 -19.489454
-4.030234 6.247663 33.710995 22.576912 6.819749 -12.349346 0.873747 -6.394452 1.319308 -22.001318
-2.990040 6.464153 34.247349 22.134092 9.273377 -12.567636 0.859462 -7.176831 0.901023 -24.089914
-2.324815 6.617922 34.569363 21.916384 10.818232 -12.669979 0.775731 -7.652326 0.547537 -25.319311
-2.131819 6.731354 34.628746 21.819977 11.232657 -12.716308 0.786479 -7.788492 0.508361 -25.708796
-2.129571 6.733866 34.625214 21.813868 11.235022 -12.726489 0.790948 -7.794138 0.521876 -25.720665
-2.134508 6.736676 34.624317 21.806141 11.234245 -12.733462 0.802560 -7.802035 0.543618 -25.728771
-2.139882 6.729712 34.625103 21.804037 11.227756 -12.733568 0.809738 -7.803088 0.559514 -25.724995
-2.139828 6.728556 34.618755 21.798891 11.223169 -12.743938 0.813368 -7.801238 0.573034 -25.726896
-2.142957 6.719842 34.617001 21.807009 11.217875 -12.740194 0.810065 -7.795410 0.580406 -25.715418
-2.141817 6.712938 34.612804 21.812439 11.214587 -12.742907 0.803011 -7.790675 0.584627 -25.712011
-2.138700 6.708479 34.608322 21.821655 11.215997 -12.742409 0.792806 -7.788110 0.586363 -25.713011
-2.133361 6.702943 34.604462 21.832886 11.217916 -12.738528 0.779415 -7.781936 0.582025 -25.711649
-2.133673 6.696879 34.599983 21.838369 11.213156 -12.738898 0.776441 -7.775328 0.585193 -25.701572
