-8.985565 -5.307883 -31.762672 -17.099195 15.085713 -17.001577 -29.864128 25.698927 6.704477 -6.192606
-8.985565 -5.307883 -31.762672 -17.099195 15.085713 -17.001577 -29.864128 25.698927 6.704477 -6.192606
-8.985565 -5.307883 -31.762672 -17.099195 15.085713 -17.001577 -29.864128 25.698927 6.704477 -6.192606
-8.985565 -5.307883 -31.762672 -17.099195 15.085713 -17.001577 -29.864128 25.698927 6.704477 -6.192606
-8.985565 -5.307883 -31.762672 -17.099195 15.085713 -17.001577 -29.864128 25.698927 6.704477 -6.192606
-8.191106 -5.250470 -31.227633 -17.963850 16.010870 -15.946633 -29.140757 27.227118 7.417956 -5.567996
-8.286780 -5.179782 -31.231236 -17.905209 15.997085 -15.812603 -29.171585 27.310453 7.568784 -5.606702
-8.283881 -5.185571 -31.229517 -17.913431 15.984777 -15.837739 -29.164507 27.287394 7.564269 -5.591500
-8.289212 -5.182938 -31.232891 -17.910538 15.986677 -15.852348 -29.167997 27.274654 7.558005 -5.594079
-8.290499 -5.183504 -31.234230 -17.911385 15.984041 -15.860472 -29.167641 27.272079 7.557315 -5.591281
-8.291091 -5.183529 -31.234045 -17.911636 15.983577 -15.857108 -29.168749 27.275518 7.558683 -5.592968
-8.291033 -5.182344 -31.233418 -17.910049 15.984967 -15.856887 -29.169952 27.276278 7.558810 -5.590639
-8.285713 -5.186640 -31.230776 -17.914181 15.984659 -15.858498 -29.168934 27.275684 7.557137 -5.591278
-8.286654 -5.186397 -31.232534 -17.912916 15.982849 -15.859371 -29.168358 27.272554 7.558592 -5.593610
-8.285277 -5.186715 -31.232059 -17.913548 15.983067 -15.860500 -29.168852 27.274685 7.556435 -5.591441
-8.281868 -5.187819 -31.229797 -17.916204 15.985635 -15.860849 -29.167692 27.275549 7.554506 -5.591198
-8.284257 -5.187216 -31.229973 -17.915100 15.982075 -15.860016 -29.167370 27.272493 7.557168 -5.591357
-8.281711 -5.187706 -31.227215 -17.916613 15.980717 -15.858268 -29.165293 27.273323 7.558946 -5.591027
-8.283191 -5.184271 -31.226173 -17.915033 15.979963 -15.859345 -29.165462 27.269396 7.558536 -5.587555
-8.280133 -5.185612 -31.223785 -17.917856 15.980475 -15.858348 -29.164579 27.271872 7.557534 -5.586543
-8.281418 -5.183493 -31.223579 -17.917330 15.981179 -15.853653 -29.165165 27.273952 7.558606 -5.585927
-8.279449 -5.185513 -31.223902 -17.919430 15.980463 -15.858622 -29.165295 27.273848 7.556377 -5.584641
-8.279481 -5.183156 -31.223520 -17.917418 15.984330 -15.855060 -29.164385 27.270552 7.552058 -5.586369
-8.279132 -5.184471 -31.224018 -17.916813 15.982963 -15.855041 -29.165266 27.270418 7.552898 -5.588021
-8.277411 -5.183877 -31.221712 -17.918682 15.982183 -15.853805 -29.164234 27.266285 7.551405 -5.588609
-8.278715 -5.182563 -31.221983 -17.916927 15.981589 -15.853950 -29.164364 27.263943 7.551579 -5.588099
-8.275932 -5.185297 -31.221579 -17.918619 15.980717 -15.851781 -29.162434 27.265419 7.550852 -5.588904
-8.274100 -5.186082 -31.221073 -17.919390 15.979424 -15.851131 -29.161192 27.265057 7.549658 -5.587986
-8.273922 -5.188018 -31.220715 -17.921827 15.979074 -15.852973 -29.161118 27.267986 7.549352 -5.587337
-8.273767 -5.187801 -31.220480 -17.920166 15.979904 -15.852489 -29.160788 27.264851 7.549318 -5.588502
-8.273426 -5.189082 -31.221491 -17.921192 15.979666 -15.852931 -29.159657 27.264477 7.547939 -5.589369
-8.176418 -5.359599 -31.230009 -18.023987 15.990857 -15.871699 -28.998257 27.177610 7.429762 -5.633242
-7.829544 -5.826622 -31.016121 -18.492781 16.068275 -15.992513 -28.547487 26.930569 7.060504 -5.720994
-7.261384 -6.594183 -30.730127 -19.239594 16.116911 -16.101856 -27.659187 26.307560 6.449834 -5.829516
-6.508623 -7.689088 -30.578775 -20.219021 16.050270 -16.141960 -26.139776 25.378244 5.570719 -5.994076
-5.547568 -8.719150 -30.274584 -21.338869 16.028517 -16.248623 -24.142351 23.781393 4.615766 -6.108271
-4.443084 -9.849463 -29.937042 -22.701244 15.953844 -16.440222 -21.821159 22.445995 3.884589 -5.921233
-3.624250 -11.171484 -29.478672 -24.251654 15.524501 -16.242632 -19.498795 21.311665 3.172010 -5.475030
-3.615080 -12.069513 -28.876795 -25.789194 15.258002 -16.202555 -17.755892 20.421185 2.562237 -4.958532
-3.226174 -13.020945 -28.254303 -27.608118 14.924015 -16.204020 -15.643866 19.482456 1.913106 -4.271271
-3.437405 -13.596457 -27.378971 -29.590033 14.494742 -16.196562 -13.777472 18.890234 1.474376 -3.133412
-3.274731 -14.242240 -26.199286 -31.538095 14.018733 -15.956553 -12.119913 17.711359 0.566573 -2.247879
-2.897969 -14.647676 -24.840210 -33.442780 13.537028 -16.018475 -10.627001 16.527597 -0.126007 -1.175979
-3.786119 -14.464761 -23.138290 -35.773396 13.272696 -16.329224 -8.717032 15.469608 -0.571667 1.126562
-4.980769 -14.188677 -21.378454 -37.939884 13.006047 -16.035616 -7.153618 14.375325 -1.389621 3.493580
-6.197461 -14.117626 -20.231258 -39.743771 12.746892 -15.790889 -5.752553 13.788203 -2.042997 5.411731
-7.395686 -14.112762 -18.772104 -41.700287 12.609810 -15.435315 -4.650273 13.173498 -2.508341 6.889504
-8.276948 -13.959689 -17.757624 -42.929070 12.523676 -15.093110 -3.707857 12.580560 -2.950290 8.210922
-9.018661 -13.759022 -16.965405 -43.816273 12.512398 -14.789605 -3.149703 12.167571 -3.168417 9.244121
-9.413632 -13.610600 -16.470961 -44.323776 12.509466 -14.572902 -2.789332 11.846990 -3.290021 9.880014
-9.576167 -13.588290 -16.312727 -44.527309 12.498316 -14.491668 -2.614473 11.708863 -3.350578 10.094095
-9.266786 -13.756660 -16.439528 -44.200760 12.389183 -14.508911 -2.771012 11.647008 -2.868763 9.602781
-8.093732 -14.257719 -16.543934 -43.123207 11.914459 -13.776841 -3.475432 11.215035 -1.255645 8.176369
-5.976796 -14.746730 -16.809689 -40.940617 10.769897 -12.543302 -4.812854 10.926068 1.953271 5.905847
-2.634901 -15.173071 -17.391199 -37.478199 9.519218 -10.313758 -6.348536 10.931076 5.326762 2.235648
0.176797 -15.249735 -17.268095 -35.281174 9.237966 -8.589634 -6.833551 11.078897 8.550070 -0.782083
1.760758 -15.386041 -16.685335 -34.725544 9.046527 -7.197629 -4.805258 9.394253 11.024253 -1.909396
4.360407 -15.488317 -15.435504 -34.886784 9.894656 -7.151894 -1.789960 6.791421 12.326085 -2.110605
5.576892 -15.564994 -14.424741 -34.744766 9.139826 -5.413136 0.646874 5.088357 15.085556 -2.735642
7.375628 -13.838983 -12.864088 -34.319366 9.390200 -4.542620 3.615554 2.957776 18.641762 -4.002450
7.696460 -12.024808 -11.057235 -34.887661 8.108547 -2.810782 7.388555 0.792273 21.961149 -2.629017
7.742601 -9.070517 -7.811669 -36.154663 7.563033 -2.368973 10.927814 -6.239182 21.240791 0.400887
7.571612 -6.714611 -4.587020 -37.367901 5.890193 -0.637652 12.997656 -10.512612 22.638454 3.404357
8.339899 -3.888546 -0.811038 -36.774094 5.482007 0.312256 12.743713 -14.825997 23.876045 5.044942
8.617314 -0.002394 3.994699 -35.237942 4.071754 2.584424 9.760598 -18.836065 24.918839 6.865065
7.741680 5.460733 5.824417 -31.622286 3.596047 3.516187 5.104136 -19.834475 26.961943 8.536051
7.074795 9.532675 6.733007 -28.562607 3.237704 4.063064 0.144532 -19.504702 28.422819 9.628278
6.204085 12.199415 6.436042 -25.016975 2.679632 4.850446 -4.727768 -18.710913 28.933027 10.072515
6.487792 13.718320 6.242537 -21.175735 2.396762 5.704019 -10.140692 -17.785067 29.469080 9.087127
6.877435 14.708720 5.623179 -18.701397 1.745540 6.103285 -12.920508 -17.164206 29.825727 9.017478
6.987727 15.069678 5.623288 -18.160509 1.471229 6.179498 -13.551500 -17.157404 29.810188 9.307594
7.062449 15.123986 5.582892 -18.054371 1.440389 6.189918 -13.554947 -17.205532 29.881903 9.337950
7.313442 15.227194 5.467392 -17.733152 1.339805 6.204654 -13.666896 -17.294672 29.992361 9.361046
7.757493 15.389536 5.326038 -17.283073 1.155020 6.250779 -13.702565 -17.459902 30.204546 9.361732
8.251171 15.677885 5.102541 -16.810896 0.936778 6.185102 -13.359441 -17.807922 30.445206 9.653152
8.973715 16.022863 4.663576 -16.169205 0.514148 6.096448 -12.607312 -18.360378 30.788990 9.995466
9.716165 16.344828 4.265175 -15.528727 0.063639 6.018100 -11.937608 -19.009979 31.051495 10.643027
10.547209 16.473814 3.881969 -14.935026 -0.553350 5.993978 -11.012042 -19.695190 31.196507 11.299509
11.551620 16.327173 3.566692 -14.461457 -1.011720 5.828820 -9.996998 -20.310287 31.120968 11.933839
12.726462 16.117882 3.158483 -13.737406 -1.625075 5.746264 -8.975551 -21.012400 31.267698 12.384960
14.008059 15.889998 2.844294 -13.093544 -2.080400 5.640454 -8.077284 -21.554014 31.628962 12.477453
15.378393 15.528566 2.616500 -12.837088 -2.479522 5.518023 -6.784938 -22.210155 31.932878 12.583453
16.711658 15.228428 2.417822 -12.429542 -2.875507 5.495756 -5.626521 -23.087200 32.219986 12.669776
18.031185 14.926244 1.968229 -11.596654 -3.267879 5.558514 -4.687860 -23.949244 32.597343 12.546881
19.350872 14.627652 1.827443 -11.074022 -3.645050 5.569983 -3.788569 -24.635233 32.934189 12.515612
20.549719 14.296374 1.776433 -10.818664 -4.042329 5.503084 -2.591585 -25.315159 33.147427 12.671253
21.400290 14.012662 1.908302 -10.737472 -4.519118 5.468616 -1.750543 -25.818214 33.110424 13.062352
22.267952 13.600770 1.738896 -10.522741 -4.848986 5.326353 -0.955579 -26.027443 33.116375 13.273410
22.727577 13.344407 1.682188 -10.479676 -5.005056 5.248127 -0.490929 -26.124739 33.083496 13.408707
22.988237 13.195914 1.611235 -10.385246 -5.085521 5.189179 -0.147374 -26.220629 33.056782 13.501065
23.111902 13.129551 1.570461 -10.395364 -5.057559 5.127443 -0.015736 -26.216501 33.065018 13.497558
23.166462 13.049020 1.613319 -10.579878 -5.014458 5.086514 0.145238 -26.219536 33.056576 13.484528
23.171125 12.845018 1.881114 -11.160166 -4.906489 5.069210 0.479841 -26.218391 32.997005 13.463524
23.120188 12.587728 2.102468 -11.979700 -4.589739 4.901330 1.097871 -26.212173 32.938297 13.362093
23.199993 12.098866 2.274923 -13.151048 -4.110088 4.659135 2.196655 -26.150751 32.921879 13.080202
23.187716 11.418004 2.476253 -14.773052 -3.492392 4.283301 3.436458 -25.758335 32.899704 12.656651
23.060701 10.517112 2.792930 -16.791828 -2.711966 3.764171 4.779737 -25.022026 32.862049 12.110887
22.833000 9.633944 2.996137 -18.870270 -1.857823 3.032781 6.087881 -24.012703 32.387833 11.846448
22.540415 8.721326 2.665551 -20.661274 -1.039645 2.143408 7.714076 -22.961905 32.125698 11.493524
22.224436 7.845083 2.007910 -22.324518 -0.245560 1.169087 9.764493 -21.864553 31.882586 11.219458
