9.114370 -14.908817 4.962164 22.941265 -0.421782 -20.025610 24.460873 6.538972 17.833914 11.195236
9.253643 -15.164391 4.474958 20.988997 -0.616977 -22.506512 25.858261 5.790205 17.942802 9.166960
10.087429 -15.827327 3.641338 20.964680 -0.068853 -24.337202 25.415787 5.498186 17.665998 7.487370
11.092457 -16.382053 2.685948 21.103504 0.350346 -26.424891 24.376675 5.494267 16.773689 5.779649
12.525492 -17.098183 1.743357 21.262520 0.536059 -28.645372 22.546759 5.681670 14.332890 4.769470
13.521388 -17.003531 2.121871 21.794607 2.358383 -29.934502 20.158831 6.863335 11.564857 2.498739
14.380304 -17.433098 2.841157 22.064922 3.420271 -30.752062 18.121798 5.697036 8.344314 0.345828
15.564047 -17.931540 3.586172 21.039452 2.158448 -32.430714 15.710761 4.589735 3.334711 -1.538716
16.760860 -15.729924 3.346174 19.191273 0.053487 -35.550591 13.290716 1.972687 -2.510554 -5.569634
14.449211 -12.104575 5.678598 15.596604 -5.921756 -36.341145 12.251262 3.781847 -9.927541 -3.561016
11.984219 -7.265696 10.307105 11.762116 -8.127378 -34.795685 12.396014 4.921379 -16.202494 -3.093146
10.324792 -3.750065 14.085456 11.844875 -4.228894 -32.178783 11.944688 6.122777 -14.586631 -5.727046
10.166087 -2.648114 16.480791 15.424754 1.694538 -28.482721 9.685216 8.495643 -10.824090 -8.083345
9.008308 -2.073303 17.831633 18.713131 3.023956 -24.811159 7.826421 12.641301 -8.658845 -6.166213
7.488393 -0.683181 18.170061 20.045818 0.939261 -22.991913 6.537060 17.346300 -9.259232 -2.732511
4.608235 0.844490 20.007935 19.109583 -2.599773 -20.822414 7.034749 20.728876 -9.923561 1.224026
1.382866 0.311278 21.749214 18.090078 -6.581047 -18.615280 8.831231 23.345703 -8.349133 5.753624
-1.002233 -0.937894 21.797722 17.832436 -10.462978 -17.375338 10.392960 25.083664 -5.455157 9.889404
-1.789913 -1.607591 21.356564 17.999748 -12.130589 -16.955839 11.157428 26.186447 -3.736219 12.222661
-1.843689 -1.707073 21.196535 17.971411 -12.377121 -16.924753 11.410392 26.259144 -3.394217 12.612991
-1.857632 -1.958909 21.359436 17.955389 -12.281799 -16.839678 11.371922 26.277113 -3.511001 12.559397
-1.917140 -2.618955 21.880613 17.872387 -12.059026 -16.633537 11.244393 26.311205 -3.939384 12.360514
-1.725217 -3.778057 22.600355 17.663399 -11.749982 -16.377230 10.967792 26.133825 -4.614583 11.822104
-1.613913 -5.221870 23.607464 17.226427 -11.668258 -15.846961 10.722987 25.933073 -5.292622 11.186829
-1.547379 -6.912153 24.941978 16.583805 -11.494090 -15.099353 10.576275 25.517883 -5.887144 10.182312
-1.534290 -8.706274 26.206657 15.827304 -11.693546 -14.390902 10.435344 25.002846 -6.252912 9.157461
-1.486112 -10.376162 27.553337 14.709237 -12.053174 -13.509284 10.582041 24.234444 -6.653920 7.996416
-1.810470 -11.998202 29.226227 13.664542 -12.291008 -12.642769 10.780623 23.502234 -7.246589 6.972791
-1.810921 -13.576617 30.790308 12.758434 -12.062917 -11.802733 10.928026 22.563379 -8.001146 5.793756
-1.773418 -15.156426 32.315403 11.976204 -11.600542 -10.751289 11.225533 21.354210 -8.659413 4.798426
-1.636977 -16.963316 33.847469 11.099735 -10.638242 -9.533315 11.974209 19.862923 -9.089923 3.656046
-1.284969 -18.594620 35.061832 10.053696 -9.772328 -8.449910 12.903670 18.262596 -9.163892 2.424489
-0.886244 -19.769751 35.912613 9.249148 -9.057472 -7.513468 13.626325 16.917763 -9.163226 1.490246
-0.546959 -20.986906 36.646576 8.475643 -8.611483 -6.749439 14.311019 15.697851 -9.148862 0.692157
-0.168719 -21.932140 37.184147 7.883886 -8.121948 -6.041601 14.866935 14.290340 -9.125305 -0.108749
0.269916 -22.930464 37.727894 7.261562 -7.710191 -5.331132 15.389345 12.981955 -9.116872 -0.888579
0.699958 -23.814945 37.961342 6.978100 -7.382874 -4.791925 15.776990 11.782551 -8.942564 -1.365214
0.937849 -24.310246 37.966621 6.958744 -7.151877 -4.599740 15.929695 10.814698 -8.856556 -1.655523
1.175836 -24.617933 37.940319 6.914172 -6.968909 -4.489073 16.025620 10.169607 -8.847404 -1.875737
1.257324 -24.755552 37.933067 6.908295 -6.909681 -4.455549 16.046061 9.917942 -8.822526 -1.981082
1.130369 -24.391216 37.779896 7.165460 -6.717212 -4.895119 15.784481 9.669698 -8.932914 -2.289894
1.005941 -23.286453 37.234577 7.925174 -5.958352 -6.379201 14.929288 8.672646 -9.473714 -3.488152
1.232035 -20.979698 35.730415 9.516252 -4.536815 -8.970803 13.343359 6.990627 -10.125616 -5.170256
1.570653 -18.576675 33.613853 11.540852 -4.205583 -11.828878 11.012107 4.772868 -10.618478 -6.411631
1.878936 -16.271364 30.757847 13.482117 -5.053830 -14.754565 9.063785 2.940012 -11.193326 -5.830279
0.931929 -13.848279 28.545959 14.762178 -6.935574 -17.023485 8.574370 1.577518 -11.635116 -3.768917
0.913133 -11.699411 25.527483 17.070473 -9.652261 -19.422281 6.304631 1.033378 -13.069722 -0.760708
2.853501 -11.860934 20.126045 22.931734 -10.619147 -21.276325 2.015493 1.151693 -10.778955 2.078024
4.091381 -12.065475 15.079430 27.446657 -10.104677 -24.308622 -0.297861 1.629247 -5.722316 1.436158
4.246835 -10.475107 11.051704 30.116821 -7.968477 -26.854149 -0.558173 4.588921 6.785673 -3.234268
0.846106 -9.208091 10.941962 31.602510 -7.255136 -24.807016 2.143214 3.340400 16.728872 -3.774131
-3.489462 -8.113498 14.075108 30.908064 -8.460710 -21.840450 4.570587 2.583740 18.361216 -2.084327
-6.653497 -6.920501 17.439514 29.297829 -9.299081 -18.778919 6.986686 1.916024 17.732073 -0.947197
-8.885367 -4.993782 20.608261 27.020754 -8.693319 -16.452957 10.118161 1.538126 13.740969 -0.154443
-10.730168 -1.904440 22.732412 25.100386 -9.305144 -14.748656 12.242433 2.456789 7.660056 2.313295
-12.018035 -1.767430 25.145208 21.981276 -12.300081 -12.621133 13.839700 1.690492 7.190804 2.037401
-13.104965 -2.513755 27.472832 19.610886 -14.938845 -10.515944 14.738296 0.604946 8.872581 0.721534
-13.495639 -2.654787 29.137770 17.685995 -17.409946 -9.044758 14.525875 0.554157 10.383076 -0.686522
-13.459930 -2.521361 29.908968 16.643511 -18.556089 -8.447714 14.336542 0.499441 10.688707 -1.477875
-13.504946 -2.356061 30.042423 16.536114 -18.847815 -8.336728 14.212440 0.589519 10.804388 -1.557654
-13.528100 -2.279328 30.085016 16.532436 -18.876240 -8.298878 14.157705 0.530255 10.890441 -1.669713
-13.603953 -1.927780 30.225958 16.533745 -18.924700 -8.151903 13.992216 0.379314 11.137893 -1.963475
-13.798825 -1.299420 30.494598 16.557701 -18.934959 -7.711680 13.835705 0.356384 11.666895 -2.171049
-14.256426 -0.026270 30.714165 16.979839 -18.874268 -7.272623 13.482185 0.272066 12.360892 -2.322469
-14.511428 1.820147 30.701393 17.926699 -18.384052 -6.992452 12.502542 0.391051 13.147721 -2.751535
-14.658926 3.364552 30.510820 19.101404 -17.888584 -6.976611 11.161712 0.751249 13.585815 -2.967880
-14.694478 4.935327 30.135340 20.519545 -17.133270 -7.465703 9.447307 0.977396 13.035372 -3.199079
-14.039892 6.102831 29.677505 22.284067 -15.682941 -8.036022 7.220715 1.231495 11.664792 -3.687699
-13.359141 7.016984 29.468822 24.033241 -14.033352 -8.352239 5.080550 1.100482 10.503757 -4.343318
-12.512822 7.708822 29.704950 25.033016 -11.801340 -8.584343 3.502219 0.617752 9.144249 -5.635087
-11.576344 7.885760 30.071587 25.244190 -9.271811 -9.079961 2.751220 -0.245135 7.806736 -7.519557
-10.385530 7.589321 30.626997 25.113985 -6.704658 -9.796822 2.047748 -1.527141 6.383346 -9.874427
-8.993480 6.856855 31.151388 24.672258 -3.938235 -10.748662 1.613056 -2.773790 5.042833 -12.506158
-7.776867 6.515287 31.919155 24.255373 -1.038727 -11.324463 1.281792 -3.740895 3.689415 -14.917900
-6.460986 6.258679 32.593685 23.827808 1.756044 -11.711787 0.886966 -4.637329 2.464118 -17.255749
-5.361314 6.220733 33.107620 23.194485 3.948385 -12.062209 0.868141 -5.568970 1.813020 -19.478830
-4.114984 6.211564 33.780266 22.535315 6.728478 -12.294298 0.912459 -6.465414 1.210851 -21.950060
-3.070222 6.404333 34.291706 22.127604 9.144954 -12.499907 0.873667 -7.219258 0.842667 -24.007368
-2.405042 6.538746 34.597282 21.921032 10.669370 -12.602229 0.785850 -7.669254 0.516794 -25.218008
-2.215616 6.647122 34.661480 21.829262 11.079357 -12.639460 0.794366 -7.798599 0.473158 -25.599455
-2.215331 6.651471 34.662037 21.824455 11.084031 -12.645477 0.797932 -7.801275 0.480303 -25.608223
-2.222285 6.651064 34.663494 21.818111 11.082695 -12.648532 0.810236 -7.805916 0.499224 -25.610514
-2.231536 6.653438 34.672073 21.810102 11.079665 -12.645281 0.823557 -7.813271 0.501281 -25.608500
-2.234588 6.652544 34.669109 21.802927 11.074835 -12.651875 0.830864 -7.810535 0.510639 -25.605610
-2.239248 6.649020 34.672226 21.807358 11.072187 -12.646524 0.829556 -7.810628 0.511844 -25.597898
-2.240257 6.643967 34.670254 21.809509 11.067670 -12.647468 0.825646 -7.806761 0.514339 -25.593836
-2.242017 6.640031 34.668915 21.812870 11.062600 -12.644941 0.822423 -7.805369 0.515659 -25.591257
-2.237021 6.632736 34.663185 21.823355 11.065523 -12.642776 0.811291 -7.799098 0.516788 -25.589487
-2.239567 6.626264 34.661594 21.826172 11.060266 -12.640622 0.810928 -7.795920 0.522961 -25.581244
