-9.276794 16.053640 -21.719080 3.266259 6.319369 16.384550 -10.292192 -18.364424 13.038470 24.353230
-11.126340 15.740744 -18.659307 0.584904 6.716889 16.812038 -11.646838 -18.531225 13.688576 23.549622
-11.846755 14.579449 -15.735874 -2.186347 7.210451 17.015026 -13.216838 -18.457920 13.890210 21.157484
-9.259807 14.769338 -8.600652 -9.219094 8.890989 15.317848 -13.773758 -19.634882 9.943428 21.857809
-9.253320 13.250489 -5.889994 -11.979697 9.457253 16.261467 -15.402172 -19.281820 9.446473 18.118093
-9.129341 11.593923 -3.715291 -14.595063 10.110977 17.038816 -17.472612 -18.371153 8.220303 14.299834
-9.243100 10.767880 -2.048519 -16.989897 10.733378 17.517435 -18.669422 -17.266104 7.296053 11.192636
-10.051084 10.774041 -0.771006 -19.065794 11.453683 17.727095 -19.617943 -15.954188 6.775547 9.376988
-10.948640 10.476689 0.206517 -21.495457 11.921758 17.078617 -19.889559 -14.914294 6.133657 7.341608
-12.177435 10.385035 0.912802 -24.137657 12.555874 16.508451 -19.364878 -13.747676 5.329344 5.730157
-13.673696 10.467639 1.636944 -26.643898 13.139370 16.031183 -18.813456 -12.907703 4.726753 4.939437
-14.735049 10.354270 2.281059 -28.743050 13.396087 15.834008 -18.705183 -12.448645 4.329715 3.866325
-15.453363 10.117651 3.035542 -30.525478 13.562675 15.867310 -18.115633 -12.126355 3.854821 2.694625
-15.889473 9.820489 3.508953 -31.951643 13.416192 15.947157 -17.586351 -11.817450 3.221747 1.360928
-16.082127 9.734147 3.663163 -32.539337 13.292823 16.023134 -17.238167 -11.608909 2.866518 0.678125
-16.078987 9.682083 3.637918 -32.686253 13.307587 15.961408 -17.003984 -11.517579 2.762403 0.500688
-16.080606 9.742884 3.630520 -32.680428 13.511384 15.719475 -16.855190 -11.659293 3.020182 1.020718
-15.770244 10.004775 3.233574 -32.095337 14.176864 14.852738 -16.149279 -11.964827 3.909051 2.837999
-15.299258 10.514938 2.594630 -30.919474 14.697108 13.920375 -15.111518 -12.451882 4.945870 5.354684
-14.635770 11.015099 2.021847 -29.847918 15.171855 13.147308 -13.283683 -12.956674 5.928957 7.598002
-14.151166 11.498806 1.484783 -28.763617 15.531791 12.445309 -12.029335 -13.697386 7.109016 10.095483
-14.014669 12.017679 1.031638 -27.776497 15.853923 11.867450 -11.154734 -14.293183 7.995864 12.516467
-14.023901 12.608332 0.466473 -26.774000 16.172081 11.245478 -9.996980 -14.995375 8.851398 15.289821
-13.917906 12.991497 -0.253463 -25.948509 16.425854 10.570962 -8.973532 -15.367283 9.231178 17.340256
-13.680845 13.145914 -0.921151 -25.324703 16.633503 10.010021 -8.183437 -15.406298 9.321896 18.409988
-13.578493 13.238831 -1.212490 -25.031982 16.713846 9.775146 -7.896194 -15.380558 9.364213 18.867912
-13.298519 14.150719 -1.912091 -23.719378 16.893618 8.951544 -8.791054 -14.653080 9.497951 19.797783
-12.967801 16.536247 -3.595791 -20.527699 17.372755 7.041674 -12.086938 -12.353494 9.552649 21.594887
-12.030007 18.666979 -5.955832 -15.370271 16.934555 6.035740 -17.983263 -9.664290 8.623447 22.526867
-9.238298 19.524378 -10.194325 -7.620994 15.167373 8.047476 -24.267933 -7.341272 4.430139 22.935390
-3.888826 15.469962 -19.368259 -0.804501 12.383039 8.718529 -27.075775 -5.272611 0.541971 15.817820
-0.895068 9.813100 -27.254377 2.036226 8.678447 10.047527 -26.426271 -5.864010 -5.284518 11.544566
1.065924 5.602791 -33.807507 2.853215 6.659776 11.655096 -20.961086 -6.199168 -11.023834 9.711463
3.725278 3.476523 -38.778980 2.899289 6.570459 9.936297 -15.152438 -5.970418 -14.222633 8.775400
6.443909 2.342695 -43.061527 2.938079 6.269536 5.426171 -10.848784 -5.349825 -15.447843 7.207300
6.808361 2.496728 -43.830585 2.501062 6.109531 4.020180 -9.308269 -5.403852 -15.901937 7.727149
6.330708 2.539456 -43.659985 2.120172 6.270284 4.124131 -9.093800 -5.325509 -15.926025 8.197194
5.353113 2.844177 -43.333996 1.624128 6.659590 4.449485 -8.701721 -5.237473 -15.789861 9.444937
3.297324 3.658431 -42.399223 0.739899 7.210792 5.175579 -8.015165 -5.366621 -15.150428 11.631412
0.729986 4.875101 -40.361073 -0.511229 8.017280 5.995974 -7.564775 -5.565671 -14.046279 14.399497
-2.210251 5.825669 -38.409344 -2.185562 8.778636 6.572821 -6.957523 -5.705654 -12.988553 16.833132
-4.934232 6.478900 -36.806030 -4.153327 9.728500 6.893699 -5.928424 -5.617370 -12.202956 18.958675
-8.143065 7.244095 -34.599243 -6.455810 10.609868 7.096169 -5.799944 -5.485055 -11.653199 21.131329
-10.693157 7.966296 -32.865532 -8.366386 11.183432 6.919402 -5.596437 -5.735883 -10.887081 22.973619
-12.234476 8.385024 -31.762297 -9.534038 11.551017 6.638132 -5.506366 -5.901725 -10.390135 24.067394
-12.688512 8.521593 -31.328398 -9.904415 11.639184 6.583079 -5.450115 -6.060544 -10.217587 24.482019
-12.374821 8.369146 -31.840614 -9.840211 11.668072 6.314286 -4.969759 -6.009472 -10.410319 24.330948
-11.187676 8.003509 -33.125771 -9.424026 11.705776 5.813169 -3.587105 -6.007978 -10.946321 23.911573
-8.604457 7.360375 -35.879253 -8.250600 11.449105 4.359465 -0.829254 -6.331633 -11.211467 22.914333
-4.832306 6.425279 -38.465923 -7.010008 10.541702 2.407520 1.797724 -7.325241 -11.419248 21.058620
