-3.117501 8.295465 37.851482 21.640726 11.314778 -9.024896 0.455309 -8.230922 -7.971367 -22.620695
-3.117501 8.295465 37.851482 21.640726 11.314778 -9.024896 0.455309 -8.230922 -7.971367 -22.620695
-3.117501 8.295465 37.851482 21.640726 11.314778 -9.024896 0.455309 -8.230922 -7.971367 -22.620695
-3.117501 8.295465 37.851482 21.640726 11.314778 -9.024896 0.455309 -8.230922 -7.971367 -22.620695
-3.117501 8.295465 37.851482 21.640726 11.314778 -9.024896 0.455309 -8.230922 -7.971367 -22.620695
-3.134153 8.480636 37.269970 18.709230 10.028809 -11.517049 2.460208 -7.997561 -6.805355 -24.508539
-3.116715 8.459302 37.229069 18.640820 9.872145 -11.555098 2.455832 -7.994797 -6.824742 -24.572821
-3.129905 8.456821 37.262501 18.637690 9.882471 -11.532088 2.460144 -7.990654 -6.853838 -24.556053
-3.127956 8.458637 37.261566 18.633699 9.882525 -11.534997 2.460391 -7.989452 -6.850838 -24.562109
-3.128803 8.457765 37.264618 18.635435 9.882148 -11.530464 2.458418 -7.989725 -6.853189 -24.560423
-3.128734 8.457150 37.265423 18.634739 9.881109 -11.530561 2.457844 -7.988754 -6.855753 -24.559614
-3.128537 8.457548 37.266071 18.633718 9.880847 -11.530125 2.458284 -7.988335 -6.857593 -24.560144
-3.128305 8.457056 37.265545 18.633991 9.882164 -11.531964 2.458166 -7.988436 -6.858866 -24.558924
-3.129619 8.455815 37.266037 18.632561 9.879773 -11.532662 2.459673 -7.990078 -6.859981 -24.557871
-3.131330 8.456310 37.269417 18.633802 9.881957 -11.528891 2.460021 -7.990982 -6.860953 -24.555752
-3.129953 8.455383 37.268143 18.633486 9.883245 -11.531471 2.459570 -7.987899 -6.859803 -24.556704
-3.130594 8.455661 37.269085 18.630877 9.881145 -11.532429 2.461672 -7.987673 -6.861195 -24.556967
-3.131202 8.455675 37.269520 18.631231 9.883589 -11.532163 2.463306 -7.987531 -6.860413 -24.556404
-3.130799 8.455338 37.270149 18.632698 9.885463 -11.531902 2.461290 -7.986296 -6.861326 -24.555492
-3.131327 8.455819 37.270645 18.632355 9.885386 -11.531107 2.462075 -7.987353 -6.861151 -24.555828
-3.131254 8.456249 37.270813 18.632057 9.885063 -11.531170 2.462004 -7.986347 -6.860434 -24.556391
-3.132857 8.456186 37.273682 18.634396 9.888456 -11.527711 2.462304 -7.985840 -6.860039 -24.553169
-3.131962 8.456952 37.273598 18.633381 9.888733 -11.528948 2.461795 -7.985450 -6.861207 -24.554140
-3.132670 8.456830 37.274200 18.634577 9.890025 -11.527829 2.461913 -7.985833 -6.862016 -24.553137
-3.131333 8.457768 37.273052 18.635357 9.889585 -11.527463 2.460391 -7.985411 -6.860012 -24.553579
-3.131610 8.458035 37.273380 18.634987 9.890054 -11.527814 2.460753 -7.985398 -6.861157 -24.553164
-3.132386 8.457867 37.275284 18.636171 9.891996 -11.526431 2.459737 -7.984923 -6.860054 -24.553068
-3.133284 8.457505 37.275417 18.635664 9.890823 -11.525772 2.461372 -7.985083 -6.859469 -24.552130
-3.134894 8.457954 37.277802 18.636410 9.893948 -11.523664 2.463023 -7.985902 -6.860315 -24.549715
-3.135263 8.457683 37.277466 18.636471 9.893888 -11.523801 2.463338 -7.985856 -6.858219 -24.548868
-3.135023 8.457973 37.277649 18.636255 9.895655 -11.524506 2.464232 -7.985509 -6.857466 -24.549105
-3.311099 8.349745 37.206661 18.744057 9.512353 -11.479636 2.448849 -7.853444 -6.782056 -24.182718
-3.958911 8.186083 36.907413 19.025625 8.045077 -11.324964 2.479603 -7.382504 -6.458141 -22.925180
-5.010759 7.940422 36.367554 19.545010 5.654249 -11.040595 2.486541 -6.644903 -6.018664 -20.754805
-6.340267 7.894590 35.773941 20.208130 2.957340 -10.738071 2.492041 -5.841124 -5.425665 -18.255754
-7.395779 7.970894 35.246807 20.860294 0.925642 -10.412313 2.535044 -5.013762 -4.834774 -16.053465
-8.614743 8.092278 34.532845 21.376387 -1.641825 -10.122286 2.831606 -4.085029 -3.624466 -13.712154
-9.793054 8.345286 33.718033 21.760191 -4.664025 -9.792974 3.064061 -3.107095 -2.335597 -11.334485
-11.010328 8.936283 32.806892 22.273529 -7.548630 -9.251121 3.347305 -2.125993 -0.838378 -8.822391
-12.195312 9.185374 32.068863 22.587204 -10.138591 -8.645592 3.954556 -1.128074 0.874051 -6.537514
-13.126956 9.062813 31.557848 22.445984 -12.698402 -8.214746 4.749238 -0.465390 2.444185 -4.677351
-13.866678 8.327762 31.081297 21.801117 -14.880530 -8.013503 6.007192 0.057786 4.296889 -3.405503
-14.523602 7.226015 31.077839 20.315226 -16.701010 -7.768432 7.830316 0.404273 5.986339 -2.675867
-15.022898 5.953273 31.384539 18.707888 -18.100203 -7.287679 9.843501 0.371776 7.576362 -2.238562
-14.859473 4.286469 31.570345 17.429956 -18.742056 -6.923655 11.508834 0.295851 8.588858 -2.154633
-14.615093 2.596374 31.575670 16.390293 -19.178326 -7.070723 12.795447 -0.016271 8.620525 -2.072253
-14.389044 0.624460 31.446814 15.545425 -19.607262 -7.501799 13.864661 -0.231289 8.067703 -1.671018
-13.921442 -0.702815 31.128876 15.203967 -19.667089 -7.977885 14.222022 -0.171749 7.648024 -1.547797
-13.700991 -1.355312 30.795164 15.195214 -19.684530 -8.455508 14.367323 -0.192349 7.242039 -1.368971
-13.610489 -1.683273 30.592096 15.197821 -19.652441 -8.658113 14.540136 -0.072576 7.112806 -1.133335
-13.592278 -1.742272 30.537081 15.201769 -19.643480 -8.707756 14.594690 -0.029315 7.042866 -1.026078
-13.567513 -1.892789 30.380709 15.286704 -19.446581 -8.858766 14.714813 -0.149121 6.900552 -0.936466
-13.656253 -2.139776 29.519781 16.132389 -18.661379 -9.665320 15.017784 -0.262938 6.447917 -0.099553
-13.223096 -1.930209 27.894056 18.097691 -16.082920 -11.137561 15.116582 -0.243929 4.622099 1.292636
-12.074424 -0.995522 25.572411 20.420336 -13.676114 -13.258255 14.142016 1.081527 2.626337 2.618728
-10.763196 -0.955363 23.250076 22.945652 -11.885496 -15.576030 12.443564 1.315641 1.059879 3.179966
-9.041157 -4.319123 20.996468 24.813602 -12.208494 -17.340981 10.508504 -0.109874 5.482371 1.804166
-6.951216 -6.642778 17.228060 27.190493 -13.118994 -20.297350 7.661364 0.481671 10.825492 0.824106
-3.842451 -7.481775 14.129644 28.581951 -12.301205 -23.100351 5.361396 1.174630 11.327807 -0.389011
-0.109352 -8.306260 11.498244 28.526739 -11.543851 -25.957047 3.687901 1.613976 10.123341 -2.323087
2.575603 -9.755821 11.868715 26.881193 -11.912507 -27.287247 1.976915 2.762287 4.130931 -2.558474
2.943723 -10.963653 15.387740 23.463539 -14.000854 -25.645573 2.421291 0.688438 -6.619787 0.393395
2.355558 -11.868411 20.217104 21.499752 -11.696115 -21.740620 3.405365 0.959940 -9.535885 1.266274
1.214553 -13.185167 24.914539 18.890467 -8.072032 -18.832079 5.874106 1.662330 -8.678049 -1.129089
1.385560 -15.052768 27.819244 16.235138 -5.978340 -16.839922 7.921240 2.259008 -8.351130 -3.915213
2.338432 -17.450251 29.848114 15.036597 -4.070649 -14.570605 8.582162 3.285227 -7.976622 -5.738907
2.396905 -19.875982 32.323883 13.425449 -3.303209 -11.835551 10.005339 5.155081 -7.204175 -6.483105
2.037975 -22.375454 34.551941 11.857496 -3.418001 -8.903555 11.707762 7.780278 -6.371925 -5.454401
1.954617 -25.087795 35.785671 10.779375 -4.506861 -6.271917 13.152925 9.597071 -4.840895 -3.717145
2.070523 -26.104233 36.347523 9.836402 -5.209059 -4.773851 14.203565 10.841680 -4.090741 -2.655448
2.139583 -26.493671 36.590092 9.574173 -5.435015 -4.235533 14.462753 11.115452 -3.855723 -2.410187
2.058996 -26.369978 36.588501 9.596389 -5.494184 -4.278457 14.422215 11.339131 -3.897177 -2.292781
1.852660 -26.097094 36.574879 9.661673 -5.710652 -4.421128 14.277739 11.961421 -3.937801 -2.012408
1.672020 -25.628536 36.528328 9.731651 -5.959283 -4.628677 14.050694 12.853176 -4.056656 -1.671681
1.280959 -24.776115 36.260433 10.098146 -6.278568 -5.182233 13.576895 14.064857 -4.228071 -1.131331
0.781117 -23.718775 35.785492 10.708661 -6.800049 -5.785120 13.009003 15.365118 -4.205180 -0.340231
0.346679 -22.694969 35.259384 11.259696 -7.363986 -6.470652 12.470416 16.743858 -4.301136 0.509391
-0.034649 -21.352602 34.576607 11.846046 -7.861791 -7.345621 11.877618 17.853279 -4.741458 1.341074
-0.518219 -20.157490 33.797935 12.571334 -8.741530 -8.282679 11.159801 19.106030 -4.772144 2.283700
-0.872554 -18.536333 32.617950 13.521970 -9.680225 -9.413485 10.290430 20.626724 -4.817225 3.528756
-1.061197 -16.693636 31.149803 14.337551 -10.681155 -10.567247 9.651158 21.962709 -4.524400 4.749656
-1.170351 -15.041295 29.631807 15.108420 -11.204645 -11.627462 9.382319 23.116241 -3.812881 5.735857
-1.178996 -13.411988 28.024311 15.995020 -11.464912 -12.503019 9.287094 24.039038 -3.052537 6.910952
-0.917556 -11.664957 26.429726 16.869930 -11.265667 -13.351663 9.205027 24.825644 -2.596513 7.852520
-1.024989 -9.888447 25.143896 17.852774 -11.017232 -14.205507 9.120444 25.715603 -2.176939 8.989017
-1.164970 -8.161896 23.845478 18.651594 -10.874466 -14.906638 9.336639 26.162388 -1.453537 10.042255
-1.297272 -6.528980 22.464291 19.352451 -11.031774 -15.663613 9.528668 26.528532 -0.597177 11.028522
-1.384811 -5.151132 21.437656 19.831640 -11.108542 -16.191746 9.727964 26.718910 0.111753 11.676616
-1.565668 -4.004427 20.714870 20.065599 -11.436274 -16.479406 9.951876 26.873663 0.849468 12.175699
-1.539993 -3.421982 20.256172 20.153494 -11.663607 -16.674435 10.054731 26.818232 1.301044 12.342587
-1.521332 -3.190570 20.085108 20.178427 -11.746199 -16.755388 10.089283 26.804138 1.438949 12.400324
-1.531357 -3.069144 20.022261 20.189064 -11.813236 -16.787041 10.079448 26.795883 1.519485 12.392294
-1.537627 -2.688709 19.800406 20.237095 -11.970238 -16.895182 10.052971 26.728806 1.739372 12.372921
-1.569634 -2.031322 19.393148 20.322388 -12.381660 -17.112917 9.963517 26.558687 2.140175 12.330429
-1.552487 -1.130314 18.740948 20.397055 -13.069351 -17.413465 9.827622 26.198528 2.852310 12.188089
-1.420209 -0.053338 17.887474 20.462677 -13.907465 -17.807854 9.626720 25.688255 3.539898 11.992518
-1.163811 1.274085 16.757599 20.579172 -15.049066 -18.332300 9.278309 25.162748 4.487492 11.677227
-0.898138 2.587348 15.745286 20.617580 -16.440401 -18.743496 8.796723 24.438534 5.301313 11.070637
-0.616947 3.874255 14.768082 20.563057 -17.920525 -19.224119 8.355003 23.328777 5.678200 10.368891
-0.403183 5.438517 13.790871 20.479559 -19.460289 -19.789110 7.892599 22.276249 5.975799 9.675859
