-4.501229 -2.859816 -22.704199 -24.074671 23.872063 -14.129939 -24.360069 15.942129 -4.254683 -2.817425
-4.501229 -2.859816 -22.704199 -24.074671 23.872063 -14.129939 -24.360069 15.942129 -4.254683 -2.817425
-4.501229 -2.859816 -22.704199 -24.074671 23.872063 -14.129939 -24.360069 15.942129 -4.254683 -2.817425
-4.768967 -3.240940 -23.004671 -24.456289 23.978498 -13.233800 -23.533930 15.766798 -4.344682 -3.210798
-4.770893 -3.239672 -22.998482 -24.463625 23.989695 -13.257038 -23.526358 15.764315 -4.347309 -3.212523
-4.770525 -3.241132 -22.996277 -24.465742 23.987562 -13.254865 -23.523033 15.764267 -4.344285 -3.213825
-4.770358 -3.240366 -22.994541 -24.466496 23.990026 -13.256555 -23.521450 15.762864 -4.344851 -3.214291
-4.770040 -3.240666 -22.994144 -24.467201 23.991121 -13.258700 -23.521214 15.764315 -4.345225 -3.213799
-4.769369 -3.241621 -22.995405 -24.466900 23.990761 -13.259153 -23.518694 15.766241 -4.343834 -3.213572
-4.771509 -3.241164 -22.995518 -24.467487 23.991711 -13.257833 -23.515305 15.763616 -4.344748 -3.213802
-4.773076 -3.242332 -22.995378 -24.468454 23.989468 -13.255871 -23.513702 15.764689 -4.342715 -3.215127
-4.774385 -3.242880 -22.997351 -24.467915 23.990442 -13.255000 -23.512568 15.764875 -4.345081 -3.215029
-4.771328 -3.241878 -22.995260 -24.466045 23.993156 -13.253611 -23.511253 15.763858 -4.345195 -3.214953
-4.769671 -3.243579 -22.994474 -24.465986 23.993498 -13.253048 -23.510710 15.766746 -4.344782 -3.215895
-4.771153 -3.246928 -22.997068 -24.468464 23.989634 -13.252778 -23.507917 15.768931 -4.344309 -3.215643
-4.770209 -3.245606 -22.996059 -24.467585 23.993938 -13.254827 -23.509615 15.769444 -4.346026 -3.215993
-5.129330 -3.287088 -23.129219 -24.633595 23.716331 -13.223117 -23.348829 15.392161 -4.387583 -3.225256
-6.202597 -3.376153 -23.679132 -24.988148 22.751478 -13.262777 -22.386341 14.351537 -4.223102 -3.042013
-7.656573 -3.615981 -24.837778 -25.278540 20.696066 -13.296842 -20.211124 12.608640 -3.608136 -2.309628
-9.850530 -3.847148 -26.509865 -25.714327 18.322601 -13.584055 -17.603228 10.580642 -2.983309 -1.378586
-12.855684 -4.158478 -28.360653 -26.427818 15.302328 -13.600204 -15.200478 8.317536 -2.474616 -0.418544
-15.579312 -4.463717 -29.479395 -27.310350 12.632854 -13.204571 -12.803851 5.849041 -2.229606 0.505320
-17.836790 -5.080957 -29.977165 -28.184828 9.448384 -12.066229 -10.894682 4.021411 -1.441865 1.353988
-19.378866 -5.520823 -30.464949 -28.647150 6.720717 -11.117016 -9.880879 2.735552 -0.600521 2.015928
-19.960369 -5.900876 -30.657125 -28.960268 5.254436 -10.485788 -9.008684 2.081752 -0.128119 2.586305
-20.188759 -6.008955 -30.721399 -29.103928 4.848173 -10.325143 -8.684295 1.836141 -0.036609 2.796216
-19.623436 -6.066396 -30.165953 -29.666397 4.960977 -10.295535 -8.250120 1.746225 1.033783 2.245844
-14.307116 -6.946452 -27.442528 -30.426668 5.877661 -9.324621 -6.588951 3.219281 4.618443 0.515238
-6.002345 -7.225940 -22.485846 -30.007622 9.551014 -7.275008 -5.996806 6.108287 8.264097 -1.793399
1.688449 -7.657269 -18.098747 -29.415297 11.567813 -6.152221 -2.966133 7.269568 12.146354 -2.087457
7.332762 -6.019463 -13.497707 -28.244917 11.977183 -3.902995 1.629795 5.690952 18.385796 -1.591793
9.058926 -3.402813 -8.158739 -28.139397 9.392327 -0.665834 6.297055 -0.161622 23.245354 -0.056696
9.088778 -0.234601 -3.406358 -28.082302 6.274891 2.922050 7.820099 -8.457957 25.157337 0.894075
8.025909 1.466046 -2.591853 -26.393148 0.043616 5.138636 5.295123 -14.014653 25.160427 3.050911
7.077296 2.600136 -3.079382 -24.214817 -5.834167 6.920944 2.397612 -17.335236 24.648720 5.601429
6.710105 2.690089 -3.203315 -23.729956 -7.787999 7.347707 1.215367 -18.042494 24.038237 6.456014
6.924490 2.768426 -3.140465 -23.609547 -7.896177 7.334636 1.269615 -18.113722 24.123201 6.641316
7.491934 2.874232 -3.055232 -23.333937 -8.096477 7.230474 1.642169 -18.152897 24.351929 7.134692
8.513802 3.070824 -2.799172 -22.833759 -8.515292 7.226270 2.140363 -18.194452 24.970196 7.883303
9.876037 3.077753 -2.489194 -22.357853 -9.086401 7.000940 3.307323 -18.260471 25.581270 8.823030
10.908560 3.083000 -2.518892 -21.984173 -9.904601 6.555233 5.496897 -18.713678 26.444523 10.083724
12.306747 3.306442 -2.188789 -21.427340 -10.275245 6.346527 7.670603 -19.216881 27.401482 11.302027
13.606870 3.444501 -1.815742 -20.804632 -10.448816 6.241500 8.813455 -19.310415 28.221117 11.931116
14.714664 3.207288 -1.362005 -20.511219 -10.857844 6.383799 9.846423 -19.115637 29.035385 12.344677
15.129762 3.083630 -1.260527 -20.442385 -10.967858 6.342649 10.417851 -18.999844 29.362179 12.480633
15.290898 3.002871 -1.281973 -20.421309 -10.951725 6.258851 10.722028 -18.912973 29.452074 12.559303
15.129313 3.072057 -1.429282 -20.517807 -10.580273 6.059786 10.822496 -18.765299 29.474510 12.465469
15.289757 3.090099 -1.928789 -20.728422 -9.210621 5.175674 11.791029 -18.044226 29.642042 12.376026
15.531364 2.983646 -2.636448 -21.245531 -6.741754 3.748987 12.956460 -16.516054 29.800558 11.895292
15.706359 2.383811 -3.682015 -22.106871 -3.751498 2.095160 13.755320 -14.054541 29.373047 11.098030
