0.015457 8.651548 14.109803 21.100252 -20.331457 -17.891088 6.480801 20.320303 0.701170 10.903460
0.050629 10.224060 13.475332 21.135765 -21.113052 -18.023895 6.239302 19.107019 1.267052 10.020367
-0.078071 12.101068 13.168364 20.985695 -21.455950 -18.195688 6.084649 18.071363 1.587230 8.881981
-0.282026 13.956052 12.879125 21.144327 -21.219015 -18.498405 5.916647 16.751778 1.775758 7.773508
-0.327525 15.874801 12.435464 21.201176 -20.869644 -18.933702 6.006137 15.698757 1.892801 7.157094
-1.251855 17.747696 12.155381 18.607082 -21.769701 -21.090433 8.415309 13.967023 2.780845 5.386837
-1.625623 19.560261 11.988148 18.098513 -22.256075 -21.242693 8.785668 12.501682 3.068846 4.540093
-1.703878 21.810942 11.719394 18.011992 -22.406052 -21.142740 8.751679 11.262547 3.542067 3.862233
-1.714835 23.742477 12.051117 17.723545 -22.040474 -20.813948 8.685297 9.800591 3.931376 2.604253
-1.734012 25.455984 12.364183 17.438683 -21.997803 -20.565514 8.498999 8.437004 4.362007 1.341112
-1.682697 26.895712 12.689309 16.736292 -22.089088 -20.504314 8.476598 6.735707 4.332474 -0.364252
-1.781854 27.910488 13.196132 16.306627 -21.778267 -20.399662 8.380229 5.202586 4.347605 -1.889843
-2.099617 28.770540 13.959442 16.442041 -20.929510 -19.878895 8.170808 3.792696 4.751664 -3.113315
-2.579717 29.607893 14.820559 16.421474 -20.180830 -19.322573 7.974562 2.331179 5.072372 -4.466485
-2.857651 30.253685 15.467043 16.346960 -19.475258 -18.836327 7.938234 0.679029 5.326395 -5.634781
-2.988850 30.469965 16.148180 16.389513 -18.328407 -18.477711 7.763653 -1.299896 5.229663 -7.184070
-2.847144 30.580700 16.884136 16.401869 -16.721727 -18.386358 7.451002 -3.324723 4.628703 -9.107811
-2.751263 30.960215 17.535229 16.467056 -15.386698 -18.182291 7.196930 -5.225148 4.131691 -10.780840
-2.620796 31.272718 18.137945 16.699007 -13.974090 -17.926619 6.793483 -6.761475 3.555273 -12.251236
-2.210743 31.504690 18.650150 16.892391 -12.262242 -18.030874 6.301072 -8.035750 2.866636 -14.021025
-1.587377 31.662971 19.292192 16.967264 -10.245259 -18.232174 5.801704 -8.962430 1.943546 -16.010166
-0.897091 31.942924 19.902699 16.855360 -8.109872 -18.463312 5.425402 -9.828002 1.129410 -18.032656
-0.327934 32.162308 20.275200 16.814720 -6.430346 -18.704647 5.107046 -10.500255 0.655176 -19.644106
0.251731 32.524128 20.644936 16.800234 -4.734443 -18.866488 4.835688 -11.292023 0.195728 -21.139446
0.813248 32.807545 21.093714 16.806181 -2.866665 -18.888752 4.688649 -12.250910 -0.228287 -22.559481
1.400174 32.912601 21.529068 16.690580 -1.099252 -18.933237 4.576012 -13.186103 -0.609224 -23.978464
1.922466 33.049446 21.986729 16.583017 0.648734 -18.950495 4.474131 -13.922600 -0.961765 -25.306850
2.320164 33.058510 22.291636 16.438480 1.880916 -19.001202 4.441993 -14.469724 -1.272790 -26.237839
2.605712 33.132229 22.509892 16.396376 2.820506 -19.011957 4.412482 -14.829014 -1.477725 -26.875317
2.770435 33.149067 22.624607 16.383936 3.362308 -19.007349 4.406188 -14.997785 -1.607050 -27.184412
2.830441 33.147434 22.641897 16.386320 3.530735 -19.036982 4.391318 -15.036339 -1.646232 -27.293020
2.759554 33.085899 22.537212 16.357866 3.157646 -19.051928 4.443469 -15.024414 -1.569247 -27.096582
2.498922 32.847683 22.166592 16.331707 2.022943 -19.212326 4.606882 -14.994647 -1.448972 -26.447138
2.066625 32.433815 21.496664 16.416285 0.231685 -19.425680 4.920707 -14.799278 -1.279705 -25.145163
1.367604 31.704277 20.698845 16.506844 -2.213274 -19.621244 5.345620 -14.358248 -0.992198 -23.246973
0.443528 30.433149 19.932085 16.597260 -4.563121 -20.087242 5.960147 -14.235580 -0.961506 -21.300982
-0.078046 29.106319 19.133677 16.674725 -6.476074 -20.340931 6.563645 -14.071349 -0.710688 -19.471954
-0.653647 28.196886 17.987724 16.993319 -8.677635 -20.754095 7.171993 -14.043970 -0.327031 -17.391722
-1.323534 27.417395 17.080553 17.355335 -10.618964 -20.691605 7.856613 -13.847646 0.167802 -15.087814
-1.809996 26.434240 16.099783 17.750275 -12.068361 -20.935684 8.500902 -13.492036 0.457952 -13.009726
-2.088059 25.476482 14.906692 18.146193 -13.504582 -21.450722 9.095453 -13.212635 0.599060 -11.048401
-2.105986 24.232409 13.860214 18.528322 -14.544365 -22.144575 9.446604 -12.682184 0.544805 -9.514936
-2.184541 23.306269 12.855287 18.875210 -15.691875 -22.706699 9.785157 -12.216206 0.728727 -7.889215
-2.199729 21.876455 12.264967 18.994019 -16.665945 -23.282839 9.896689 -11.943158 0.777965 -6.936903
-1.823314 20.563108 11.586778 18.887512 -17.644648 -23.777294 10.046388 -11.598074 0.713610 -6.061598
-1.398680 19.044352 11.177649 18.686319 -18.161922 -24.436022 10.192123 -11.766866 0.065182 -5.743016
-1.113576 17.740404 10.805795 18.534132 -18.604418 -24.862484 10.436764 -11.627327 -0.457474 -5.094153
-0.878035 16.737064 10.548160 18.343845 -19.009886 -25.166998 10.583402 -11.654210 -0.714204 -4.731758
-0.730354 15.886482 10.459924 18.167952 -19.131086 -25.419233 10.718759 -11.793574 -1.084579 -4.596578
-0.627876 15.441650 10.303287 18.096670 -19.264847 -25.585909 10.827543 -11.670119 -1.245416 -4.318650
-0.588980 15.324566 10.270761 18.075663 -19.288654 -25.582916 10.871401 -11.652139 -1.287732 -4.230672
-0.687219 14.966475 10.225204 18.183289 -19.285555 -25.606600 10.984822 -11.402593 -1.273207 -3.884500
-1.066081 13.957866 10.244237 18.544024 -19.154465 -25.495749 11.357046 -10.723383 -1.400421 -2.715216
-1.463710 12.468678 10.092237 18.959881 -18.968740 -25.701605 12.076995 -10.404284 -1.858744 -1.180285
-1.844048 10.429359 10.057544 19.582769 -18.289562 -25.551172 13.060741 -9.751026 -2.443674 1.015934
-2.201608 8.486757 10.218833 20.409521 -17.347921 -25.267481 13.528524 -8.633368 -3.216303 2.979120
-1.877710 5.905352 10.358931 20.732479 -16.976175 -25.739601 13.340261 -6.563990 -4.994644 4.392188
-0.927423 2.988909 10.257758 21.836676 -16.042553 -27.082909 11.446440 -3.906121 -8.416752 5.134726
0.296014 0.393167 10.539977 24.256672 -14.763222 -27.967306 6.652153 0.185983 -9.692856 4.515615
1.463174 -2.984934 11.027063 25.190336 -14.435627 -28.481703 3.573568 2.161929 -9.258653 3.384245
3.490084 -9.439679 11.817760 24.832026 -14.715738 -28.958263 1.144976 1.777168 -3.880552 -0.775497
6.562978 -13.762467 11.125102 22.666655 -15.104868 -30.194107 0.936619 2.476960 0.462229 -4.897606
9.900219 -18.074976 9.956127 21.319216 -14.280703 -30.124578 2.056682 4.301340 3.489106 -5.350989
11.810775 -21.029760 11.272848 19.681408 -12.415612 -29.113779 2.924090 5.947040 3.473393 -6.201157
14.184294 -23.583723 11.630019 19.272738 -10.836624 -27.663948 2.881344 6.145049 2.810941 -5.977928
15.659580 -26.096209 12.301815 19.276749 -7.784548 -25.827536 4.103220 7.059606 3.627676 -5.319257
16.615078 -27.503675 13.003165 18.970245 -5.662235 -24.484579 5.266089 7.847114 2.282816 -4.021259
17.166723 -29.039549 14.335994 18.371758 -3.698383 -22.629211 6.644691 9.247835 0.906553 -2.666312
17.831303 -30.277033 15.071971 17.718676 -1.814388 -21.480360 8.241044 9.575042 -0.490007 -1.601907
18.041609 -30.639559 15.294687 17.386930 -1.254566 -20.978491 8.927587 10.196412 -0.952485 -1.001504
17.995956 -30.555641 15.340496 17.272181 -1.223537 -20.892237 9.108661 10.348180 -1.136863 -0.827353
18.059280 -30.579809 15.269071 17.284382 -1.161891 -20.961283 9.136497 10.316031 -1.124279 -0.853237
18.134489 -30.532431 15.087857 17.380398 -0.997654 -21.232334 9.147906 10.307791 -1.103588 -0.938499
18.177574 -30.272655 14.653193 17.566963 -0.845134 -21.773075 9.147598 10.122955 -1.059651 -1.058178
18.462626 -29.871384 13.930098 17.816916 -0.651289 -22.535738 9.084574 9.589218 -0.929494 -1.398446
18.656096 -29.199368 12.970753 18.138908 -0.642183 -23.519730 8.955453 9.265110 -0.584973 -1.682474
18.687494 -28.216593 12.038301 18.643190 -0.278190 -24.578613 8.840898 8.909568 -0.196491 -1.993047
18.985298 -27.258091 11.148346 18.880499 0.027391 -25.627148 8.723922 8.400856 0.091983 -2.653059
19.235085 -26.365871 10.169286 18.917223 0.076852 -26.795763 8.757869 7.952087 0.274313 -3.244899
19.287914 -25.660357 9.179035 19.214567 0.164916 -27.943707 8.826136 7.413100 0.726644 -3.658109
19.437454 -24.701672 7.944943 19.531967 0.144334 -29.242643 8.859078 6.864441 1.305290 -4.208493
19.220909 -23.587925 7.117525 19.701242 0.060893 -30.321356 8.996470 6.173625 1.528966 -4.818619
19.165956 -22.273939 6.060812 19.800177 -0.257959 -31.584623 9.068311 5.493130 1.302350 -5.247679
19.208803 -21.171019 4.878725 19.667616 -0.723796 -33.242321 9.415597 4.276085 0.148714 -5.763519
19.078003 -19.983675 4.198624 19.556311 -1.230756 -34.388214 9.487783 3.788346 -1.258410 -5.908382
18.958475 -18.708193 3.518925 19.434067 -1.585268 -35.309772 9.668089 3.312548 -2.523685 -5.769386
18.814751 -17.735498 2.885559 19.419889 -1.808436 -36.108315 9.828837 2.958663 -3.473333 -5.591935
18.637348 -16.970619 2.252649 19.527378 -2.087347 -36.758625 10.016060 2.503036 -3.985752 -5.373554
18.498476 -16.340206 1.852184 19.627766 -2.364990 -37.078377 10.073493 2.424904 -4.263780 -5.091168
18.396585 -15.967116 1.623483 19.691317 -2.558728 -37.267506 10.077058 2.360580 -4.345600 -4.947536
18.339750 -15.845483 1.555026 19.751312 -2.600847 -37.282600 10.070767 2.349470 -4.289806 -4.899009
18.463345 -15.960638 1.604899 19.711523 -2.380660 -37.222256 10.147341 2.314733 -4.367918 -4.942252
18.749825 -16.372431 1.665896 19.687777 -1.865120 -37.127182 10.310415 2.174516 -4.392319 -5.036074
19.109127 -17.014263 1.951715 19.633787 -1.055500 -36.747627 10.542949 2.051195 -4.249916 -5.228105
19.640034 -18.000193 2.192927 19.676533 0.078099 -36.297176 10.835763 1.890062 -3.770597 -5.401514
20.449970 -19.646734 2.130859 19.924742 1.549807 -35.849453 11.339880 1.831856 -2.705610 -5.247279
21.205124 -21.055151 2.276968 20.123045 3.354049 -35.258072 11.832705 1.709407 -1.864317 -5.051713
22.061827 -22.506636 2.809186 20.287998 5.192485 -33.911572 12.307758 1.688316 -1.301549 -4.580909
22.821518 -23.865843 3.695992 20.270660 7.333058 -32.336243 12.997492 2.534224 -1.493393 -3.592798
23.820801 -25.160946 4.226034 20.022329 9.471125 -30.739721 14.264471 3.161828 -2.318566 -2.238558
