-2.801707 4.099705 1.095159 -18.058876 4.391972 20.994095 -40.810356 -7.932180 0.179334 -9.208442
-2.801707 4.099705 1.095159 -18.058876 4.391972 20.994095 -40.810356 -7.932180 0.179334 -9.208442
-2.801707 4.099705 1.095159 -18.058876 4.391972 20.994095 -40.810356 -7.932180 0.179334 -9.208442
-3.664055 6.324705 1.986723 -18.290037 4.702440 20.769329 -40.129345 -10.502810 -0.650218 -8.081363
-3.655078 6.329280 2.009065 -18.288471 4.710244 20.778463 -40.136738 -10.522891 -0.638474 -8.087198
-3.653174 6.328024 2.009979 -18.288639 4.708801 20.778147 -40.135067 -10.522377 -0.636880 -8.086125
-3.654839 6.324614 2.009037 -18.292284 4.702799 20.776331 -40.135574 -10.519331 -0.634511 -8.087189
-3.658154 6.323209 2.007677 -18.294172 4.698577 20.775764 -40.137215 -10.516025 -0.633459 -8.087185
-3.655437 6.321486 2.008429 -18.293282 4.696024 20.776577 -40.136562 -10.514797 -0.631327 -8.087132
-3.653592 6.320903 2.009893 -18.292994 4.699152 20.776878 -40.135941 -10.515821 -0.629468 -8.089928
-3.653214 6.322285 2.008845 -18.291565 4.700997 20.775393 -40.133961 -10.517844 -0.628535 -8.089749
-3.653147 6.321279 2.008638 -18.291752 4.701049 20.773024 -40.133884 -10.515935 -0.628764 -8.090219
-3.652644 6.320852 2.009181 -18.291103 4.698791 20.774586 -40.133339 -10.515018 -0.626392 -8.089531
-3.653379 6.316459 2.006010 -18.291588 4.690741 20.776211 -40.133366 -10.507867 -0.622945 -8.087737
-3.653568 6.314080 2.002544 -18.291300 4.687925 20.774218 -40.132278 -10.503398 -0.622597 -8.086907
-3.659686 6.313430 1.998931 -18.293200 4.684189 20.773312 -40.133263 -10.501619 -0.620279 -8.088351
-3.200777 6.278354 1.339410 -17.839407 4.400785 20.449787 -39.717510 -10.938292 -0.431827 -7.823151
-1.852341 6.201287 -0.815299 -16.358719 3.601507 19.312420 -38.248390 -12.180050 0.038116 -6.929543
-0.413069 6.249831 -2.993510 -14.593021 2.408000 18.071495 -36.065456 -13.680583 0.904725 -5.745740
0.669993 6.419081 -4.861681 -12.915669 1.313804 17.301935 -34.231834 -15.169522 1.821090 -4.686831
2.121865 6.272192 -6.642234 -11.076410 0.380085 16.635639 -31.931583 -16.358477 2.563519 -4.118840
3.053975 6.208766 -7.484601 -9.996197 -0.390775 16.509054 -30.160784 -17.159422 3.321460 -3.599624
3.642183 6.506212 -8.327355 -8.925090 -1.157205 16.430420 -28.655266 -18.107630 4.109860 -2.665584
3.852104 6.797106 -8.876777 -8.319397 -1.569509 16.462429 -27.560278 -18.684706 4.743288 -1.809884
3.927325 6.994074 -9.279545 -7.917525 -1.699017 16.347822 -26.805906 -18.933550 5.039876 -1.273717
3.927598 7.080560 -9.494489 -7.742069 -1.666058 16.298424 -26.473637 -18.959990 5.139365 -1.027934
3.384352 7.429309 -9.565631 -7.607821 -1.878310 16.179564 -26.535952 -19.082823 5.297239 -0.676596
2.601094 8.408430 -10.754649 -6.745464 -1.855258 16.009756 -25.724688 -19.242296 5.757111 0.761706
0.885717 10.549516 -12.695665 -4.358700 -1.267809 16.785299 -25.329466 -18.320711 5.915693 4.145986
-1.587537 13.169658 -15.933372 -2.038205 -1.430746 15.122849 -24.754471 -18.626858 4.989733 8.230146
-2.861215 15.372783 -20.939127 0.767352 -1.061766 11.197144 -22.952566 -19.229628 2.954168 11.484284
0.282075 15.072402 -26.570080 3.268866 -0.868947 6.422949 -16.606506 -21.205687 1.670797 12.795976
6.219837 12.526016 -31.206926 4.409961 1.093294 1.575004 -7.010897 -22.812281 1.088859 12.622118
12.693149 9.299313 -34.032822 5.147233 2.718067 -1.752456 -1.116750 -23.400799 -0.033599 10.539390
19.052525 5.946950 -34.946701 6.029836 3.757928 -2.878940 3.142457 -23.487646 -0.896646 7.792240
21.303299 4.855817 -35.300018 6.491652 4.013030 -3.293108 4.841875 -23.502552 -1.110615 7.095712
21.045866 5.120064 -35.348606 6.634113 3.668777 -3.248636 4.730075 -23.730146 -0.960873 7.423063
20.083439 5.847860 -35.167309 6.593403 3.277651 -3.116617 4.817015 -23.976360 -0.350958 8.483606
18.738955 6.996004 -34.635555 6.530130 2.211806 -2.756612 5.204374 -24.685612 0.922517 10.376233
16.379131 8.680091 -33.864651 6.278223 1.151432 -2.195659 5.550101 -25.318472 2.518647 13.076441
14.190096 10.356168 -33.200302 6.245356 0.105409 -1.655015 5.802020 -25.995304 3.957246 15.654150
11.774418 12.019156 -32.176842 5.727391 -0.596156 -0.935509 6.084069 -26.473322 5.565470 18.186829
9.294493 13.506567 -30.655102 4.586291 -0.892163 -0.096510 6.609095 -26.629498 7.423375 20.615419
7.469475 14.315396 -29.365702 3.492997 -0.662156 0.620918 6.610132 -26.272861 8.529799 21.846809
6.288030 14.715076 -28.353998 2.573735 -0.410608 1.151497 6.464857 -25.942003 9.229300 22.369490
5.856306 14.837291 -27.901476 2.151165 -0.329171 1.358015 6.455096 -25.833656 9.537437 22.538174
5.617605 14.919242 -27.575382 1.892967 -0.321054 1.520999 6.455566 -25.797544 9.796840 22.635361
4.899231 15.167616 -26.828886 1.268603 -0.254455 1.861577 6.339552 -25.663609 10.355914 22.862190
3.738768 15.532482 -25.754629 0.262824 -0.052015 2.284574 6.110190 -25.389923 11.102022 23.148621
2.182472 15.873762 -23.926819 -1.479491 0.269082 3.023929 5.767507 -24.922867 12.222151 23.389368
