1.860327 4.496957 6.043260 -22.560408 11.876298 19.520067 -34.781414 -10.417302 -1.490398 -5.410749
1.860327 4.496957 6.043260 -22.560408 11.876298 19.520067 -34.781414 -10.417302 -1.490398 -5.410749
1.860327 4.496957 6.043260 -22.560408 11.876298 19.520067 -34.781414 -10.417302 -1.490398 -5.410749
0.339117 4.384242 5.933684 -23.551731 11.214486 20.799725 -32.305519 -13.579005 -3.511964 -4.689973
0.350928 4.401723 5.955368 -23.543371 11.218480 20.798723 -32.303860 -13.605103 -3.497860 -4.680234
0.358653 4.400578 5.959974 -23.543179 11.216180 20.798876 -32.300613 -13.603565 -3.492270 -4.679663
0.358316 4.396913 5.959022 -23.545515 11.208062 20.797037 -32.300674 -13.601229 -3.488243 -4.679573
0.358332 4.392822 5.957683 -23.547602 11.202327 20.796885 -32.302860 -13.595937 -3.486068 -4.680826
0.363235 4.392922 5.960507 -23.545324 11.198073 20.797693 -32.300793 -13.595682 -3.480750 -4.679719
0.365978 4.393608 5.962413 -23.545042 11.200137 20.795319 -32.301151 -13.593003 -3.477880 -4.680488
0.368741 4.395795 5.961359 -23.541609 11.203027 20.794291 -32.300789 -13.592386 -3.476987 -4.679149
0.371285 4.392586 5.963247 -23.542986 11.201011 20.795258 -32.301552 -13.586466 -3.474171 -4.680713
0.372748 4.390525 5.962842 -23.542788 11.197774 20.796682 -32.300068 -13.583012 -3.470333 -4.681334
0.378364 4.382916 5.961422 -23.543133 11.190366 20.798624 -32.303024 -13.572159 -3.466130 -4.684058
0.384019 4.380404 5.962682 -23.542181 11.188369 20.800005 -32.302944 -13.566767 -3.462628 -4.684307
0.382606 4.376240 5.958653 -23.543957 11.183580 20.797211 -32.305641 -13.556979 -3.458340 -4.686694
0.853902 4.429022 5.480696 -23.048828 10.882707 20.451483 -32.414139 -13.672361 -3.388444 -4.299401
2.248423 4.617239 3.650821 -21.342331 9.835780 19.241716 -32.299393 -13.974610 -3.049624 -2.817293
3.829859 4.909441 1.364289 -19.028828 8.364144 17.650370 -31.951408 -14.392588 -2.619643 -0.865029
4.878156 5.202781 -0.364538 -17.119253 6.956886 16.410999 -31.955452 -14.771214 -2.311317 0.635436
6.033695 5.380150 -2.452173 -14.998545 5.693998 15.473611 -31.113272 -15.116890 -1.770562 1.819697
6.450364 5.749025 -4.120396 -13.189559 4.396723 15.273264 -29.634874 -15.678336 -0.680996 2.756726
6.408329 6.108469 -5.437273 -11.802660 3.107067 15.432684 -28.466978 -16.491554 0.315763 3.527357
6.206967 6.392255 -6.133078 -11.041379 2.187140 15.680949 -27.759068 -17.096497 1.055504 4.039186
6.125786 6.532296 -6.549127 -10.607687 1.730633 15.628940 -27.351192 -17.277716 1.357566 4.455563
6.139650 6.582581 -6.777085 -10.361922 1.543224 15.620047 -27.167320 -17.316980 1.433836 4.667672
5.825237 6.770237 -6.855462 -10.163918 1.231109 15.682701 -27.345488 -17.418783 1.509217 4.764301
5.201839 7.412358 -8.115712 -9.063511 0.273689 15.685151 -26.702585 -17.861937 2.024733 5.749587
4.536610 8.323336 -11.080861 -6.014463 -0.616082 16.361122 -26.090483 -17.237410 1.541427 8.270321
3.730326 9.403585 -14.296484 -3.224106 -1.058989 15.205973 -26.271700 -15.826508 -0.033273 12.098734
1.783878 10.966099 -18.213020 -0.524608 -2.730673 12.236621 -26.306170 -14.953504 -1.771947 16.149187
2.461951 11.939279 -22.637310 2.076026 -2.868870 8.549343 -20.952112 -14.849449 -1.845325 19.874786
6.729271 12.343496 -27.489349 3.685590 0.061808 1.831090 -12.041291 -13.699273 -0.961814 23.767336
10.913525 12.256827 -30.890699 5.160491 2.467911 -2.887334 -4.849918 -12.637449 -0.521430 26.789354
17.463989 10.866511 -31.069511 5.972300 4.819191 -5.650180 0.140712 -11.642120 -0.734168 27.314154
18.774767 10.511788 -30.872362 6.007846 5.144128 -5.993904 1.140257 -11.580739 -0.607224 27.343975
18.608402 10.657424 -30.908474 6.202247 4.708343 -5.775609 1.026144 -11.845617 -0.465164 27.556183
17.565153 10.923311 -30.860334 6.174056 3.906851 -5.143352 1.098679 -12.464610 0.180717 27.729828
15.476351 11.411828 -30.570929 5.901330 2.192106 -3.837251 1.268051 -13.913728 1.661885 27.919138
12.912655 11.916346 -30.342611 5.569772 0.454347 -2.283054 1.143331 -15.304149 3.125416 28.045940
10.399422 12.424720 -29.886057 5.331367 -1.551892 -0.519950 0.591762 -16.805103 4.475778 28.182224
7.891157 12.735713 -29.408222 4.709240 -2.805139 0.951272 0.228550 -17.777081 5.673539 27.980465
4.981368 13.136763 -29.135904 3.888935 -3.981697 2.210996 0.510277 -18.912868 7.296983 27.715878
3.099497 13.276170 -28.607967 3.013338 -4.452333 3.124899 0.489776 -19.529005 8.333936 27.184544
1.801808 13.283833 -27.995930 2.111763 -4.582237 3.706557 0.516006 -19.925320 9.057102 26.614685
1.331758 13.297168 -27.713684 1.751864 -4.662548 3.908981 0.501845 -20.101408 9.338407 26.406033
1.107342 13.328671 -27.450869 1.542368 -4.800863 4.065174 0.454852 -20.279690 9.558267 26.280293
0.530324 13.374494 -26.834072 0.969938 -4.928510 4.416175 0.252807 -20.562632 9.962407 25.882057
-0.543988 13.418293 -25.971537 -0.083932 -4.931201 4.772240 0.064017 -20.912827 10.548040 25.232948
-2.083411 13.419738 -24.943357 -1.596395 -4.762359 5.228206 -0.094631 -21.251554 11.280998 24.332640
