-8.003672 -4.699472 -30.850863 -21.368614 10.611893 7.913073 7.714212 -12.389278 -13.102393 12.702336
-5.019682 -2.118825 -27.232937 -23.133018 11.509370 7.210995 8.788421 -13.607870 -15.195057 16.349886
-7.273579 1.823839 -26.226618 -18.833759 10.306928 10.399487 4.336013 -13.177754 -12.859124 18.293272
-7.721695 6.003855 -25.731472 -16.670612 12.031523 8.458137 0.900105 -10.475413 -12.490800 22.405226
-9.955670 8.377862 -28.314554 -11.184587 11.825439 7.008096 -3.527703 -8.448003 -10.194999 25.345810
-5.036182 10.701387 -27.733482 -4.469577 10.355359 7.231869 -5.436272 -11.799849 -3.714391 25.088867
-2.552893 14.175198 -26.903322 -0.530943 10.744162 7.461021 -5.851890 -12.360806 1.222136 25.363533
-0.453334 15.591335 -24.428104 0.833225 9.589785 9.948573 -6.804787 -14.791132 1.795069 26.778416
1.189757 14.952950 -26.067486 3.966043 7.994297 12.679944 -7.167466 -16.560261 4.495780 23.572430
2.412168 15.430985 -26.507185 6.496950 5.669291 13.587717 -7.441156 -18.754873 5.015414 24.211338
2.571951 15.355596 -26.697357 6.621430 5.658635 13.528709 -7.453276 -18.658522 4.867466 24.095203
3.818690 14.869189 -27.777744 7.659335 5.360745 13.580698 -7.843221 -18.459238 4.386646 22.982061
6.026066 13.918177 -29.192772 8.953248 4.953775 13.655449 -8.052687 -18.250072 3.706912 20.862684
9.318798 12.412180 -31.284296 10.755964 4.350107 13.601970 -8.605341 -17.824697 3.100385 16.760185
12.465786 11.243094 -32.844185 12.423250 3.810747 13.584977 -9.521531 -17.512981 3.191323 12.413940
15.055063 9.897067 -34.691326 13.670577 3.683848 13.496606 -10.118083 -16.845612 3.421012 7.725080
17.446533 8.736628 -36.064037 14.775872 3.963224 13.411987 -11.447642 -15.581763 3.694176 3.031486
19.450974 7.503746 -37.257397 15.560113 4.240881 12.879162 -12.671035 -14.255816 3.246412 -0.569959
20.847008 6.699448 -38.068470 16.138186 4.367237 12.389303 -13.671891 -13.204450 2.684192 -2.880884
21.267298 6.348005 -38.193081 16.109211 4.460112 12.034656 -13.910310 -12.739020 2.574919 -3.820506
21.031307 6.504291 -38.008648 15.974286 4.986339 11.826362 -14.541578 -11.945573 2.576605 -3.840956
17.179411 8.493262 -35.981049 14.157050 7.263048 10.899330 -18.004396 -8.984178 2.230116 -0.701631
11.562962 11.090231 -31.157869 9.701000 9.089679 9.311249 -18.560514 -8.546156 0.448391 8.332455
3.508797 14.083836 -25.745939 4.145637 10.916438 9.514108 -18.721327 -8.242358 1.019037 14.696507
-2.494421 13.703407 -19.797991 -0.412634 10.339169 5.744593 -26.246550 -8.734747 -0.811447 18.908344
-4.440696 11.910359 -13.994606 -3.529588 8.900651 9.638606 -31.737368 -10.547884 -3.063255 16.585466
-3.067597 9.024120 -9.092794 -6.793747 5.645515 11.499846 -32.606323 -15.788051 -4.443710 14.177076
-1.379806 6.472696 -10.722261 -7.069968 5.397384 11.138210 -32.353912 -15.729996 -0.722004 6.831177
0.371971 4.552460 -11.066856 -7.183112 3.787442 9.738283 -34.143406 -15.655619 0.194520 0.800077
1.057195 3.348422 -10.552217 -7.979875 2.910957 9.463235 -34.485870 -16.064680 -0.191838 -1.497648
1.112236 3.202321 -10.375563 -8.182397 2.724285 9.407105 -34.474873 -16.193041 -0.363832 -1.673291
1.043581 2.824402 -9.792471 -8.851030 2.592450 9.732694 -34.773762 -16.352005 -0.558987 -2.528634
1.133336 2.098670 -9.517946 -9.768221 2.620770 10.128449 -34.832123 -16.171497 -1.259095 -3.858561
0.895179 1.026815 -8.858971 -11.279773 2.634039 10.891077 -34.740005 -15.916884 -2.427651 -5.420988
-0.079597 0.189631 -8.164196 -13.028253 2.367337 11.849858 -35.226151 -15.688223 -3.928521 -6.799501
-1.723591 0.182963 -6.792896 -15.212315 2.425710 13.065165 -36.148499 -15.505911 -5.235304 -7.334729
-3.665653 0.740622 -4.583224 -18.002756 2.304280 14.953994 -36.676437 -15.552751 -6.794433 -7.909529
-5.675054 0.897847 -2.534959 -21.342169 2.095388 17.290937 -36.367172 -15.599846 -8.374744 -9.488570
-8.326774 0.970476 0.275389 -25.179079 0.895395 20.114096 -36.394825 -15.982860 -9.971011 -12.822703
-10.193718 1.142305 2.080245 -27.614782 0.016531 21.960140 -36.069965 -16.128788 -10.842568 -15.022718
-10.340530 1.198150 2.275203 -27.861925 -0.043264 22.154516 -35.955078 -16.135952 -10.921969 -15.256536
-10.346187 1.224770 2.287992 -27.858278 -0.030588 22.153013 -35.965748 -16.171236 -10.948256 -15.267345
-10.354772 1.237479 2.280027 -27.833689 -0.028401 22.157421 -35.986229 -16.185465 -10.950406 -15.279267
-10.347673 1.232939 2.285048 -27.835382 -0.034157 22.154650 -35.987282 -16.187105 -10.954601 -15.269170
-10.343459 1.220510 2.286865 -27.849993 -0.058097 22.159557 -35.983917 -16.150822 -10.932410 -15.259000
0.000000 0.000000 0.000000 0.000000 0.000000 0.000000 0.000000 0.000000 0.000000 0.000000
0.000000 0.000000 0.000000 0.000000 0.000000 0.000000 0.000000 0.000000 0.000000 0.000000
0.000000 0.000000 0.000000 0.000000 0.000000 0.000000 0.000000 0.000000 0.000000 0.000000
0.000000 0.000000 0.000000 0.000000 0.000000 0.000000 0.000000 0.000000 0.000000 0.000000
0.000000 0.000000 0.000000 0.000000 0.000000 0.000000 0.000000 0.000000 0.000000 0.000000
