40.457016 19.331570 11.794078 -0.864908 -17.122995 12.512515 10.900465 16.961824 7.977234 -7.075460
40.311684 18.224548 11.587149 -0.026268 -16.344185 11.546982 10.536158 19.359554 7.347483 -5.610433
40.203594 17.227182 10.901649 1.249666 -15.386430 10.230142 10.188523 21.083988 6.255870 -4.039349
39.869453 16.406523 10.125163 2.255385 -14.699629 8.794810 10.246021 22.505684 5.520381 -2.057636
39.039028 15.773401 9.939316 3.001621 -13.479733 7.535062 10.709208 23.532429 4.204816 -0.607267
37.995190 15.602219 10.206251 1.152239 -12.515050 4.978921 13.046703 24.598684 2.522556 -0.595584
36.970158 14.727463 10.361859 0.579610 -11.795897 3.426116 14.532664 25.528830 1.280803 -0.043034
36.090492 14.286290 10.354494 -0.045222 -11.048243 1.647126 16.052725 26.445755 -0.002434 0.283610
35.461586 13.440131 9.977619 -0.348963 -10.214205 -0.006741 17.675020 27.155046 -0.917509 1.408133
34.128372 12.572228 9.756901 -0.353582 -9.303451 -1.466154 19.414116 27.821114 -1.599037 2.536860
32.757694 12.111482 10.116911 -0.491427 -7.903782 -2.423530 21.084393 28.357256 -2.486690 3.566270
31.277910 11.498395 10.656262 -1.221339 -6.057423 -3.535619 23.623554 28.541672 -2.574925 3.957229
29.946806 10.969545 11.232324 -2.013832 -4.539863 -4.890083 25.683643 28.701117 -2.704255 4.119277
28.728476 10.196302 11.938429 -2.725985 -2.262307 -5.971990 27.927324 28.881710 -2.542235 4.232638
27.769476 9.172557 12.797711 -2.996617 0.324149 -6.481197 29.931259 28.675705 -2.147707 4.031199
26.874109 7.794672 13.929503 -2.894911 2.948185 -6.644661 31.405388 28.346884 -1.941932 3.856333
26.083496 6.424879 14.881861 -2.729759 5.469054 -7.022140 32.584930 28.112013 -1.668573 3.606730
25.168137 4.800553 15.861540 -2.325678 8.061393 -7.270113 33.792652 27.676701 -1.632307 3.646486
24.349329 3.442918 16.669630 -1.746814 10.251060 -7.122809 34.786007 26.998159 -1.582381 3.844199
23.647449 1.854339 17.531515 -1.031189 12.222370 -6.729707 35.447456 26.405552 -1.655450 4.230033
23.191776 -0.163496 18.219450 -0.231773 14.136516 -6.494691 35.945858 25.405119 -2.270738 4.786800
22.825241 -2.260218 18.691692 0.723408 15.698023 -6.134948 36.373241 23.963499 -3.079256 5.915604
22.638441 -4.525262 18.829687 1.505394 16.703007 -6.115292 36.777996 23.034332 -3.751358 7.377640
22.729437 -6.868639 18.533728 2.047450 17.096809 -6.515622 37.280933 21.687773 -4.363609 9.202761
22.786856 -8.957655 18.019539 2.600643 16.799841 -6.901594 37.538155 20.187529 -4.804231 11.172832
22.941917 -10.486709 17.558355 3.053237 16.640507 -7.243862 37.619286 19.138828 -5.050030 12.401338
23.018997 -11.440481 17.079519 3.530604 16.452061 -7.644348 37.523861 18.427332 -5.175927 13.188395
23.048960 -12.013762 16.738066 3.959782 16.327923 -7.866574 37.349628 18.019037 -5.146443 13.683378
23.131559 -12.422700 16.401163 4.207707 16.173586 -8.097849 37.243370 17.748392 -5.019028 13.962483
23.247683 -12.623532 16.128042 4.397843 16.044119 -8.250247 37.082420 17.526131 -4.938136 14.021164
23.265650 -12.700184 16.042566 4.439309 15.992907 -8.297518 37.074753 17.462673 -4.893334 14.078193
23.187929 -12.718656 16.090672 4.405484 15.980661 -8.344722 37.137959 17.471500 -4.877418 14.086473
22.979181 -12.789889 16.175777 4.326083 15.839688 -8.369874 37.327244 17.372501 -4.720311 14.174297
22.608120 -12.849154 16.329582 4.142260 15.578926 -8.528312 37.584843 17.382153 -4.563576 14.245426
21.971861 -12.982107 16.746998 3.773966 15.123477 -8.549088 37.993561 17.270992 -4.495673 14.380650
20.969290 -13.073470 17.451605 3.222367 14.435033 -8.497771 38.462593 17.311100 -4.413735 14.502661
19.787476 -13.128550 18.139948 2.661716 13.500397 -8.618481 38.839420 17.318573 -4.218365 14.494723
18.328758 -13.183926 18.996469 1.985412 12.264475 -8.735257 39.187996 17.311131 -3.955118 14.512659
16.735182 -13.248048 20.092047 1.198372 10.986219 -8.685012 39.627132 17.232315 -3.406608 14.301350
15.078815 -13.128544 21.199223 0.306402 9.739724 -8.761560 40.142597 17.326443 -2.548216 13.759138
13.530441 -12.835849 22.249704 -0.474348 8.349801 -8.643889 40.384365 17.393950 -1.620316 13.013586
12.087412 -12.617694 23.278154 -1.193643 7.122232 -8.319107 40.669621 17.669806 -0.545379 12.275520
10.747034 -12.294831 24.242476 -1.507587 6.088449 -7.940664 40.557011 18.052158 0.763156 11.302782
9.579384 -12.026125 24.782827 -1.509373 5.172780 -7.920317 40.311195 18.264803 1.723075 10.549149
8.769795 -11.450110 24.942541 -1.586698 4.307110 -8.065515 40.202156 18.255600 2.664851 10.007749
7.943134 -10.664523 25.184460 -1.439516 3.614968 -8.130144 39.813019 18.124449 3.335300 9.387293
7.355548 -9.905504 25.369793 -1.302693 3.142751 -8.163714 39.458988 18.065695 3.859199 8.745955
6.962619 -9.303502 25.353237 -1.155753 2.764602 -8.345109 39.158623 18.055058 4.265131 8.245014
6.730154 -8.873367 25.216513 -1.076759 2.409887 -8.583331 38.964214 18.069281 4.564983 7.972737
6.640744 -8.597011 25.030764 -1.000769 2.141058 -8.794115 38.816536 18.105539 4.800706 7.842393
6.590301 -8.534460 25.079790 -1.009016 2.119143 -8.819812 38.756344 18.191957 4.787230 7.752642
6.680530 -8.013062 24.613329 -1.013190 1.666788 -8.850962 38.843529 17.908691 5.382811 7.810563
7.329788 -5.793568 22.776663 -0.756058 0.623561 -9.518061 38.619270 17.519636 7.210944 7.489368
8.961263 -2.102279 19.188328 -0.258660 -1.534656 -10.447613 37.945244 16.804680 10.222354 7.258143
11.015957 1.485667 14.960011 1.011077 -4.284297 -10.887642 36.792313 15.416834 13.499753 8.239344
13.817835 3.691716 10.800003 3.008909 -7.145592 -11.049187 34.045788 13.934256 14.858901 10.123271
19.460171 4.511612 4.457655 6.055588 -8.893212 -12.619711 30.361156 11.044312 14.197692 11.526182
25.749498 2.559625 -2.084790 11.137156 -12.011153 -12.352634 24.799763 4.953217 12.263554 13.858362
28.581964 -1.110241 -4.877692 14.008937 -15.383953 -9.932446 22.437080 -2.764332 11.233048 16.594175
29.635571 -2.946434 -2.370219 14.166896 -16.525095 -3.671868 21.313231 -7.043180 9.856377 17.089052
27.600636 -4.463434 4.224030 14.146635 -17.178690 5.448041 20.210501 -9.514917 7.283272 17.105743
25.990856 -5.445273 9.685248 13.461999 -19.917824 11.905748 18.269482 -9.855889 4.732648 15.617016
25.724739 -7.008317 14.265715 10.027804 -25.010817 15.280158 15.816828 -9.689356 0.563983 10.822848
25.741667 -9.466547 19.261101 7.663699 -27.695080 18.230038 12.364595 -10.461780 -3.557299 4.988901
27.253191 -12.381825 20.847864 6.142667 -29.511637 17.356861 8.958961 -13.131535 -5.392634 -1.432902
28.231426 -17.546818 22.714029 6.055779 -30.441332 16.590431 4.992006 -9.772819 -5.438499 -5.191144
27.057884 -21.750700 25.965693 5.832657 -30.960360 16.207756 2.258654 -2.103173 -5.559500 -7.907248
24.300240 -22.703138 27.250086 7.005884 -31.600769 14.637879 0.328766 5.836251 -4.084301 -7.612883
22.130299 -22.652468 27.201426 8.301706 -32.640732 12.952332 -1.302238 12.846504 -1.412725 -6.533402
20.970367 -22.526665 27.287167 9.430701 -32.705540 12.220566 -2.541468 15.789865 -0.249668 -6.208136
20.613548 -22.139139 27.316063 9.650539 -32.812202 12.102489 -2.846522 16.413055 -0.116282 -6.320062
20.786053 -22.318701 27.224169 9.746392 -32.872673 12.160571 -2.963949 16.278172 -0.242512 -6.261157
21.175003 -22.547747 26.957560 10.023909 -33.042210 12.349344 -3.279691 16.014786 -0.425048 -6.157606
21.819960 -22.729374 26.523634 10.371637 -33.418468 12.694407 -3.606008 15.010756 -1.038709 -6.106265
22.789028 -22.806946 25.869768 10.635107 -33.883034 13.066469 -3.996386 13.260376 -2.074311 -6.410663
24.062185 -22.745832 25.118788 11.033772 -33.777771 13.739152 -4.312535 10.723244 -3.392428 -6.656175
25.398901 -22.919907 24.454369 11.328391 -33.752346 14.270632 -4.700202 8.016088 -4.716182 -7.356961
26.798374 -22.995533 23.560923 11.572104 -34.240105 14.753059 -5.064404 5.352526 -5.995576 -7.797462
27.923082 -22.572351 22.832287 11.642569 -34.597561 15.285568 -5.323060 2.434006 -6.674610 -8.464127
28.920773 -22.252981 21.899729 11.612581 -35.167355 15.356057 -5.494096 0.399654 -6.934832 -8.806231
30.022614 -21.853912 20.649916 11.532414 -36.308678 15.375024 -5.578125 -1.535644 -7.038871 -8.675043
30.793892 -20.795849 19.264587 11.867086 -36.944275 15.110935 -5.916412 -3.105309 -7.208609 -8.608261
31.593019 -19.656387 17.740942 12.356226 -37.764843 14.742904 -6.396157 -5.101986 -7.285365 -8.715878
32.141010 -18.914589 16.197914 13.133986 -38.930069 14.449572 -6.798219 -6.789067 -6.993930 -8.097466
32.784473 -18.195101 14.548503 14.266853 -39.869511 14.375424 -7.585710 -7.732807 -6.932886 -7.263484
33.439854 -17.490393 13.150213 15.440645 -40.438961 14.179379 -8.564182 -8.361507 -6.914250 -7.000059
33.995693 -16.893972 11.935596 16.589258 -40.878670 14.118749 -9.409573 -8.918982 -6.888680 -6.587403
34.279015 -16.193701 11.019737 17.498495 -41.220722 14.144158 -10.060135 -9.137018 -6.729421 -6.204252
34.468548 -15.879668 10.451692 18.132034 -41.430237 14.206911 -10.530169 -9.176102 -6.581021 -5.910378
34.551750 -15.685893 10.189511 18.421238 -41.465153 14.252072 -10.700178 -9.208474 -6.498580 -5.718892
34.565914 -15.601265 10.133383 18.470150 -41.453732 14.277468 -10.692561 -9.226820 -6.474538 -5.636199
