-13.130066 -0.260699 -2.526108 -24.871044 0.189195 25.520176 -34.415634 -13.664266 -5.264006 -20.961166
-13.130066 -0.260699 -2.526108 -24.871044 0.189195 25.520176 -34.415634 -13.664266 -5.264006 -20.961166
-13.130066 -0.260699 -2.526108 -24.871044 0.189195 25.520176 -34.415634 -13.664266 -5.264006 -20.961166
-10.333286 1.664147 1.822936 -28.383562 1.663587 23.963060 -33.583275 -14.644816 -8.598935 -17.175791
-10.356671 1.671743 1.804761 -28.355639 1.679281 23.952053 -33.594429 -14.711755 -8.603753 -17.223667
-10.359810 1.670114 1.805404 -28.356716 1.673712 23.951666 -33.595650 -14.719824 -8.602609 -17.226213
-10.362593 1.669245 1.803391 -28.356256 1.674841 23.945646 -33.596535 -14.720626 -8.600130 -17.230133
-10.365339 1.667886 1.800927 -28.354656 1.672597 23.948013 -33.597527 -14.721953 -8.599659 -17.233120
-10.368832 1.665265 1.793301 -28.349224 1.670964 23.948441 -33.603970 -14.711790 -8.591610 -17.240177
-10.368193 1.666823 1.797284 -28.352400 1.674428 23.943550 -33.602962 -14.721657 -8.596807 -17.242109
-10.369980 1.666159 1.794046 -28.347301 1.674277 23.943907 -33.602211 -14.728207 -8.597007 -17.244965
-10.372713 1.667020 1.793601 -28.346027 1.673458 23.943876 -33.602070 -14.729509 -8.596088 -17.245708
-10.375587 1.667264 1.789494 -28.342083 1.671316 23.946922 -33.603298 -14.730428 -8.593058 -17.248480
-10.377852 1.666892 1.786196 -28.337257 1.667021 23.955038 -33.605659 -14.726236 -8.586457 -17.249249
-10.381862 1.665039 1.780581 -28.333563 1.664390 23.956888 -33.607307 -14.719367 -8.582067 -17.250683
-10.382799 1.664117 1.776420 -28.328333 1.665955 23.958921 -33.609940 -14.723186 -8.579772 -17.259277
-9.421782 1.415644 0.856433 -27.214895 2.083055 23.139494 -33.956127 -14.714927 -8.309089 -16.341076
-6.614410 1.202502 -1.979931 -23.450445 3.309150 20.568270 -34.154945 -14.503525 -7.199024 -13.179590
-4.202565 1.170473 -4.409870 -19.690248 4.128799 18.173798 -34.228939 -14.212092 -5.862227 -10.617242
-1.957103 0.927773 -6.531499 -16.599298 4.572855 16.376554 -34.225101 -13.842743 -4.953428 -9.627231
-0.487001 1.197691 -8.052986 -14.258999 4.918334 15.311870 -33.535061 -13.668134 -4.063183 -8.207744
0.905400 2.026637 -9.162938 -11.901747 5.363708 14.637953 -32.864452 -13.376320 -2.997875 -6.984692
1.483028 3.138114 -9.544705 -10.375944 6.036283 14.745977 -32.774418 -13.240288 -1.784756 -5.487091
1.697662 4.123845 -10.030535 -9.006518 6.567078 14.851955 -32.322571 -13.156071 -0.768484 -3.839675
1.656009 4.840420 -10.462502 -8.032528 6.808957 14.713155 -32.142330 -12.872867 -0.213395 -2.758075
1.657331 5.056761 -10.755441 -7.696393 6.890471 14.596845 -31.905481 -12.769724 -0.112006 -2.281389
1.005994 5.775309 -10.633337 -7.406378 6.964922 14.534246 -32.076759 -12.754296 0.170042 -1.073134
-0.971970 7.449182 -10.851186 -6.917880 7.634338 14.460055 -31.409220 -12.855373 0.634702 3.380552
-1.724956 8.833234 -10.222592 -6.960371 8.311598 15.177430 -29.939882 -13.111186 -2.243200 9.410148
-3.059009 10.945149 -11.606288 -5.113139 8.830233 12.998186 -29.728348 -11.963358 -4.518670 16.232346
-4.324227 15.008918 -17.880976 -2.763473 11.970963 7.927854 -27.953701 -5.674671 -3.849080 19.409603
-0.279096 16.508751 -23.304951 1.547508 9.605515 4.444279 -21.892639 -7.431942 -2.770047 20.965467
5.987205 14.092996 -30.714663 5.721357 6.883067 0.770705 -18.075546 -9.602039 -2.281871 16.939402
13.816247 11.402877 -35.911736 10.569386 5.331233 -0.988569 -17.558218 -9.703726 -1.571100 9.484016
19.255981 9.038305 -38.453484 12.939782 3.675379 -0.112713 -13.941364 -11.930759 -0.689005 3.849422
21.320797 8.261568 -38.894714 13.492426 2.329597 0.194832 -11.285415 -14.195579 -0.151342 2.696888
21.023741 8.573490 -38.797245 13.556317 2.222783 0.439730 -11.334172 -14.411183 -0.136943 3.357693
20.451996 9.088611 -38.430103 13.247783 2.177235 0.659058 -10.526669 -14.975294 0.002219 4.816656
18.704548 10.448702 -37.161770 12.744568 1.730187 1.369165 -9.387464 -16.525053 0.871265 8.083920
16.204027 11.647709 -35.904079 11.781547 1.516935 1.851850 -8.173457 -17.805374 1.167861 12.186061
13.358041 12.927545 -34.343231 10.921098 1.301735 2.327415 -7.520784 -18.982901 1.232823 16.785809
10.353209 14.137109 -32.664349 9.328299 1.609252 2.448611 -6.467552 -19.704973 1.444004 21.023125
7.036497 15.505193 -30.673601 7.340398 2.131359 2.256834 -5.593017 -20.211252 2.061040 25.222275
4.535158 16.754930 -28.941000 6.017210 2.611821 2.327214 -5.300511 -20.523951 2.575784 28.454865
2.764241 17.558733 -27.596582 4.841488 3.030258 2.366264 -5.000186 -20.671095 2.993359 30.395903
2.129013 17.869968 -27.058054 4.394244 3.184710 2.409337 -4.813239 -20.742107 3.207050 31.082676
1.744986 18.098034 -26.624313 4.125043 3.257304 2.474564 -4.726449 -20.829075 3.421612 31.482311
0.528224 18.634674 -25.459560 3.233004 3.593035 2.594068 -4.473136 -20.948044 3.968089 32.518478
-1.602699 19.400909 -23.684559 1.619910 4.206962 2.477456 -4.271890 -20.843489 4.572047 34.101631
-4.042729 20.327770 -21.257109 -0.152559 4.887560 2.710271 -4.152420 -21.049141 5.975889 35.583885
