-2.874444 -3.607923 5.487107 -32.979065 -5.830461 8.149241 -37.691597 -1.252910 6.525261 -5.402594
-2.874444 -3.607923 5.487107 -32.979065 -5.830461 8.149241 -37.691597 -1.252910 6.525261 -5.402594
-2.874444 -3.607923 5.487107 -32.979065 -5.830461 8.149241 -37.691597 -1.252910 6.525261 -5.402594
-2.874444 -3.607923 5.487107 -32.979065 -5.830461 8.149241 -37.691597 -1.252910 6.525261 -5.402594
-2.874444 -3.607923 5.487107 -32.979065 -5.830461 8.149241 -37.691597 -1.252910 6.525261 -5.402594
-3.714458 -4.307479 4.629557 -33.681053 -6.351626 9.426999 -35.953934 -2.498682 5.086410 -5.161737
-3.662997 -4.324212 4.673019 -33.705589 -6.338443 9.486232 -35.886665 -2.550794 5.091812 -5.171703
-3.681461 -4.320951 4.674702 -33.718719 -6.351253 9.444148 -35.893856 -2.548321 5.101947 -5.169272
-3.689958 -4.311991 4.673474 -33.715134 -6.343179 9.440564 -35.893780 -2.561301 5.093760 -5.166893
-3.690128 -4.311169 4.674422 -33.714886 -6.343371 9.439072 -35.893353 -2.562741 5.093793 -5.166185
-3.689767 -4.311470 4.674346 -33.715294 -6.342159 9.438722 -35.893501 -2.561391 5.093884 -5.167577
-3.688975 -4.312425 4.676314 -33.715366 -6.345279 9.439612 -35.894272 -2.561325 5.096111 -5.168302
-3.688951 -4.313025 4.675043 -33.715282 -6.344594 9.438846 -35.894348 -2.560466 5.093345 -5.167295
-3.690339 -4.312524 4.675209 -33.716431 -6.346096 9.437451 -35.894032 -2.562565 5.094198 -5.166126
-3.691355 -4.311840 4.674950 -33.716427 -6.346201 9.436145 -35.891804 -2.564082 5.093756 -5.164704
-3.690360 -4.311797 4.675885 -33.715454 -6.345911 9.438037 -35.891937 -2.563970 5.094072 -5.165498
-3.690549 -4.313428 4.675594 -33.716976 -6.348210 9.438492 -35.890247 -2.563693 5.095078 -5.164903
-3.690595 -4.313350 4.674356 -33.717106 -6.349188 9.437362 -35.890293 -2.563794 5.094816 -5.163838
-3.692792 -4.312762 4.674026 -33.718002 -6.349154 9.435520 -35.890781 -2.564107 5.094559 -5.164393
-3.692584 -4.312726 4.673788 -33.716919 -6.349249 9.436220 -35.891071 -2.563677 5.094872 -5.165003
-3.693148 -4.312133 4.673399 -33.716431 -6.350206 9.434454 -35.889606 -2.563460 5.096416 -5.164204
-3.694305 -4.310478 4.672974 -33.715672 -6.348719 9.433407 -35.889721 -2.565503 5.094854 -5.163709
-3.690698 -4.311849 4.674844 -33.714794 -6.348432 9.436459 -35.888885 -2.563453 5.096289 -5.165041
-3.690100 -4.312333 4.675209 -33.714737 -6.350581 9.435764 -35.888756 -2.563670 5.097044 -5.164641
-3.690023 -4.310070 4.675423 -33.712688 -6.350123 9.437366 -35.887581 -2.567116 5.097705 -5.164585
-3.689860 -4.309812 4.674464 -33.712318 -6.349751 9.436110 -35.889027 -2.566365 5.097160 -5.163902
-3.688293 -4.311336 4.676808 -33.713634 -6.351176 9.436147 -35.889618 -2.565527 5.098163 -5.164436
-3.689015 -4.312536 4.675669 -33.714462 -6.352649 9.433753 -35.891930 -2.562101 5.097934 -5.164309
-3.690041 -4.311007 4.676105 -33.713406 -6.353265 9.435555 -35.891846 -2.566072 5.096935 -5.164077
-3.691372 -4.309945 4.676178 -33.713612 -6.351357 9.434863 -35.891521 -2.567442 5.095681 -5.163982
-3.690665 -4.309408 4.676372 -33.712944 -6.350482 9.435311 -35.892067 -2.566651 5.097161 -5.165088
-3.575977 -4.301353 4.577960 -33.587429 -6.451727 9.369834 -35.941818 -2.602433 5.117953 -5.079556
-3.212594 -4.265148 4.191023 -33.182159 -6.719785 9.125814 -35.947006 -2.696104 5.225911 -4.764994
-2.619494 -4.170169 3.378667 -32.433159 -7.239326 8.566398 -35.849903 -2.865731 5.451303 -4.089449
-1.817696 -4.091851 2.366980 -31.413912 -7.912949 7.911256 -35.744270 -3.023829 5.712638 -3.252963
-0.949607 -3.968146 1.034677 -30.120832 -8.565246 7.174382 -35.373390 -3.149335 6.012719 -2.245727
-0.185531 -3.896621 -0.006876 -28.963650 -9.271386 6.687778 -35.199902 -3.302486 6.197877 -1.428246
0.388972 -3.821850 -0.905573 -28.003485 -9.891805 6.224051 -35.154896 -3.486116 6.311110 -0.743852
0.886420 -3.656397 -1.808755 -27.018015 -10.598941 5.712554 -35.114384 -3.749230 6.442025 -0.033059
1.386982 -3.536004 -2.759859 -26.047373 -11.211196 5.426746 -34.914341 -4.061544 6.609768 0.487451
1.746473 -3.445564 -3.764499 -24.972492 -11.695598 5.582644 -34.259388 -4.273434 6.892925 0.759265
2.070713 -3.233949 -4.669093 -23.849314 -12.325692 5.959779 -33.498180 -4.719928 7.397354 1.068581
2.304053 -3.076002 -5.375932 -22.930260 -12.777749 6.499082 -32.522263 -5.132143 7.976150 1.211220
2.475124 -2.870429 -6.226097 -21.994488 -13.177669 6.955338 -31.425220 -5.587437 8.574761 1.499618
2.643204 -2.689626 -6.872148 -21.159737 -13.742331 7.493774 -30.975237 -6.045792 8.951314 1.782750
2.701392 -2.538602 -7.479982 -20.439600 -14.209621 8.007359 -30.565172 -6.357081 9.301368 2.009245
2.706357 -2.437031 -8.016297 -19.898771 -14.404248 8.509595 -30.148466 -6.520236 9.561152 2.150279
2.731405 -2.382200 -8.400486 -19.454470 -14.560419 8.870676 -29.896976 -6.567486 9.680348 2.268190
2.789210 -2.336751 -8.779907 -19.069540 -14.649693 9.076583 -29.576057 -6.562719 9.767837 2.434296
2.869427 -2.284625 -9.080506 -18.748693 -14.760193 9.137135 -29.374540 -6.555227 9.809413 2.636807
2.896458 -2.273465 -9.168077 -18.658060 -14.783703 9.159805 -29.303698 -6.551023 9.820368 2.693822
2.823084 -2.218394 -9.236033 -18.555626 -14.829515 9.353843 -29.297653 -6.597787 9.883620 2.657794
2.623724 -2.058087 -9.561117 -18.232338 -14.987368 9.406395 -29.181026 -6.619413 9.946017 2.817586
2.458592 -1.730259 -10.174779 -17.625128 -15.291595 9.462035 -29.116549 -6.783969 10.002941 3.295988
1.993466 -1.276486 -11.484816 -16.597847 -15.719357 9.452336 -28.480591 -6.846569 10.273527 4.188536
1.414082 -0.788611 -12.794469 -15.191169 -16.558371 9.649820 -28.511452 -6.801071 10.217925 5.499696
1.660966 -0.778326 -13.404280 -13.738461 -17.119318 11.322623 -28.709442 -6.434873 9.845853 6.314218
1.534953 -0.667823 -15.443748 -11.797611 -17.339392 12.535432 -28.664225 -5.507004 8.988155 7.616006
1.631446 -0.410049 -17.159184 -10.409443 -17.153084 12.710410 -27.615139 -4.975266 8.735888 8.519984
1.040466 0.242286 -18.863955 -9.241648 -16.990227 12.503112 -26.496969 -4.959272 8.375662 9.355326
1.930659 0.517082 -20.627216 -7.486689 -17.359776 12.290856 -26.106390 -4.499567 7.547137 10.637648
1.838847 1.087040 -22.254316 -6.317066 -19.050062 11.432809 -23.571619 -5.795178 8.810483 11.932167
4.005535 0.823241 -24.058811 -4.845693 -18.416531 10.404817 -21.232924 -5.326012 8.345853 12.856350
7.125218 0.819753 -26.615337 -3.292202 -16.490364 7.694824 -18.935614 -3.627206 7.388215 14.631881
9.835636 0.520567 -27.681601 -2.307043 -15.714911 5.929529 -16.949436 -2.821676 6.809238 16.218603
12.475025 0.185549 -28.985630 -0.979253 -15.081478 4.223598 -15.515456 -1.857348 5.844329 17.726019
15.429395 -0.014263 -30.280321 0.604236 -14.847466 2.426366 -13.957430 -1.357469 4.584474 19.748209
19.280056 -0.672101 -30.398064 1.634305 -14.252316 1.158906 -12.141944 -0.954881 3.634473 20.815567
22.324310 -1.127110 -30.702286 2.346586 -13.616977 -0.184688 -9.732087 -0.688437 3.578863 21.598686
23.488771 -1.405838 -30.867764 2.647519 -13.452304 -0.767118 -9.110251 -0.417991 3.331770 21.935148
23.801455 -1.479442 -30.861723 2.691113 -13.429585 -0.906338 -8.944437 -0.397072 3.305453 21.988440
23.722450 -1.435048 -30.867018 2.714014 -13.542942 -0.844269 -8.945598 -0.484293 3.380069 22.028109
23.597980 -1.322637 -30.881535 2.844978 -13.881848 -0.680795 -8.991145 -0.712803 3.524154 22.183670
23.246735 -1.194522 -30.881502 2.901834 -14.271570 -0.418434 -8.974932 -0.999161 3.790844 22.303322
22.553349 -1.024265 -30.831684 2.857589 -14.811796 0.000899 -8.913577 -1.452056 4.234271 22.382563
21.672510 -0.747014 -30.744040 2.802128 -15.620291 0.577702 -8.669654 -2.227737 5.003978 22.514172
20.601688 -0.436920 -30.719343 2.819344 -16.578873 1.229793 -8.661294 -2.965611 5.655158 22.757202
19.176104 -0.104835 -30.786026 2.746467 -17.492550 1.851656 -8.647470 -3.621526 6.312958 23.054417
17.826214 0.184430 -30.622055 2.615969 -18.363365 2.686021 -8.843959 -4.325655 6.908837 23.154572
16.497816 0.468929 -30.382488 2.534791 -19.339880 3.623912 -9.050084 -5.108219 7.510073 23.286638
15.205901 0.759604 -30.010607 2.441969 -20.436886 4.616691 -9.366577 -5.937985 8.167930 23.409557
13.955679 0.955110 -29.647081 2.199839 -21.192728 5.470981 -9.614796 -6.545466 8.730451 23.397755
12.795835 1.194227 -29.554745 2.121212 -21.811953 6.176982 -9.698750 -7.041592 9.281396 23.432579
11.537176 1.442348 -29.560892 1.986661 -22.419573 6.805445 -9.572336 -7.605392 9.967546 23.403408
10.185489 1.685725 -29.367424 1.674024 -23.075897 7.499479 -9.452943 -8.274220 10.814422 23.260048
9.070563 1.839391 -29.113791 1.329431 -23.511101 8.141380 -9.479779 -8.742384 11.451427 23.046638
8.169457 1.908782 -28.794930 0.891068 -23.643476 8.682168 -9.481529 -9.046712 11.939816 22.689980
7.408028 1.932652 -28.429720 0.420537 -23.693857 9.137876 -9.474556 -9.303597 12.347319 22.327660
6.793773 1.949334 -28.056847 0.003083 -23.769997 9.511542 -9.534475 -9.520594 12.670956 22.038090
6.434330 1.959112 -27.814880 -0.257131 -23.825981 9.724083 -9.580906 -9.651907 12.869811 21.863663
6.302789 1.966954 -27.725906 -0.361427 -23.843441 9.785250 -9.575153 -9.707540 12.950624 21.805794
6.241990 1.972865 -27.661976 -0.409014 -23.886234 9.835255 -9.588921 -9.754613 13.005547 21.775593
6.113038 1.991678 -27.465776 -0.538065 -23.987223 9.956412 -9.633313 -9.872148 13.149714 21.693825
5.896123 2.010465 -27.172606 -0.761677 -24.073654 10.151864 -9.699368 -10.021705 13.349663 21.522970
5.614717 2.029192 -26.805601 -1.040692 -24.131617 10.408367 -9.859628 -10.158051 13.541926 21.290894
5.164756 2.031794 -26.402477 -1.458880 -24.121162 10.639814 -10.000326 -10.268159 13.765325 20.978846
4.641472 2.012842 -25.824350 -2.074924 -24.109306 10.920781 -10.228348 -10.443582 14.061322 20.523514
3.844384 2.027340 -25.111893 -2.885753 -24.128685 11.306033 -10.470548 -10.734460 14.506163 19.956970
3.063406 2.003825 -24.617210 -3.581134 -23.985695 11.599247 -10.767179 -10.761808 14.716756 19.486507
2.074154 2.020652 -24.173569 -4.291028 -23.803436 11.923013 -11.227943 -10.774528 14.864480 18.914051
