21.549782 7.233012 -1.991177 -16.270864 8.746519 -1.456047 8.428241 -8.281702 31.449673 9.579275
21.416882 6.501976 -3.405611 -16.701874 9.555430 -2.614342 9.394117 -6.492018 31.583523 9.279617
20.263056 6.025097 -5.237583 -17.219576 10.907382 -4.052590 9.901795 -4.849897 30.895519 8.901356
19.294624 5.735509 -6.714559 -17.557388 11.909630 -5.074609 10.092335 -3.600763 30.300251 8.654826
17.997944 5.754736 -8.492354 -17.663614 12.892636 -6.141121 9.979452 -2.443432 29.781050 8.538009
14.041528 5.434285 -12.219262 -18.483845 12.668210 -7.322706 12.148988 -3.249575 27.468136 9.476614
12.306207 5.532933 -14.383709 -18.486256 12.846996 -8.129898 12.641522 -3.298350 26.559113 9.781244
11.088128 5.433800 -16.070726 -18.793077 14.903021 -9.435781 12.703189 -2.622907 24.802820 9.536185
10.100995 5.237236 -17.018711 -19.393513 16.715881 -10.185675 12.907328 -2.257919 23.376240 8.960802
10.014196 5.269661 -17.420626 -19.516281 19.277451 -11.205236 12.675459 -1.957830 21.454559 8.507481
9.546525 5.218987 -18.013113 -19.577225 20.872782 -11.987489 12.897333 -2.056472 19.815603 8.322319
9.431048 5.056709 -18.506609 -19.620295 22.673311 -12.964380 12.944860 -1.828558 18.043192 8.016742
8.897612 4.870756 -19.144073 -19.895317 24.052290 -13.802859 13.230331 -1.941524 16.186895 8.058268
8.953937 4.959381 -19.830063 -19.772820 26.217875 -14.922585 13.650856 -2.093414 13.953912 8.299599
9.032107 5.085340 -20.524757 -19.577951 28.311647 -15.830029 13.805006 -2.091695 12.006977 8.440642
8.952535 5.021847 -21.415142 -19.488928 30.193745 -16.793852 14.138710 -1.939604 10.098528 8.602629
8.165949 5.485908 -22.004698 -19.163683 31.437538 -17.277540 13.882524 -2.604036 8.289990 8.890026
7.033421 5.645573 -22.674191 -19.054068 31.836094 -17.477947 13.518019 -2.955089 6.998229 9.078110
5.554360 5.757506 -23.480034 -19.169645 32.067501 -17.821928 13.141688 -3.227067 5.846905 9.275019
4.280572 5.541790 -24.421558 -19.282675 31.910671 -18.030115 12.530385 -2.977675 4.852329 9.394683
3.161769 5.348083 -25.173838 -19.399696 31.915771 -18.100370 11.835776 -2.640314 3.967820 9.367517
2.244146 5.179732 -25.904549 -19.381241 31.708122 -18.184412 11.408465 -2.482655 3.219754 9.502970
1.258533 5.063622 -26.820145 -19.219759 31.440266 -18.482203 10.933481 -2.279320 2.282691 9.827719
0.601843 5.075940 -27.640430 -18.862835 31.263760 -18.726164 10.602974 -2.127284 1.423776 10.323450
0.160019 5.128693 -28.142900 -18.534309 30.946833 -18.814295 10.210947 -2.172839 0.809082 10.695927
-0.179190 5.106298 -28.560955 -18.319094 30.679800 -18.885792 9.768203 -2.100168 0.295617 10.963528
-0.423091 4.997983 -28.882788 -18.162891 30.427443 -18.821562 9.196535 -1.889681 -0.153812 11.092255
-0.583496 4.906771 -29.135990 -17.970839 30.200035 -18.729855 8.676794 -1.707193 -0.571809 11.193286
-0.707627 4.907803 -29.266491 -17.801592 29.960377 -18.605633 8.331032 -1.703081 -0.802949 11.293858
-0.749130 4.922060 -29.311701 -17.695751 29.807634 -18.509361 8.180395 -1.726268 -0.876265 11.357660
-0.801162 4.931572 -29.355465 -17.668106 29.756218 -18.490688 8.137254 -1.738281 -0.907777 11.385233
-0.826927 4.923983 -29.351315 -17.684732 29.705807 -18.467827 8.184959 -1.812812 -0.887000 11.394602
-1.008710 4.882643 -29.388283 -17.772017 29.568850 -18.403732 8.310423 -1.979272 -0.842081 11.402321
-1.276597 4.852698 -29.402653 -17.889189 29.267818 -18.273684 8.544830 -2.358644 -0.720270 11.439177
-1.674021 4.888825 -29.481783 -18.020409 28.888489 -18.176863 8.982656 -2.960130 -0.538427 11.565603
-2.172177 4.922754 -29.606098 -18.186523 28.424059 -18.110165 9.483227 -3.617230 -0.310079 11.696980
-2.948827 4.913406 -29.805304 -18.492544 27.621836 -18.050510 9.944797 -4.503063 -0.041268 11.865530
-3.979485 4.896135 -29.930937 -18.893867 26.657297 -17.782003 10.224195 -5.587569 0.156047 11.966305
-4.635699 4.894840 -29.870522 -19.192930 25.567764 -17.446501 10.515381 -6.748534 0.484922 12.113798
-5.411510 4.881973 -29.756187 -19.580444 24.459545 -17.123735 10.744156 -7.899349 0.855789 12.222477
-6.143394 5.012391 -29.619459 -19.851555 23.337793 -16.822495 11.138334 -9.195525 1.299448 12.464619
-6.722032 5.185444 -29.429338 -20.051298 22.252804 -16.589153 11.351433 -10.458777 1.586373 12.751991
-7.077662 5.305892 -29.168190 -20.114946 21.156290 -16.255346 11.662513 -11.607116 1.917844 13.082541
-7.135114 5.416355 -28.980150 -19.970465 20.119558 -16.000204 12.134674 -12.559365 2.323717 13.487040
-6.846552 5.444252 -28.860975 -19.762302 19.461380 -15.968843 12.477503 -13.088082 2.389078 13.916815
-6.915858 5.488806 -28.754553 -19.696810 18.967503 -15.865368 12.646580 -13.567554 2.440134 14.137510
-6.949989 5.539724 -28.496782 -19.720749 18.688377 -15.684023 12.758858 -13.888045 2.649443 14.141832
-6.683640 5.562036 -28.263788 -19.624598 18.463291 -15.535610 12.863649 -14.047894 2.869731 14.192915
-6.309797 5.538579 -28.083036 -19.557196 18.351685 -15.470214 13.019503 -14.100530 3.048192 14.253393
-6.105404 5.569042 -27.920776 -19.528915 18.324240 -15.384272 13.091122 -14.149597 3.197638 14.254932
-6.044574 5.572335 -27.862247 -19.529350 18.328033 -15.355433 13.087256 -14.160028 3.233381 14.236187
-6.244901 5.523644 -27.697403 -19.728382 18.246012 -15.197477 12.895335 -14.246746 3.349758 13.955961
-6.278058 5.416737 -27.171949 -20.192030 18.528086 -14.870664 12.605987 -14.111696 3.787370 13.131471
-5.419349 5.252851 -25.976828 -20.777317 19.013603 -14.312195 12.172889 -13.675241 4.840822 11.870972
-2.671324 4.835187 -24.514275 -20.647343 19.917309 -13.750412 11.437944 -12.351550 5.557731 10.510445
0.192477 4.168715 -22.785732 -20.900349 20.520638 -12.835571 10.531306 -10.471556 6.979009 8.928429
2.047973 3.132936 -20.286522 -22.199003 22.084522 -11.556276 8.533473 -7.366768 8.689681 5.853146
5.181370 2.556406 -17.687851 -22.241711 22.613556 -10.116398 3.709407 -1.037075 14.392957 1.455122
6.079070 2.508656 -15.529938 -22.047596 21.704058 -7.355259 -1.491452 3.637271 18.888430 -2.154057
7.211559 2.226282 -12.267844 -23.138515 21.702211 -5.739562 -5.283544 6.187454 20.538643 -4.067153
10.380121 3.250887 -9.971307 -21.016125 19.708384 -4.769111 -12.089499 9.897175 22.652363 -4.255173
13.921992 1.874207 -9.006255 -19.538927 14.549453 -3.600305 -14.390419 11.530940 23.977686 -2.647512
17.535139 0.151228 -7.821672 -18.217758 11.826146 -2.717803 -16.745501 12.821015 22.777416 -1.385944
21.379940 -1.613664 -8.041913 -15.585629 9.348202 -1.229616 -19.066824 13.913670 19.821915 0.813377
24.696537 -3.219752 -8.255854 -13.188857 6.225258 0.528162 -20.169188 14.331603 17.172855 3.345265
29.454981 -6.958986 -7.858463 -12.756301 4.839959 2.317031 -19.693741 16.226416 14.001252 5.599201
31.241129 -8.419732 -10.436733 -11.424358 4.898833 2.517576 -15.801262 17.436773 11.706918 8.514893
32.700356 -10.347015 -13.083308 -10.195044 4.512373 2.785530 -11.356739 18.760551 9.957153 10.969860
32.737965 -11.912385 -14.803556 -10.061061 4.699355 2.540608 -9.477212 20.085234 8.215817 12.034145
32.675453 -12.567748 -15.061159 -10.398849 4.697441 2.334746 -8.374604 20.197031 7.584908 12.477678
32.397614 -12.735908 -15.182048 -10.525341 4.434025 2.331194 -8.060122 19.975985 7.365630 12.621477
32.516609 -12.808817 -15.149609 -10.517045 4.339418 2.348615 -8.028797 19.994764 7.356175 12.695342
32.663872 -12.985023 -15.107358 -10.586806 4.108631 2.454881 -7.930386 19.975895 7.349118 12.831804
32.619354 -13.340271 -15.054324 -10.751488 3.269814 2.920139 -7.783803 19.692837 7.401850 13.077152
32.353127 -13.799600 -15.067348 -11.039639 2.054260 3.207440 -7.698992 19.208534 7.249948 13.329838
31.715120 -14.142803 -15.003307 -11.429686 0.862894 3.795438 -7.484735 18.548420 7.278641 13.405417
31.076502 -14.473472 -14.430776 -12.174924 -0.586019 4.210533 -7.659225 17.697668 7.581791 13.211702
29.750198 -15.194077 -14.139256 -13.456887 -2.649663 4.690351 -7.797636 16.863470 7.604079 13.238369
29.432302 -16.101608 -12.859797 -14.672057 -4.204793 5.630311 -8.962100 16.605070 7.864171 12.589595
28.341646 -16.857330 -12.010547 -15.754478 -5.937148 6.210607 -10.055744 15.710936 7.406451 12.122131
26.907665 -17.306501 -11.240467 -16.857779 -7.519930 6.682620 -10.780162 14.541118 7.277153 11.647252
25.686209 -18.149063 -10.729788 -17.985676 -9.390141 7.479885 -10.917408 13.598131 7.408681 11.239883
24.707247 -18.990891 -10.498237 -18.980663 -10.801440 7.679744 -10.703218 12.933098 7.321345 10.879354
24.203295 -19.782421 -10.239608 -19.568155 -11.857733 7.954582 -10.972281 12.898110 7.316894 10.469760
23.114359 -20.072510 -10.348267 -20.013216 -12.720018 8.056002 -10.734456 12.292250 7.229238 10.233236
22.160740 -20.363871 -10.444805 -20.488682 -13.574148 8.123348 -10.411529 11.665400 7.102715 10.129800
21.851324 -20.664978 -10.320558 -20.589014 -14.006303 8.361205 -10.760429 11.741881 7.157155 9.788182
21.288221 -20.719334 -10.326341 -20.645048 -14.454397 8.521074 -10.661888 11.464978 7.265164 9.629176
20.638657 -20.552668 -10.523890 -20.763035 -14.658839 8.390385 -10.283957 11.007113 7.275850 9.686751
20.231611 -20.366035 -10.635529 -20.793133 -14.759548 8.294864 -10.062348 10.642833 7.331358 9.728390
20.122797 -20.295717 -10.701593 -20.769957 -14.761374 8.267719 -10.040951 10.555136 7.325090 9.734430
