-2.713232 4.241653 -30.898458 -7.573426 16.331398 4.143336 -3.899600 -5.764251 -2.487246 11.943420
-3.658691 4.148422 -31.540009 -7.754813 15.971389 5.138524 -2.413782 -6.964725 -4.084546 13.022515
-3.727105 4.185174 -31.556076 -7.262081 16.270033 6.377933 -2.928907 -6.376706 -4.361107 13.101204
-4.267380 4.825002 -30.531271 -6.639844 15.017794 8.258142 -4.308749 -6.763806 -3.645048 13.420692
-4.145629 5.619432 -29.986406 -6.008536 14.792039 8.679410 -4.908068 -6.964449 -3.434195 13.753037
-4.293079 6.984369 -29.621185 -4.950474 13.231770 8.967298 -5.826552 -8.103323 -2.789898 15.122693
-3.826757 7.600413 -29.800034 -3.469188 12.332952 8.772662 -8.284806 -7.537321 -3.782002 16.068768
-3.722008 8.232802 -29.403204 -2.198698 11.097306 9.217113 -10.895727 -7.461335 -4.450199 17.165703
-3.702705 9.185637 -28.496878 -1.262228 8.287291 10.001314 -12.818306 -9.148829 -3.792892 18.387272
-2.740097 9.862604 -28.322073 -0.025568 5.226701 9.984064 -12.128182 -11.121659 -2.258401 19.469254
0.290072 10.306914 -28.621038 1.666849 2.769160 7.936970 -11.079227 -12.353330 -1.221957 20.780815
0.237646 10.804637 -28.343927 1.597533 0.792480 7.955011 -9.697055 -14.370600 0.874929 20.918072
-0.617494 11.646031 -28.477232 1.944947 -0.640522 9.130825 -7.935955 -16.125418 3.160002 21.247356
0.045921 11.939471 -28.019615 2.174051 -2.303930 9.563918 -6.868935 -17.603712 4.856202 21.552052
1.592592 11.767615 -27.156397 2.467812 -3.106262 10.060545 -7.172873 -17.795042 5.455227 21.436625
3.343554 11.612989 -26.921597 2.890924 -3.458303 9.759676 -6.294840 -18.088030 6.010508 21.753559
4.698379 11.841507 -26.508543 3.543870 -4.927996 10.033002 -4.657309 -19.640577 7.492088 22.497108
5.435615 11.747750 -26.248697 3.705084 -5.452263 10.081029 -3.561750 -20.317720 8.113070 22.676907
5.300323 11.748546 -26.131060 3.633216 -5.547075 10.232153 -3.559924 -20.516481 8.151399 22.544178
5.179852 11.729070 -26.083471 3.558701 -5.495089 10.297193 -3.606069 -20.484177 8.135515 22.459724
5.318028 11.728631 -26.187733 3.694505 -5.476869 10.263710 -3.612873 -20.426979 8.039784 22.538006
5.679875 11.725533 -26.448109 4.017659 -5.430599 10.134299 -3.604074 -20.283556 7.815081 22.723358
6.290479 11.721853 -26.832823 4.523866 -5.362582 9.912024 -3.607724 -20.065479 7.447554 23.020798
7.044103 11.687703 -27.191193 5.061210 -5.288882 9.643107 -3.688519 -19.794941 6.992613 23.337065
7.960574 11.617646 -27.475409 5.551251 -5.174211 9.244730 -3.713681 -19.535389 6.503517 23.653793
9.085299 11.480518 -27.741732 5.968430 -4.781079 8.705935 -3.621445 -19.142384 5.928512 23.845980
10.433257 11.263219 -27.931362 6.310298 -4.177809 8.042287 -3.635819 -18.585600 5.156546 23.974163
11.731127 11.063811 -27.946070 6.499510 -3.649433 7.291259 -3.652709 -18.134995 4.527533 24.051945
13.055218 10.897522 -28.064203 6.722486 -3.091414 6.416486 -3.483346 -17.743221 3.957045 24.154554
14.266621 10.802917 -28.329735 7.012332 -2.468924 5.569969 -3.183486 -17.340670 3.435230 24.289267
15.453905 10.576947 -28.509613 7.080605 -1.525546 4.688766 -2.851610 -16.711567 2.866621 24.207363
16.822414 10.305356 -28.584192 7.200498 -0.688087 3.798359 -2.814520 -16.028835 2.219677 24.109350
18.238447 10.013760 -28.697748 7.402009 0.158158 2.965678 -2.741750 -15.292131 1.526153 24.066608
19.510473 9.725502 -28.668427 7.497344 1.054728 2.298609 -2.890320 -14.579717 0.754997 23.867233
20.647215 9.467628 -28.747217 7.646251 1.845465 1.653869 -3.047530 -13.890839 0.001934 23.781986
21.639107 9.198293 -28.882965 7.783315 2.605530 1.037705 -3.248592 -13.146477 -0.778588 23.726372
22.352694 9.043705 -28.945402 7.888443 3.035702 0.634276 -3.397973 -12.729859 -1.245390 23.706896
22.678267 8.933236 -28.975676 7.866066 3.331410 0.375982 -3.449163 -12.492129 -1.532553 23.637331
22.786207 8.823785 -28.970062 7.742699 3.625696 0.227420 -3.416972 -12.275325 -1.671120 23.503155
22.830862 8.772586 -28.985336 7.706690 3.711564 0.173776 -3.401064 -12.183927 -1.726517 23.465143
22.621613 8.814198 -28.936255 7.682982 3.636701 0.311003 -3.676403 -12.199364 -1.744858 23.402031
21.381006 9.063003 -28.658245 7.288117 3.403229 0.915673 -4.628116 -12.410064 -1.624880 23.016874
18.303322 9.522851 -28.264210 6.519793 2.631537 2.352898 -7.105374 -12.750284 -1.531882 22.264252
14.843627 10.087709 -28.157455 5.895576 1.820251 3.783913 -9.226739 -12.877629 -1.174049 21.745548
11.834427 10.369008 -26.946539 4.876480 1.156924 6.140123 -11.481393 -13.342956 -0.564779 20.329142
9.416795 10.665541 -24.832371 3.420824 -0.172649 8.050852 -13.766529 -14.783570 0.315472 18.734907
6.702013 11.024444 -23.104982 2.450335 -1.405756 9.756556 -17.032047 -15.585719 0.221280 17.622761
5.412675 10.622198 -20.347874 0.809812 -4.451040 9.048244 -22.246685 -17.091234 -0.157871 17.078857
3.599869 10.651484 -17.887135 -1.558628 -5.505357 8.811599 -25.034700 -17.968102 0.230202 16.921162
2.597318 10.617968 -15.778092 -2.249012 -3.812566 11.987346 -27.094767 -16.640350 -0.257020 14.921476
2.475770 10.058379 -14.035221 -3.068028 -2.552711 13.861779 -27.396383 -15.591556 0.115239 13.009197
3.393609 9.326885 -12.188469 -4.164839 -2.415137 14.665483 -28.005301 -15.842600 0.588106 11.661522
3.738979 8.863939 -10.769724 -5.375874 -2.386672 14.636992 -28.360220 -16.305534 1.003185 10.480071
4.427670 8.454749 -9.377981 -6.959802 -2.342432 13.707542 -28.161306 -17.506197 1.652786 9.194547
4.656959 8.051047 -7.984817 -8.768890 -1.981528 13.060835 -28.209232 -18.425941 2.192547 7.887438
5.179550 7.582357 -6.869824 -9.926655 -1.308344 12.748790 -28.362406 -18.334473 2.221820 6.733535
5.504343 7.239592 -5.549988 -10.978364 -1.001690 12.382943 -29.189365 -18.334517 2.032365 5.983052
5.704242 6.967844 -4.797377 -11.720881 -0.770563 11.936234 -29.245499 -18.258549 2.013939 5.607597
5.887393 6.817704 -4.336657 -12.217435 -0.633638 11.580658 -29.404198 -18.259192 1.930495 5.497844
5.996583 6.759713 -4.273673 -12.318948 -0.584394 11.337353 -29.349783 -18.218277 1.892631 5.531402
5.997864 6.738870 -4.214183 -12.368544 -0.538589 11.377033 -29.406923 -18.201002 1.863009 5.459301
5.984876 6.657552 -4.025754 -12.551132 -0.330695 11.560946 -29.538746 -18.119387 1.771586 5.200676
6.049087 6.551259 -3.805593 -12.756130 -0.090787 11.713165 -29.735004 -17.993690 1.626202 4.942534
6.161150 6.438806 -3.698415 -12.902911 0.263348 11.865829 -29.800755 -17.768883 1.452092 4.725710
6.319394 6.253083 -3.541178 -13.063067 0.698667 12.083029 -30.066120 -17.366240 1.100823 4.439306
6.425341 6.004261 -3.301937 -13.418483 1.445807 12.355535 -30.264734 -16.837633 0.677862 3.992769
6.383904 5.754706 -2.911185 -13.956126 2.227207 12.616264 -30.588890 -16.299187 0.201683 3.507115
6.342970 5.537576 -2.358279 -14.501748 2.714598 12.848629 -31.595945 -15.822366 -0.514795 3.166631
6.229611 5.365170 -1.977889 -14.994718 3.280406 13.041008 -32.512894 -15.405145 -1.217599 2.922021
5.884396 5.174865 -1.391324 -15.711289 4.161532 13.673018 -33.042278 -14.946407 -1.831472 2.374105
5.340364 5.117440 -0.538235 -16.539728 4.882264 14.485086 -33.626263 -14.644229 -2.270405 1.881947
4.726664 5.010727 0.309072 -17.302797 5.658681 15.378866 -33.812408 -14.237948 -2.597167 1.236519
4.283732 4.844256 1.032703 -18.033693 6.523239 16.289087 -33.900745 -13.824079 -2.889082 0.534691
3.779056 4.752017 1.812585 -18.741522 7.230190 17.139936 -33.956375 -13.480417 -3.125387 -0.135178
3.092648 4.649713 2.757703 -19.708565 7.976113 17.867146 -34.088963 -13.216439 -3.371020 -0.938467
2.260962 4.496018 4.054638 -20.887047 8.688719 18.811182 -34.306076 -13.050950 -3.643707 -2.004201
1.467900 4.395840 5.032112 -21.831223 9.275927 19.465336 -34.340126 -12.886062 -3.845879 -2.819111
0.881386 4.319218 5.766962 -22.486332 9.732722 19.986052 -34.389389 -12.702769 -4.054466 -3.406862
0.553915 4.277743 6.117111 -22.829662 9.979568 20.257681 -34.314983 -12.574140 -4.123151 -3.693504
0.441623 4.270195 6.200823 -22.936396 10.068748 20.318193 -34.258606 -12.527100 -4.150480 -3.758065
0.446376 4.271848 6.221627 -22.943935 10.078748 20.330402 -34.251305 -12.530674 -4.143230 -3.764535
0.433090 4.284481 6.228572 -22.946611 10.105913 20.329901 -34.242676 -12.542294 -4.154605 -3.768724
0.437420 4.283495 6.244312 -22.948107 10.119504 20.340391 -34.243328 -12.531125 -4.152833 -3.781763
0.439637 4.291047 6.254958 -22.946859 10.136496 20.343225 -34.242859 -12.532312 -4.148163 -3.789368
0.440685 4.293352 6.264688 -22.944809 10.134073 20.346907 -34.248806 -12.532392 -4.143768 -3.793353
0.439599 4.292602 6.266137 -22.950037 10.134395 20.345612 -34.245491 -12.537107 -4.142119 -3.794443
0.432900 4.288909 6.262068 -22.955194 10.129694 20.342348 -34.248207 -12.534697 -4.143737 -3.795917
0.437337 4.279213 6.259796 -22.962023 10.121046 20.343264 -34.247707 -12.530543 -4.142242 -3.796859
0.428191 4.273213 6.253826 -22.969767 10.095882 20.339701 -34.246822 -12.538260 -4.137333 -3.793932
