-4.803715 -4.462999 -35.969040 -12.028953 2.964169 5.579643 -3.523365 5.310309 4.322584 9.497135
-5.819818 -4.747168 -36.674431 -12.159752 2.397394 6.861980 -2.264001 4.667024 3.201956 10.255670
-5.656855 -4.844352 -36.648960 -11.658286 2.545212 8.158510 -2.776803 5.528204 3.147681 10.335046
-6.237361 -4.290888 -35.736877 -11.095012 1.275386 9.912226 -4.090044 5.290650 3.838626 10.674163
-6.082487 -3.690158 -35.287109 -10.570255 1.070025 10.176872 -4.703633 5.368260 3.976242 10.957167
-6.363595 -2.463338 -35.248302 -9.540583 -0.430976 10.276328 -5.843175 4.650723 4.498917 12.285732
-5.980400 -1.844522 -35.462288 -8.105583 -1.305950 9.940700 -8.569364 5.305641 3.409584 13.235191
-5.915458 -1.258666 -35.011360 -6.921916 -2.553959 10.345997 -11.244945 5.403183 2.728017 14.282152
-5.996354 -0.350421 -34.239758 -5.990053 -5.355113 11.037809 -13.223252 3.844847 3.329491 15.515757
-5.190040 0.295785 -33.628784 -5.290034 -8.779010 10.353739 -13.000882 1.573897 4.895238 16.623251
-2.145567 0.724574 -33.617592 -4.053512 -11.250210 7.656619 -12.062885 0.278473 6.024260 17.798037
-2.305435 1.466612 -33.200073 -4.171429 -13.821590 6.304522 -10.633498 -1.935843 8.260661 18.622772
-3.071666 2.361823 -32.808147 -4.007725 -15.894410 6.365803 -9.469541 -3.827303 10.461311 19.535410
-2.513789 2.638774 -31.596828 -4.419878 -17.899813 5.644988 -9.185430 -5.480840 12.008552 20.084686
-1.045024 2.499650 -30.061586 -5.077578 -19.109688 4.226359 -9.884875 -6.109772 12.627080 20.342381
0.257738 2.522886 -29.338110 -5.513620 -20.090025 1.973221 -9.319384 -6.890651 13.393019 21.038494
1.463027 2.830438 -28.651291 -5.272063 -22.018721 1.153339 -7.749243 -8.790767 14.945745 22.116060
2.246963 2.758040 -28.181780 -5.305679 -22.756550 0.718350 -6.528103 -9.701563 15.690355 22.434973
2.241170 2.718858 -27.959328 -5.433653 -22.968573 0.736284 -6.672677 -9.966736 15.680131 22.309515
2.133022 2.694835 -27.847609 -5.587120 -22.954411 0.712691 -6.748394 -10.006150 15.684064 22.205376
2.279512 2.686530 -27.934622 -5.456026 -22.954060 0.685034 -6.778483 -9.952028 15.587684 22.276634
2.648739 2.669749 -28.161829 -5.140216 -22.941778 0.586944 -6.820173 -9.820237 15.358277 22.447914
3.274078 2.661929 -28.516401 -4.642420 -22.927221 0.345803 -6.836261 -9.633465 14.996188 22.767754
4.017662 2.668357 -28.893469 -4.099341 -22.937031 -0.082094 -6.846241 -9.419573 14.570442 23.200745
4.916498 2.650047 -29.221407 -3.605683 -22.905912 -0.736284 -6.770325 -9.193545 14.111879 23.669975
5.996604 2.556157 -29.428770 -3.315352 -22.550619 -1.588609 -6.591793 -8.875751 13.590146 23.941694
7.283063 2.374958 -29.540665 -3.089394 -21.918886 -2.366577 -6.495702 -8.411062 12.908383 24.020046
8.508954 2.236831 -29.522747 -3.004043 -21.418262 -3.351133 -6.444464 -8.070944 12.340553 24.121319
9.808042 2.092105 -29.532188 -2.930089 -20.920425 -4.460231 -6.318564 -7.774399 11.818980 24.189701
11.003468 2.014393 -29.740990 -2.759164 -20.333111 -5.534356 -6.027079 -7.445764 11.320498 24.295492
12.191817 1.792045 -29.917107 -2.759320 -19.322332 -6.498844 -5.730144 -6.826836 10.718040 24.155228
13.572308 1.526264 -29.991013 -2.699309 -18.338846 -7.402239 -5.651877 -6.107989 10.072045 23.971172
14.969975 1.225343 -30.075611 -2.573803 -17.379957 -8.205455 -5.563349 -5.366457 9.376771 23.828159
16.261906 0.908977 -30.015326 -2.514340 -16.401705 -8.769466 -5.696905 -4.634350 8.622308 23.523249
17.427433 0.640872 -30.073902 -2.357389 -15.574096 -9.343503 -5.878627 -3.942527 7.855677 23.371645
18.445559 0.373732 -30.190809 -2.207768 -14.786648 -9.915658 -6.097145 -3.194793 7.080906 23.276531
19.153807 0.226538 -30.245516 -2.103388 -14.343820 -10.296919 -6.233220 -2.783836 6.623355 23.252319
19.504461 0.120529 -30.263050 -2.110157 -14.040476 -10.531181 -6.282086 -2.530519 6.358378 23.183743
19.598560 0.034334 -30.255388 -2.222449 -13.723555 -10.664957 -6.250052 -2.331148 6.218967 23.048382
19.641272 0.002982 -30.269091 -2.246038 -13.606437 -10.722932 -6.244740 -2.250266 6.149970 23.012930
19.437243 0.047465 -30.214041 -2.273020 -13.656278 -10.581152 -6.530471 -2.268049 6.121905 22.934242
18.221531 0.287285 -29.929346 -2.688371 -13.855713 -9.967963 -7.463313 -2.486794 6.242036 22.513481
15.214773 0.720810 -29.518398 -3.467450 -14.649523 -8.602491 -9.948087 -2.810070 6.312144 21.780357
11.895314 1.135330 -29.427227 -3.907477 -15.489964 -6.607285 -11.982401 -2.829420 6.698635 21.193806
9.121941 1.152639 -28.431276 -4.433783 -16.178818 -3.197038 -14.646240 -2.836046 7.056448 19.678745
6.793147 1.431757 -26.484783 -5.903153 -17.261637 -1.242843 -16.938253 -4.037251 7.884856 18.096210
4.246311 1.733566 -25.261404 -6.422611 -18.373192 1.042719 -20.043633 -4.609371 7.727859 16.978848
1.215751 1.700450 -23.546515 -5.702929 -19.105970 6.452351 -22.563971 -3.855165 7.264603 15.667868
-1.223965 2.050580 -21.798824 -5.385587 -19.797422 10.745129 -25.592596 -2.947834 7.208593 14.850516
-1.005743 1.866629 -20.553297 -3.774007 -17.851364 16.322950 -29.295052 -0.184388 5.576239 12.476994
-0.623788 0.920419 -18.940277 -5.279912 -15.881783 17.901501 -29.115356 0.699753 6.003177 10.067203
0.570365 0.128913 -17.180977 -6.387582 -15.786763 18.493196 -29.553637 0.359415 6.575460 8.869336
0.847949 -0.322734 -15.821860 -7.707456 -15.617182 18.426188 -29.618120 -0.181677 7.116159 7.587800
1.907773 -0.908259 -14.685000 -9.962746 -15.238848 16.665407 -28.407555 -2.056821 8.019008 6.058983
2.219879 -1.385192 -13.757210 -12.301820 -14.577327 15.362882 -27.818287 -3.734183 8.802030 4.515981
2.753906 -1.820177 -12.932891 -13.543137 -14.043221 14.750330 -28.096674 -3.910396 8.877736 3.551460
3.106077 -2.099360 -11.879555 -14.395036 -14.044768 14.032843 -28.846659 -4.107666 8.752173 3.089554
3.351294 -2.398302 -11.112716 -15.361644 -13.767752 13.437740 -28.762661 -4.357513 8.815870 2.649701
3.594036 -2.541935 -10.657430 -15.842284 -13.641373 13.067712 -28.972839 -4.430477 8.758697 2.538009
3.728187 -2.607914 -10.584123 -15.961223 -13.638262 12.787613 -28.977779 -4.448774 8.718848 2.583136
3.736519 -2.636085 -10.513781 -16.015844 -13.607081 12.826844 -29.057524 -4.428423 8.691748 2.513812
3.735573 -2.723377 -10.306092 -16.212126 -13.468179 12.976821 -29.246113 -4.381485 8.611168 2.288336
3.790475 -2.835794 -10.037583 -16.503841 -13.303875 13.069755 -29.523558 -4.364441 8.486940 2.043386
3.907115 -2.956574 -9.897390 -16.741159 -12.993610 13.196119 -29.652262 -4.227194 8.341000 1.837901
4.113269 -3.145272 -9.745928 -16.954985 -12.604905 13.369156 -29.998478 -3.930641 8.005880 1.603099
4.254425 -3.412144 -9.463227 -17.374296 -11.885110 13.738125 -30.426645 -3.405416 7.569218 1.193950
4.226908 -3.665571 -9.059019 -17.856165 -11.183442 14.071861 -31.075649 -2.751378 7.037532 0.778759
4.114388 -3.867712 -8.489374 -18.252859 -10.864577 14.364030 -32.385120 -2.073959 6.244950 0.549908
3.997892 -4.023627 -8.166248 -18.525988 -10.467661 14.592813 -33.548492 -1.485932 5.443089 0.445590
3.564453 -4.215103 -7.434786 -19.069866 -9.576531 15.501505 -34.283203 -0.714134 4.697836 -0.183887
3.118793 -4.294333 -6.663425 -19.546770 -8.851114 16.581718 -34.912243 -0.059449 4.169462 -0.655911
2.641927 -4.377429 -5.913068 -20.050573 -8.154388 17.489275 -35.207985 0.540219 3.786520 -1.129876
2.286735 -4.472349 -5.188237 -20.647150 -7.408547 18.287081 -35.595367 1.042260 3.408575 -1.617899
1.830962 -4.535418 -4.308237 -21.335938 -6.812539 19.072361 -35.830879 1.363003 3.135467 -2.183678
1.178462 -4.621330 -3.350437 -22.312546 -6.053066 19.834743 -36.013191 1.613339 2.883805 -2.942729
0.306192 -4.746346 -1.983835 -23.585373 -5.316249 20.768167 -36.191811 1.717769 2.620055 -4.010974
-0.568094 -4.810815 -0.800055 -24.649864 -4.691185 21.471218 -36.321537 1.837160 2.391455 -4.880905
-1.260757 -4.864352 0.119949 -25.423477 -4.203151 22.047991 -36.466599 2.001253 2.148662 -5.533868
-1.678328 -4.885345 0.577182 -25.840149 -3.913047 22.350988 -36.444592 2.118885 2.042251 -5.879070
-1.811084 -4.890311 0.702045 -25.972887 -3.814979 22.431946 -36.383911 2.162642 2.021314 -5.964883
-1.818674 -4.892281 0.712527 -25.984560 -3.808495 22.434206 -36.371166 2.161209 2.023031 -5.973763
-1.831281 -4.894276 0.724203 -25.994785 -3.802831 22.430088 -36.348740 2.160959 2.024024 -5.985458
-1.827995 -4.898097 0.738169 -26.007635 -3.795201 22.429586 -36.319675 2.159066 2.037848 -5.997124
-1.831935 -4.901999 0.751493 -26.019293 -3.797156 22.430168 -36.308483 2.163035 2.049422 -6.007820
-1.830305 -4.908338 0.761382 -26.017935 -3.810388 22.424082 -36.305405 2.171783 2.052566 -6.009139
-1.836203 -4.909153 0.773086 -26.020792 -3.818619 22.425013 -36.307007 2.172738 2.053141 -6.011985
-1.845740 -4.903027 0.779249 -26.013659 -3.820356 22.428551 -36.319790 2.177231 2.046012 -6.009931
-1.847958 -4.903981 0.790641 -26.014044 -3.824150 22.435078 -36.321594 2.179372 2.041904 -6.010226
-1.854210 -4.904930 0.798388 -26.018919 -3.838031 22.428251 -36.324608 2.166743 2.041007 -6.012309
