2.276656 8.336839 -35.715111 2.361121 14.920662 2.952429 -4.822289 -1.605276 -2.737851 19.643129
2.844844 8.116475 -36.676075 2.082958 16.289356 1.403326 -2.295243 -0.699028 -2.353467 19.828529
3.411093 8.058238 -37.257275 1.520517 18.189827 -0.124835 0.763799 0.148878 -1.607141 19.785124
3.406397 8.295639 -37.462952 0.814161 19.426247 -1.426141 3.648999 0.355465 -0.393091 19.812628
2.484870 8.695624 -36.976990 -0.644915 20.125917 -2.563436 6.419088 -0.416392 1.321388 19.619896
0.596091 8.764450 -36.158623 -3.150682 20.377684 -2.614905 11.249510 -3.755895 1.750892 19.517536
-1.133899 9.263965 -35.416573 -4.976540 21.152397 -2.984378 13.776607 -5.636103 3.036951 18.947466
-2.151652 9.529736 -35.048271 -6.690850 22.233122 -3.948925 16.830727 -6.707405 5.057155 18.417587
-2.993612 9.495123 -33.955482 -8.461044 22.687593 -4.324946 17.992485 -8.039397 6.400984 16.995787
-2.412215 9.350335 -32.683819 -9.724595 23.592722 -4.675359 19.235662 -8.996272 7.751773 15.432805
-0.995666 8.947681 -31.078815 -10.862608 24.409676 -4.960841 20.218763 -9.392327 9.084925 13.761605
0.229046 8.671163 -29.927227 -11.570485 24.331242 -5.107297 21.018599 -9.846724 10.541041 12.544142
2.027042 8.095165 -28.867632 -12.139966 24.268698 -5.261641 21.199337 -9.231760 11.759151 11.462453
4.186723 7.340374 -27.088753 -12.553718 23.671883 -4.279677 20.299458 -7.380521 13.991492 10.043404
6.037103 6.633019 -25.513405 -12.707856 21.818722 -2.997902 19.503458 -6.353611 16.275068 9.388412
8.388268 6.243815 -23.898136 -12.514059 20.131218 -1.803340 18.859324 -5.243198 18.875046 9.235583
10.750234 5.637909 -22.037596 -12.596323 18.980206 -0.622170 18.068228 -4.077449 20.919613 8.794419
13.249178 5.392227 -19.577126 -12.348555 17.761677 1.147899 16.854633 -3.221088 23.079168 8.415063
15.210206 5.728002 -17.204649 -11.803227 16.223074 2.965446 15.804218 -3.625838 24.796467 8.434863
16.937885 6.007844 -14.498150 -11.814270 15.101252 4.644929 14.979851 -4.323400 26.354012 7.947347
19.018522 5.926669 -11.798478 -12.167091 14.560981 6.164904 14.556821 -5.322940 27.059746 7.536213
20.292984 6.582979 -9.489422 -11.800307 13.413547 7.905934 13.936483 -7.027655 28.248888 7.766451
20.760532 7.201730 -7.581958 -11.508977 12.263382 9.543870 13.501441 -8.986465 28.744474 8.277103
21.343473 7.839736 -5.500808 -11.095572 10.433675 11.420754 12.855384 -11.165412 29.361177 8.827631
21.776472 8.364530 -4.044169 -10.449121 8.075484 13.113898 12.386192 -13.279210 29.876438 9.596244
21.560005 8.817347 -3.139440 -10.056374 5.970672 14.345605 11.919574 -15.431585 29.714899 10.371436
21.197855 9.000775 -2.736177 -9.815303 4.361545 15.165359 11.601942 -16.961147 29.340706 10.917584
20.761133 9.246425 -2.423621 -9.542787 2.961732 15.910710 11.109517 -18.283201 29.048573 11.380617
20.524437 9.299918 -2.065503 -9.463450 1.969228 16.547792 10.549958 -19.094515 28.725779 11.611953
20.414671 9.280074 -1.934128 -9.430405 1.441916 16.808195 10.315536 -19.545650 28.435045 11.763723
20.463455 9.252246 -1.919772 -9.403026 1.331196 16.828346 10.409864 -19.659956 28.380863 11.863144
20.385031 9.301620 -1.915506 -9.393546 1.315333 16.871666 10.312049 -19.724497 28.353193 11.845729
20.254301 9.414948 -1.905165 -9.363692 1.360672 16.932356 10.091289 -19.833162 28.265800 11.797633
20.047810 9.545229 -1.951197 -9.337298 1.486343 16.952076 9.866428 -19.948357 28.119001 11.756099
19.738342 9.700269 -2.045615 -9.327972 1.712346 16.951305 9.508908 -20.053246 27.863907 11.647899
19.199448 9.961839 -2.318831 -9.312119 2.113964 16.814442 9.067574 -20.137348 27.567867 11.494475
18.197996 10.378012 -2.711354 -9.370736 2.541977 16.667332 8.366315 -20.499710 26.960365 11.275063
17.250914 10.615504 -3.106574 -9.492603 2.890394 16.580179 7.681949 -20.591551 26.496445 11.026471
16.392607 10.745067 -3.430897 -9.667894 3.200142 16.578173 6.865302 -20.549303 25.994526 10.691436
15.503132 10.800937 -3.769289 -9.820251 3.457008 16.627304 5.789622 -20.370295 25.492785 10.228012
14.870679 10.820927 -3.917051 -9.902877 3.653732 16.816935 4.539795 -20.135546 25.123533 9.667095
14.188181 10.928140 -4.105451 -9.991619 4.077077 16.939924 3.395159 -19.956057 24.602036 9.143574
13.386394 11.138397 -4.212039 -10.173864 4.669031 17.101351 2.205076 -19.910969 24.068092 8.547202
12.390982 11.373025 -4.365682 -10.420282 5.025637 17.270206 1.266154 -20.138889 23.592739 8.072707
11.630869 11.415143 -4.625838 -10.649769 5.372238 17.309267 0.884393 -20.199915 23.254206 7.705881
11.110982 11.330650 -4.839060 -10.878835 5.722831 17.275642 0.719459 -20.077614 22.994915 7.345421
10.890074 11.256399 -4.853127 -10.976709 5.945751 17.327936 0.238303 -19.872883 22.786001 6.961698
10.736171 11.164607 -4.880379 -11.054304 6.171239 17.366526 -0.077589 -19.627832 22.684578 6.624370
10.634320 11.102264 -4.905967 -11.097409 6.283805 17.414457 -0.219649 -19.484558 22.675228 6.420701
10.552495 11.043887 -4.922676 -11.161278 6.418637 17.420151 -0.288304 -19.356743 22.657360 6.257141
10.530417 11.011929 -4.935565 -11.178370 6.466251 17.423117 -0.321931 -19.303696 22.621284 6.199922
10.474046 10.982429 -4.965314 -11.298689 6.889014 17.359440 -0.149781 -19.167336 22.689529 5.982933
10.765426 10.749351 -4.905752 -11.692643 8.288321 16.992022 0.590519 -18.427416 22.994831 5.336137
12.254052 9.903807 -4.460815 -12.417896 11.100204 16.301023 1.719744 -16.046127 23.721300 3.934556
13.599435 8.807430 -4.230130 -13.431653 14.658775 15.133883 3.120022 -12.898279 24.157196 2.357519
16.153162 6.996464 -3.572969 -14.619888 17.860659 14.241434 4.843208 -8.457081 25.545376 0.625629
16.038765 5.218151 -4.385150 -16.466684 19.989651 13.053802 5.856017 -5.432775 25.218399 -0.830903
13.946037 2.937819 -6.922334 -18.638855 20.851038 11.198128 6.483572 -2.527168 23.695635 -1.967934
12.012712 0.293451 -10.246394 -20.565346 20.160913 8.949107 6.644541 0.269086 21.794125 -2.509429
9.177700 -1.190640 -14.314044 -21.079699 19.892488 7.043869 5.128689 1.900115 18.586559 -2.995784
7.848211 -2.714215 -16.617001 -21.977758 20.749914 5.062608 3.947395 2.792541 14.787148 -3.249516
5.234109 -3.773289 -19.324219 -22.578085 20.575436 3.372295 1.788213 4.011257 11.145658 -3.145809
2.671547 -4.174269 -20.730869 -23.096445 20.781511 2.355303 -1.200975 3.824550 7.629788 -3.482985
-0.377237 -4.004089 -22.153713 -23.298878 19.979959 1.841763 -3.937494 3.474845 5.159653 -3.378510
-3.284826 -3.916413 -23.558773 -23.434744 18.507172 1.596429 -4.902859 2.658049 3.622281 -2.936564
-7.617899 -3.497324 -25.892582 -23.698549 15.821633 1.356292 -5.523036 0.888246 2.511370 -2.090522
-11.361995 -3.334636 -28.249022 -24.030729 14.293780 0.340483 -5.129115 -0.447823 1.056498 -1.005452
-15.383475 -2.954159 -30.887196 -23.695595 13.053475 -0.581556 -5.857153 -0.799802 -0.508306 -0.120247
-17.468573 -2.671751 -32.359325 -23.151295 12.514641 -0.659775 -6.303660 -0.965240 -1.561532 0.384113
-18.202660 -2.484899 -32.827129 -22.771839 12.250650 -0.676260 -6.440713 -1.131055 -2.084507 0.715576
-18.305046 -2.439634 -32.856739 -22.650410 12.303038 -0.611385 -6.539563 -1.128119 -2.272598 0.767156
-18.263220 -2.410953 -32.931332 -22.556725 12.371434 -0.673535 -6.604741 -1.028994 -2.307041 0.753707
-18.127853 -2.338817 -33.012905 -22.360447 12.556491 -0.787044 -6.813787 -0.782811 -2.332002 0.663284
-17.695339 -2.302322 -33.062580 -21.994934 12.789151 -0.964421 -7.145783 -0.311780 -2.414268 0.560749
-17.377659 -2.240682 -33.062004 -21.711781 13.357168 -1.191597 -7.688979 0.267779 -2.730139 0.316185
-16.913301 -2.176702 -33.050003 -21.504665 14.345253 -1.628397 -8.175276 0.981749 -3.200884 0.092208
-15.957393 -2.480638 -32.893684 -21.371479 15.111191 -1.846476 -8.695989 2.101701 -3.457179 -0.244538
-15.342470 -2.404144 -33.033356 -21.088335 16.265781 -2.371331 -9.580067 3.180928 -3.814167 -0.628159
-14.157598 -2.346050 -32.817387 -20.821260 17.981970 -2.784740 -10.784745 4.430735 -4.445158 -1.094222
-13.288984 -2.219426 -32.533234 -20.549658 19.641338 -2.949798 -12.164154 5.721560 -4.876413 -1.687381
-11.822728 -2.070463 -32.086300 -19.909319 20.987232 -2.983662 -13.100084 6.850036 -5.174741 -1.972195
-10.177614 -1.980006 -31.265333 -19.403711 22.904480 -2.900669 -14.233431 8.358783 -5.559568 -2.472742
-8.502897 -1.944519 -30.133862 -19.038181 24.106331 -2.500369 -15.595622 9.562886 -5.733469 -2.904558
-7.128029 -1.803100 -29.362419 -18.656931 25.455750 -2.368709 -17.101978 10.951097 -5.976039 -3.374936
-6.208749 -1.553648 -28.768351 -18.246265 26.773846 -2.192686 -18.722908 12.364131 -6.196475 -3.923804
-5.070130 -1.420776 -27.941389 -17.961969 27.926144 -2.005867 -20.033272 13.561905 -6.339495 -4.331601
-4.171898 -1.495534 -27.334965 -17.882807 28.963205 -1.963968 -21.100693 14.685346 -6.580844 -4.753459
-3.496861 -1.583641 -26.953568 -17.765724 29.456791 -1.832143 -21.657108 15.424293 -6.628765 -4.942304
-2.940148 -1.629294 -26.648249 -17.617666 29.779663 -1.705255 -21.912279 15.832462 -6.629950 -4.985518
-2.670749 -1.615340 -26.576462 -17.504078 30.043905 -1.747960 -22.007515 16.131950 -6.637158 -4.978848
-2.596889 -1.627167 -26.517324 -17.491997 30.119808 -1.732867 -22.081236 16.229303 -6.662272 -4.994785
-2.597565 -1.627093 -26.516293 -17.492992 30.118984 -1.735106 -22.081511 16.229322 -6.661975 -4.994301
-2.598573 -1.626833 -26.515322 -17.493216 30.118134 -1.734826 -22.082207 16.228912 -6.661822 -4.994286
-2.598657 -1.626871 -26.516258 -17.492149 30.118242 -1.732280 -22.080774 16.229427 -6.661532 -4.994693
-2.598955 -1.626525 -26.515858 -17.493195 30.118467 -1.733390 -22.079117 16.228340 -6.660490 -4.994903
-2.598836 -1.626550 -26.516054 -17.492844 30.118788 -1.732476 -22.078308 16.228416 -6.660406 -4.995199
-2.599609 -1.626177 -26.518404 -17.491325 30.121592 -1.728481 -22.077913 16.230227 -6.661381 -4.995714
-2.600419 -1.625822 -26.516577 -17.493181 30.120646 -1.731217 -22.078430 16.229338 -6.660309 -4.995266
-2.600822 -1.624677 -26.514126 -17.493998 30.118679 -1.736242 -22.077011 16.227751 -6.659123 -4.993100
-2.602397 -1.623986 -26.514811 -17.494171 30.118876 -1.735366 -22.077850 16.227205 -6.659192 -4.993327
