-0.272669 3.595408 -22.067205 -15.002351 37.629757 -3.662857 -22.737913 10.046344 -9.205050 -3.321516
-0.272669 3.595408 -22.067205 -15.002351 37.629757 -3.662857 -22.737913 10.046344 -9.205050 -3.321516
-0.272669 3.595408 -22.067205 -15.002351 37.629757 -3.662857 -22.737913 10.046344 -9.205050 -3.321516
-0.272669 3.595408 -22.067205 -15.002351 37.629757 -3.662857 -22.737913 10.046344 -9.205050 -3.321516
-0.272669 3.595408 -22.067205 -15.002351 37.629757 -3.662857 -22.737913 10.046344 -9.205050 -3.321516
-1.445498 3.815628 -22.572893 -15.282227 38.083595 -2.897267 -21.941462 8.858660 -10.193943 -3.259385
-1.690845 3.993315 -22.573465 -15.315344 38.124252 -2.930943 -21.798986 8.441274 -10.322576 -3.146409
-1.693715 4.000579 -22.563616 -15.312669 38.122929 -2.933325 -21.801296 8.433852 -10.318048 -3.141378
-1.690554 3.999291 -22.562490 -15.311750 38.121666 -2.934041 -21.801170 8.438949 -10.313960 -3.141611
-1.684848 3.996610 -22.562826 -15.309415 38.121948 -2.927778 -21.802620 8.445146 -10.311528 -3.144026
-1.682172 3.996105 -22.561216 -15.309597 38.121479 -2.929788 -21.802132 8.446207 -10.310075 -3.143621
-1.682097 3.994803 -22.562023 -15.310051 38.121437 -2.930398 -21.801977 8.448672 -10.310124 -3.144104
-1.684804 3.994563 -22.562969 -15.311425 38.120850 -2.931224 -21.801889 8.449396 -10.310070 -3.145085
-1.684453 3.993906 -22.562593 -15.310893 38.119457 -2.929270 -21.804014 8.451509 -10.308791 -3.146118
-1.680662 3.992225 -22.561775 -15.310630 38.120491 -2.930672 -21.804680 8.456729 -10.307020 -3.146551
-1.677676 3.990113 -22.560820 -15.310620 38.118778 -2.930655 -21.806337 8.460304 -10.305353 -3.147431
-1.677693 3.990176 -22.559807 -15.311522 38.118279 -2.932168 -21.806129 8.459373 -10.305192 -3.147038
-1.678741 3.990206 -22.560575 -15.311732 38.118713 -2.930223 -21.807058 8.460306 -10.304204 -3.148627
-1.676253 3.989441 -22.560225 -15.311182 38.118565 -2.929724 -21.807442 8.461766 -10.302993 -3.148939
-1.676009 3.989121 -22.560844 -15.311158 38.119564 -2.929744 -21.807600 8.462878 -10.303153 -3.149388
-1.671497 3.987195 -22.559666 -15.311466 38.117496 -2.932033 -21.806396 8.467360 -10.298190 -3.149536
-1.668982 3.985069 -22.558842 -15.312436 38.117611 -2.932330 -21.806988 8.471612 -10.296189 -3.150806
-1.667341 3.984044 -22.558512 -15.312105 38.117306 -2.932697 -21.807716 8.474243 -10.295499 -3.150926
-1.669020 3.984675 -22.559357 -15.311528 38.116020 -2.933358 -21.807255 8.474465 -10.295260 -3.150123
-1.665726 3.982696 -22.558277 -15.311040 38.114082 -2.933236 -21.809280 8.479412 -10.292342 -3.151756
-1.661026 3.979670 -22.556690 -15.310793 38.112518 -2.932549 -21.810841 8.485036 -10.290235 -3.152954
-1.657264 3.975016 -22.557913 -15.310251 38.110195 -2.931242 -21.813841 8.494378 -10.288617 -3.155025
-1.657098 3.975193 -22.557543 -15.310476 38.110538 -2.931194 -21.814684 8.494573 -10.288238 -3.155196
-1.654915 3.974567 -22.556871 -15.310616 38.112072 -2.931711 -21.814579 8.497409 -10.286454 -3.156394
-1.651253 3.970086 -22.557741 -15.311277 38.111393 -2.932020 -21.818150 8.507047 -10.284199 -3.159475
-1.649595 3.967898 -22.558090 -15.310994 38.109528 -2.931770 -21.820002 8.512265 -10.281863 -3.160795
-1.756702 3.951510 -22.625772 -15.365596 38.055878 -2.975512 -21.779539 8.453188 -10.305868 -3.161278
-2.054109 3.884156 -22.707243 -15.545834 37.851784 -3.010446 -21.782341 8.291507 -10.337016 -3.219779
-2.618887 3.754207 -23.011478 -15.852469 37.445145 -3.152721 -21.564581 8.066659 -10.300246 -3.244704
-3.444712 3.477868 -23.569927 -16.302935 36.566292 -3.276897 -20.999754 7.716667 -10.042198 -3.200674
-4.520355 3.191782 -24.306528 -16.854843 35.366539 -3.408756 -19.974613 7.040996 -9.660632 -2.980952
-6.033639 2.573438 -25.474333 -17.675207 33.581898 -3.594729 -18.646879 6.346980 -9.241315 -2.732915
-7.370385 1.988834 -26.540602 -18.359491 31.691883 -3.735981 -17.041084 5.391110 -8.792783 -2.296283
-8.657870 1.698709 -27.402660 -18.720209 29.901661 -3.729614 -15.418593 4.250220 -8.221521 -1.806510
-10.157693 1.394967 -28.428957 -19.131752 27.980551 -3.911563 -13.800488 3.087972 -7.709866 -1.264006
-11.684226 1.369726 -29.169319 -19.478149 26.074892 -3.942944 -12.514571 1.506500 -7.306597 -0.704617
-13.146111 1.206715 -29.593874 -20.059872 24.309551 -3.762712 -11.226703 0.054883 -6.893723 -0.267764
-13.930174 1.062038 -29.949379 -20.293280 22.879189 -3.724698 -10.006328 -1.122653 -6.700531 0.305521
-14.841382 0.901182 -30.083176 -20.568682 21.335630 -3.310248 -8.993064 -2.282244 -6.353458 0.786807
-15.652156 0.847735 -30.062929 -20.858334 20.269190 -2.862690 -8.188671 -3.382587 -6.161324 1.163172
-16.651022 0.767601 -30.238977 -21.223156 19.041330 -2.534252 -7.639802 -4.293367 -5.826367 1.446757
-17.185783 0.597947 -30.280998 -21.535753 18.035288 -2.158511 -7.192213 -4.915662 -5.396325 1.622746
-17.546535 0.435186 -30.284361 -21.845936 17.221706 -1.919347 -6.621045 -5.486571 -5.058168 1.920806
-17.839117 0.263378 -30.227346 -22.166754 16.803600 -1.697905 -6.335791 -5.757704 -4.893456 2.034496
-17.911062 0.128806 -30.163582 -22.359077 16.600227 -1.606979 -6.152208 -5.861067 -4.823687 2.101699
-17.928549 0.091867 -30.088001 -22.441223 16.546654 -1.546264 -6.099277 -5.925445 -4.778324 2.103699
-17.794601 0.056564 -30.054419 -22.522644 16.487782 -1.587081 -5.971369 -5.930388 -4.546048 2.044966
-17.014523 -0.174510 -29.566551 -22.906349 16.658159 -1.546222 -5.788530 -5.731260 -3.910136 1.635788
-14.755889 -0.788954 -28.234377 -23.606256 17.245197 -1.592313 -5.403430 -4.898471 -2.607107 0.825453
-10.341779 -1.543744 -25.845043 -23.734632 18.617884 -0.850604 -5.029122 -3.267185 -0.649057 -0.493291
-5.890169 -1.824095 -23.291391 -23.171434 20.778706 0.011795 -5.591981 -1.187735 0.970137 -1.836879
-1.368575 -2.003156 -21.356733 -22.613106 23.970108 -0.008980 -5.571146 1.737236 2.642759 -3.243056
1.546836 -2.006692 -20.061287 -22.083784 24.498077 0.572396 -4.581583 2.821120 5.320229 -3.795760
4.190321 -1.648969 -19.133278 -21.375483 24.662210 1.445528 -2.810056 3.632812 8.809034 -3.944276
6.039370 -1.429752 -18.836050 -20.813534 23.971590 2.126255 -0.729315 5.265075 12.882278 -3.994195
7.662828 -0.632314 -17.396757 -20.611393 23.276022 3.605993 1.137169 4.749964 16.890928 -4.215989
10.266826 0.113802 -15.223642 -19.341120 20.687609 6.428967 2.252668 5.691011 23.015820 -4.254056
11.990477 1.336161 -12.129793 -18.534796 19.332766 9.003939 3.005696 4.542721 26.624208 -3.944641
14.618420 1.670533 -8.538152 -17.500458 17.666288 12.096365 2.233560 4.151197 29.294109 -3.846274
17.000252 1.616688 -5.601327 -16.654938 14.806935 14.809149 1.468103 2.716586 30.761513 -2.918502
17.079029 2.106536 -4.612846 -15.834892 11.424438 16.469038 0.693260 0.226672 31.086040 -1.566935
15.353695 3.323528 -4.894371 -14.711705 8.074799 17.662016 -1.200409 -2.994365 30.505318 -0.311199
13.843884 4.235258 -5.371806 -13.532290 4.495981 18.874668 -3.168247 -5.264901 30.197376 0.864632
12.958292 4.940066 -5.627359 -12.427254 1.100439 19.795498 -4.636156 -6.814252 30.346087 2.157069
12.511740 5.024795 -5.782861 -12.102009 -0.391077 20.136353 -5.489263 -7.467443 29.780611 2.759699
12.655268 4.991159 -5.795597 -11.919764 -0.818945 20.155310 -5.679701 -7.443580 29.696678 2.996923
12.650132 5.017609 -5.786989 -11.917249 -0.882315 20.167711 -5.651779 -7.523488 29.703541 3.054188
12.691203 5.067308 -5.769396 -11.881486 -1.013640 20.186401 -5.620997 -7.684694 29.657360 3.200370
12.788563 5.130663 -5.749031 -11.850124 -1.148967 20.155699 -5.453105 -7.862580 29.654530 3.410608
13.044094 5.203717 -5.725850 -11.736071 -1.390972 20.108366 -5.069904 -8.048843 29.798624 3.783813
13.387029 5.341679 -5.701716 -11.478091 -1.788448 20.072935 -4.592700 -8.173905 30.265629 4.202751
13.831575 5.381141 -5.545149 -11.277320 -2.222611 20.118876 -4.399905 -8.332333 30.413170 4.616371
14.226253 5.384531 -5.348382 -11.164114 -2.747648 20.112679 -3.981908 -8.575584 30.631172 4.985822
14.665791 5.236224 -5.305964 -11.165285 -3.301064 19.952730 -2.800507 -8.939895 30.794882 5.610577
15.268370 5.010872 -5.214830 -11.113226 -3.963112 19.849421 -1.540256 -9.270947 31.055618 6.305433
15.681104 4.889491 -5.224308 -11.104853 -4.504455 19.679104 -0.215518 -9.747680 31.240545 7.031005
15.840208 4.976468 -5.440805 -11.062373 -4.836329 19.352116 1.161928 -10.255062 31.375055 7.756380
16.661373 4.909811 -5.111996 -10.925882 -5.353114 19.405411 2.341164 -10.612944 31.894817 8.336692
17.530960 4.705002 -4.701529 -10.915083 -5.734239 19.497747 3.367152 -10.974491 32.151749 8.766314
18.397984 4.376468 -4.302442 -11.016234 -6.028903 19.527275 4.381606 -11.145722 32.332115 9.073657
19.126627 4.042734 -4.017822 -11.049987 -6.322323 19.546333 5.244042 -11.117948 32.632263 9.378353
19.677984 3.888324 -3.787346 -10.994493 -6.596612 19.571415 5.840758 -11.164817 32.877068 9.646230
20.058249 3.838699 -3.658496 -10.926547 -6.677173 19.520647 6.302653 -11.200581 33.084408 9.827353
20.366444 3.705775 -3.567501 -10.927460 -6.756146 19.483126 6.645335 -11.140086 33.202343 9.931355
20.568190 3.590631 -3.534185 -10.933184 -6.809835 19.429811 6.931468 -11.090855 33.273766 10.030109
20.658655 3.535356 -3.534828 -10.941332 -6.791690 19.386072 7.053573 -11.042936 33.282860 10.062665
20.707245 3.528035 -3.559555 -10.944997 -6.660124 19.332638 7.104095 -10.935640 33.330017 10.037228
20.927416 3.480483 -3.508354 -10.956396 -6.280624 19.253222 7.091356 -10.572738 33.485649 9.905052
21.290133 3.430459 -3.574949 -10.945070 -5.587419 18.934278 7.295370 -9.989442 33.709145 9.780926
21.776716 3.376898 -3.789905 -10.922203 -4.338708 18.323484 7.664330 -9.021316 33.953224 9.556579
22.373411 3.310833 -4.043832 -10.908406 -2.748725 17.559340 7.928642 -7.706084 34.249878 9.176368
23.072735 3.251844 -4.231024 -10.996657 -0.872680 16.705187 8.434432 -6.317913 34.697495 8.735607
23.761845 3.239590 -4.398130 -11.104238 1.190460 15.836362 8.450118 -4.616724 35.141720 8.121418
24.087709 3.368980 -5.022433 -11.181206 3.482033 14.663462 8.601942 -3.073274 35.217308 7.577913
24.531990 3.492954 -5.860578 -11.091560 5.615476 13.392002 8.829370 -1.308369 35.581772 7.112478
