-2.729955 4.225825 -30.824802 -7.713487 16.330402 3.928556 -3.901006 -5.760093 -2.524331 12.045801
-3.677365 4.140927 -31.533686 -7.783081 15.991487 5.143311 -2.425774 -6.940481 -4.100883 13.031096
-3.738978 4.182777 -31.554970 -7.276090 16.283298 6.378674 -2.934339 -6.359784 -4.370854 13.110693
-4.280538 4.822962 -30.525042 -6.657597 15.029785 8.254336 -4.315729 -6.746251 -3.653933 13.431658
-4.162241 5.616932 -29.971878 -6.034554 14.801128 8.662784 -4.923763 -6.946585 -3.443894 13.765430
-4.309010 6.978521 -29.590597 -4.989973 13.241153 8.943970 -5.865160 -8.077424 -2.806828 15.133565
-3.862758 7.595636 -29.706059 -3.567063 12.332818 8.685623 -8.465354 -7.487507 -3.840122 16.102697
-3.769150 8.220220 -29.226862 -2.369962 11.074702 9.122502 -11.105247 -7.452019 -4.478404 17.156467
-3.750254 9.185473 -28.322922 -1.443423 8.280529 9.890722 -12.934954 -9.153047 -3.780224 18.406443
-2.941324 9.841695 -27.722986 -0.730702 4.842870 9.219226 -12.705115 -11.421933 -2.186831 19.525383
0.111907 10.268339 -27.717115 0.511369 2.368948 6.527853 -11.770028 -12.694655 -1.041606 20.695398
-0.046832 10.998126 -27.307629 0.387889 -0.195927 5.172716 -10.341851 -14.877604 1.197607 21.513548
-0.823590 11.885870 -26.924673 0.548690 -2.269559 5.230594 -9.188203 -16.766478 3.387002 22.426973
-0.295425 12.194397 -25.756098 0.146222 -4.256290 4.457971 -8.836764 -18.431330 4.946803 23.006950
1.183340 12.052442 -24.226309 -0.499404 -5.469530 3.044076 -9.543043 -19.044411 5.567852 23.263187
2.512812 12.079236 -23.461189 -0.955726 -6.482738 0.752358 -8.974029 -19.874022 6.355977 23.974806
3.737670 12.379266 -22.761995 -0.717306 -8.405997 -0.062139 -7.409601 -21.759060 7.915114 25.040997
4.529043 12.302220 -22.289392 -0.750227 -9.150915 -0.487619 -6.188657 -22.658216 8.671695 25.359230
4.521644 12.260808 -22.067604 -0.878750 -9.366071 -0.466836 -6.332450 -22.922628 8.660232 25.235744
4.417657 12.233114 -21.955084 -1.031585 -9.358581 -0.488194 -6.406659 -22.956478 8.669224 25.132320
4.562459 12.226242 -22.042665 -0.901421 -9.352872 -0.516991 -6.436541 -22.903811 8.570310 25.203089
4.928884 12.213634 -22.271898 -0.581920 -9.336857 -0.614053 -6.476203 -22.774729 8.341382 25.373907
5.536036 12.208996 -22.644838 -0.073084 -9.315584 -0.850663 -6.494983 -22.569683 7.975613 25.691835
6.268441 12.212709 -23.035856 0.476737 -9.324791 -1.275257 -6.509213 -22.337437 7.545958 26.123528
7.155882 12.193049 -23.371696 0.966294 -9.292382 -1.933940 -6.436429 -22.111996 7.076654 26.592701
8.231297 12.095252 -23.582640 1.254189 -8.946916 -2.784600 -6.255241 -21.794498 6.554943 26.865547
9.512218 11.910940 -23.697746 1.476182 -8.316648 -3.564313 -6.163091 -21.324797 5.870857 26.941696
10.740307 11.771447 -23.680563 1.562266 -7.815565 -4.548866 -6.112056 -20.981464 5.303653 27.042572
12.042097 11.628683 -23.689688 1.638676 -7.319053 -5.653863 -5.979607 -20.692137 4.782965 27.113644
13.242797 11.559042 -23.891106 1.812712 -6.722041 -6.727670 -5.685547 -20.372257 4.286612 27.221706
14.443002 11.346618 -24.059576 1.828618 -5.708961 -7.675414 -5.388199 -19.749683 3.700851 27.085979
15.831279 11.079977 -24.133776 1.892971 -4.724719 -8.578736 -5.311235 -19.025818 3.059930 26.900486
17.245914 10.775476 -24.210892 2.020462 -3.762754 -9.380335 -5.229250 -18.271954 2.372583 26.755951
18.532049 10.462779 -24.153889 2.080832 -2.781486 -9.945458 -5.360757 -17.547775 1.612200 26.452511
19.691246 10.193259 -24.221771 2.238715 -1.950762 -10.522677 -5.548917 -16.847576 0.840045 26.297642
20.696459 9.923494 -24.352243 2.384358 -1.163313 -11.097845 -5.765202 -16.098318 0.053821 26.201744
21.402653 9.775438 -24.414806 2.492233 -0.717267 -11.481719 -5.905120 -15.678132 -0.407035 26.173777
21.720051 9.673076 -24.451252 2.481209 -0.415127 -11.722815 -5.958868 -15.435470 -0.694092 26.105766
21.818893 9.569639 -24.445045 2.362117 -0.113702 -11.854369 -5.928078 -15.216393 -0.830358 25.967867
21.860327 9.521710 -24.461575 2.328032 -0.025321 -11.905144 -5.917849 -15.123121 -0.887277 25.931400
21.660583 9.558968 -24.405291 2.300172 -0.088633 -11.758214 -6.203469 -15.132763 -0.908310 25.852989
20.448229 9.799004 -24.117332 1.885455 -0.289759 -11.144361 -7.135740 -15.351609 -0.785189 25.433239
17.435087 10.235319 -23.705467 1.104352 -1.083989 -9.779742 -9.617766 -15.681827 -0.712814 24.700081
14.114750 10.659971 -23.616789 0.671324 -1.917520 -7.789428 -11.647978 -15.716881 -0.333605 24.122623
11.341066 10.689100 -22.619894 0.151280 -2.579353 -4.389209 -14.319414 -15.730367 0.012103 22.602886
9.001658 10.987614 -20.672264 -1.311462 -3.642477 -2.438413 -16.605814 -16.954687 0.832655 21.029322
6.465619 11.299438 -19.437679 -1.829986 -4.732597 -0.163498 -19.708061 -17.544275 0.668992 19.911301
3.495463 11.237623 -17.673388 -1.107259 -5.466015 5.292661 -22.312294 -16.745100 0.208606 18.553322
1.100947 11.592155 -15.882348 -0.803791 -6.171618 9.565466 -25.369768 -15.883146 0.158356 17.749872
1.339746 11.400152 -14.634561 0.818240 -4.208444 15.190440 -29.059803 -13.107302 -1.463826 15.364660
1.738059 10.450128 -13.009698 -0.690673 -2.239491 16.777653 -28.862495 -12.209203 -1.014393 12.947499
2.945885 9.656091 -11.239644 -1.797364 -2.150241 17.374773 -29.299200 -12.545188 -0.430443 11.751074
3.235559 9.196097 -9.868672 -3.116436 -2.001905 17.322521 -29.386091 -13.081211 0.105056 10.473868
4.307448 8.593533 -8.709100 -5.389481 -1.653064 15.572466 -28.179827 -14.958264 1.033278 8.924625
4.619082 8.115000 -7.788170 -7.727376 -0.998044 14.269727 -27.565893 -16.628151 1.836135 7.389771
5.147667 7.669505 -6.973503 -8.973434 -0.476630 13.655355 -27.847599 -16.788647 1.914458 6.423403
5.457257 7.407454 -5.961420 -9.828798 -0.506512 12.897812 -28.522871 -17.010113 1.809874 6.000779
5.713754 7.094432 -5.194253 -10.795135 -0.242543 12.311856 -28.450583 -17.236961 1.880718 5.553728
5.944518 6.950297 -4.744766 -11.277977 -0.120888 11.941454 -28.661482 -17.317455 1.812468 5.443058
6.069615 6.891769 -4.677279 -11.396711 -0.109513 11.649321 -28.661924 -17.337212 1.773998 5.490083
6.066745 6.872204 -4.613471 -11.448827 -0.068282 11.683423 -28.743162 -17.326117 1.738395 5.419845
6.051877 6.792505 -4.411943 -11.639548 0.093854 11.833701 -28.955528 -17.287291 1.628018 5.183305
6.105652 6.683912 -4.139934 -11.926908 0.281835 11.932093 -29.260334 -17.271685 1.482489 4.923548
6.224503 6.565468 -3.993558 -12.156268 0.620902 12.067007 -29.428596 -17.131048 1.309595 4.698326
6.423623 6.378867 -3.851219 -12.368293 1.021323 12.232589 -29.780718 -16.831144 0.964680 4.459691
6.549536 6.120398 -3.583888 -12.781587 1.763299 12.589657 -30.221804 -16.300413 0.513319 4.042148
6.501897 5.869759 -3.194978 -13.264908 2.474041 12.919298 -30.878990 -15.650925 -0.040333 3.621519
6.366694 5.671108 -2.636484 -13.664046 2.790968 13.209587 -32.192577 -14.985996 -0.850053 3.392181
6.244371 5.510976 -2.318520 -13.941486 3.185313 13.434994 -33.351158 -14.396917 -1.655408 3.287640
5.807605 5.319028 -1.586479 -14.492876 4.074867 14.341370 -34.061382 -13.634130 -2.389539 2.659822
5.356292 5.244652 -0.816757 -14.970728 4.806949 15.422354 -34.669712 -12.988699 -2.917975 2.198679
4.879379 5.166602 -0.060502 -15.475423 5.506337 16.330074 -34.958618 -12.401880 -3.301187 1.729652
4.535662 5.074331 0.674160 -16.072464 6.259899 17.126204 -35.333878 -11.905345 -3.670278 1.247070
4.099368 5.010555 1.568101 -16.759258 6.850218 17.920473 -35.565704 -11.585186 -3.928645 0.684258
3.458164 4.921207 2.532744 -17.736027 7.603597 18.685785 -35.744713 -11.332785 -4.172889 -0.071468
2.608064 4.784605 3.908412 -19.015238 8.331420 19.615463 -35.916748 -11.216415 -4.425555 -1.136433
1.733707 4.717857 5.079381 -20.071739 8.940842 20.318617 -36.042099 -11.078655 -4.648998 -1.990474
1.056572 4.657580 6.008451 -20.844219 9.412806 20.903601 -36.185486 -10.904812 -4.875655 -2.642582
0.663012 4.623735 6.480353 -21.266605 9.675557 21.220415 -36.152401 -10.782255 -4.957327 -2.982608
0.529115 4.618308 6.608262 -21.401304 9.773388 21.300425 -36.094509 -10.741683 -4.981913 -3.070101
0.533233 4.620400 6.629900 -21.411047 9.781985 21.306139 -36.076859 -10.748237 -4.970362 -3.075801
0.519960 4.631365 6.645452 -21.419464 9.806151 21.299522 -36.050732 -10.764114 -4.973121 -3.082835
0.526647 4.628432 6.658566 -21.430183 9.821121 21.296900 -36.022263 -10.762975 -4.960092 -3.095699
0.526961 4.634391 6.675793 -21.434856 9.835700 21.295425 -36.011818 -10.766676 -4.951811 -3.105204
0.526693 4.638200 6.685511 -21.426701 9.826180 21.290024 -36.007999 -10.766267 -4.944655 -3.104943
0.519978 4.638833 6.696056 -21.428215 9.821077 21.289688 -36.009365 -10.765490 -4.945439 -3.107176
0.506677 4.637801 6.698301 -21.426979 9.812486 21.292242 -36.024155 -10.753593 -4.953291 -3.107143
0.502686 4.630150 6.703894 -21.428314 9.801981 21.298624 -36.030602 -10.739708 -4.958074 -3.110201
0.488574 4.624470 6.705660 -21.435177 9.772100 21.294336 -36.033684 -10.748177 -4.955297 -3.111821
