-1.983998 4.588956 -17.906845 -20.136751 34.227707 -14.934389 -24.939264 7.292772 -8.323146 -0.815740
-1.983998 4.588956 -17.906845 -20.136751 34.227707 -14.934389 -24.939264 7.292772 -8.323146 -0.815740
-1.983998 4.588956 -17.906845 -20.136751 34.227707 -14.934389 -24.939264 7.292772 -8.323146 -0.815740
-1.983998 4.588956 -17.906845 -20.136751 34.227707 -14.934389 -24.939264 7.292772 -8.323146 -0.815740
-1.983998 4.588956 -17.906845 -20.136751 34.227707 -14.934389 -24.939264 7.292772 -8.323146 -0.815740
-2.980286 4.759659 -18.331566 -20.490196 34.723709 -14.242952 -23.975969 5.944613 -9.215764 -0.905064
-3.190757 4.923847 -18.313051 -20.515991 34.799416 -14.196637 -23.785559 5.521826 -9.335052 -0.822957
-3.183222 4.926224 -18.296598 -20.519674 34.800838 -14.205487 -23.779091 5.509375 -9.331809 -0.821932
-3.180205 4.925360 -18.295769 -20.518450 34.798672 -14.207603 -23.777046 5.512809 -9.327298 -0.820968
-3.174845 4.922948 -18.293646 -20.517267 34.796654 -14.204226 -23.777363 5.517400 -9.323398 -0.822705
-3.171603 4.922215 -18.291201 -20.517517 34.797028 -14.203227 -23.776445 5.518239 -9.321750 -0.823700
-3.172133 4.920874 -18.291571 -20.518641 34.797623 -14.203233 -23.776766 5.520931 -9.321746 -0.824888
-3.174684 4.920545 -18.293209 -20.519442 34.796478 -14.205226 -23.776955 5.521525 -9.322236 -0.825404
-3.174254 4.919829 -18.292131 -20.520796 34.795719 -14.206217 -23.777594 5.523374 -9.320302 -0.825678
-3.170225 4.918058 -18.292124 -20.519661 34.796776 -14.206769 -23.778473 5.528794 -9.319198 -0.825835
-3.167027 4.916136 -18.291727 -20.519102 34.795441 -14.206420 -23.779135 5.532362 -9.317436 -0.826560
-3.166324 4.915947 -18.292810 -20.518456 34.796127 -14.206096 -23.776930 5.532417 -9.317845 -0.825515
-3.166832 4.915672 -18.292562 -20.519205 34.797035 -14.203683 -23.775206 5.533049 -9.315618 -0.827324
-3.164555 4.915528 -18.291500 -20.518375 34.796577 -14.203182 -23.775656 5.534171 -9.314056 -0.827184
-3.163720 4.914639 -18.291042 -20.519388 34.797981 -14.203098 -23.775532 5.536010 -9.313766 -0.828285
-3.159520 4.912185 -18.289825 -20.518879 34.797813 -14.201292 -23.775715 5.541812 -9.310501 -0.830106
-3.157069 4.910199 -18.288929 -20.519854 34.797806 -14.202030 -23.775816 5.545945 -9.308308 -0.830986
-3.153520 4.908614 -18.288973 -20.517771 34.798023 -14.198788 -23.775352 5.548822 -9.308284 -0.831463
-3.154737 4.909015 -18.289499 -20.517311 34.796925 -14.198433 -23.773979 5.548320 -9.307597 -0.831296
-3.149329 4.906577 -18.289719 -20.514482 34.794838 -14.195059 -23.774437 5.553656 -9.304731 -0.832414
-3.144842 4.903711 -18.288368 -20.514179 34.793598 -14.194812 -23.775684 5.559525 -9.302841 -0.833203
-3.140138 4.898581 -18.288313 -20.514259 34.791664 -14.192554 -23.778038 5.568151 -9.300900 -0.836301
-3.139899 4.898555 -18.289167 -20.514179 34.793427 -14.191862 -23.778280 5.569400 -9.300931 -0.836743
-3.138375 4.898489 -18.288729 -20.514187 34.794758 -14.192850 -23.777519 5.571647 -9.299139 -0.837193
-3.134587 4.894074 -18.289568 -20.514812 34.793972 -14.193496 -23.780792 5.581174 -9.296830 -0.839970
-3.132908 4.891901 -18.289896 -20.514490 34.792103 -14.193201 -23.782635 5.586387 -9.294477 -0.841297
-3.243253 4.876523 -18.362793 -20.563913 34.744911 -14.223086 -23.737804 5.531965 -9.316669 -0.843460
-3.539462 4.809778 -18.470074 -20.720798 34.564751 -14.213183 -23.731905 5.390206 -9.354619 -0.906653
-4.116537 4.685920 -18.804846 -20.998613 34.187504 -14.293616 -23.502083 5.188021 -9.317921 -0.935119
-4.969658 4.425593 -19.406713 -21.404690 33.333103 -14.342559 -22.923458 4.856710 -9.060235 -0.888187
-6.066027 4.160855 -20.217352 -21.885725 32.146687 -14.400576 -21.864964 4.197069 -8.679125 -0.643414
-7.594364 3.575325 -21.502449 -22.589703 30.333824 -14.524734 -20.531189 3.522814 -8.278371 -0.322364
-8.926328 3.027929 -22.719017 -23.124304 28.401352 -14.596066 -18.908419 2.590329 -7.850210 0.207973
-10.217489 2.785253 -23.690006 -23.371836 26.567329 -14.535342 -17.227129 1.433101 -7.253854 0.773008
-11.703042 2.494350 -24.796637 -23.639362 24.659754 -14.459446 -15.606721 0.366717 -6.741583 1.329732
-13.197284 2.458071 -25.586472 -23.880428 22.799129 -14.239876 -14.353167 -1.094140 -6.366245 1.885454
-14.639341 2.291165 -26.103710 -24.335558 21.048681 -13.859262 -13.043076 -2.437947 -5.961784 2.359588
-15.396779 2.115679 -26.508772 -24.470537 19.632296 -13.596078 -11.844958 -3.496775 -5.784171 2.934723
-16.271935 1.896342 -26.624147 -24.689505 18.086193 -12.974651 -10.895895 -4.544432 -5.482571 3.430892
-17.059223 1.809996 -26.638615 -24.897188 16.980598 -12.386240 -10.077457 -5.579654 -5.306024 3.867095
-18.006950 1.693515 -26.854509 -25.159365 15.681827 -11.939448 -9.584021 -6.426404 -5.006035 4.225285
-18.454584 1.496163 -26.960218 -25.336435 14.600155 -11.446168 -9.128704 -7.018723 -4.609235 4.501571
-18.733057 1.311061 -27.054447 -25.496576 13.759357 -11.084641 -8.576130 -7.529962 -4.354957 4.884724
-18.991913 1.140905 -27.076063 -25.728680 13.328884 -10.867735 -8.256765 -7.767992 -4.236359 5.086437
-19.047230 1.013839 -27.104523 -25.836174 13.119846 -10.795136 -8.046395 -7.836660 -4.203756 5.223728
-19.057995 0.979583 -27.064962 -25.882242 13.064073 -10.733668 -7.986418 -7.885682 -4.173527 5.249243
-18.952457 0.938967 -26.951229 -26.046309 13.036263 -10.754023 -7.892279 -7.898316 -3.907807 5.115686
-18.247023 0.716234 -26.331371 -26.567507 13.293986 -10.655408 -7.723439 -7.704998 -3.153931 4.517351
-16.056534 0.201456 -25.128798 -27.156544 13.951618 -10.718154 -7.258736 -6.858473 -1.803188 3.725310
-11.650379 -0.508336 -22.915081 -27.172274 15.563930 -9.876430 -6.555878 -5.166239 0.215915 2.379297
-7.196250 -0.835679 -20.309139 -26.652502 17.947886 -8.861107 -7.011658 -2.997877 1.854622 0.853379
-2.600767 -1.085854 -18.113157 -26.248272 21.384600 -8.707170 -7.014802 -0.057081 3.511994 -0.851708
0.380066 -1.124156 -16.666477 -25.767797 21.911383 -8.193749 -6.237052 1.058653 6.092108 -1.478659
3.027968 -0.753946 -15.642930 -25.155111 21.894621 -7.657118 -4.578696 1.786608 9.592807 -1.528234
4.795037 -0.461586 -15.306893 -24.633543 21.017923 -7.312942 -2.610520 3.344387 13.662910 -1.371957
6.358138 0.371656 -13.724937 -24.580681 20.188183 -6.110735 -0.813007 2.714970 17.726343 -1.501771
8.855651 1.134380 -11.379277 -23.660852 17.578329 -3.865550 0.300481 3.431589 23.910992 -1.579000
10.440848 2.401311 -8.202951 -23.164791 16.173346 -1.975329 1.027092 2.027937 27.502405 -1.274448
12.983100 2.741224 -4.478513 -22.390806 14.483875 0.830280 0.264427 1.412719 30.198633 -1.308086
15.503844 2.500582 -1.228240 -21.766924 11.587114 3.647818 -0.766524 0.001475 31.682915 -0.695951
15.784074 2.764698 0.026121 -21.195320 8.199303 5.303191 -1.720829 -2.441910 32.004230 0.360183
14.261134 3.865195 -0.156373 -20.117384 4.758755 6.435827 -3.815566 -5.618182 31.373377 1.552521
12.900101 4.682588 -0.541671 -18.948381 1.069609 7.666056 -6.014606 -7.859472 30.995253 2.665036
12.065219 5.350635 -0.773284 -17.842779 -2.416532 8.605737 -7.536435 -9.416884 31.152874 3.973700
11.637540 5.421747 -0.913560 -17.521023 -3.952584 8.944847 -8.412125 -10.075578 30.597570 4.589784
11.780540 5.387946 -0.929852 -17.336792 -4.389186 8.963637 -8.597385 -10.054394 30.520975 4.833481
11.780480 5.411710 -0.917532 -17.336555 -4.448952 8.977976 -8.573367 -10.130929 30.526400 4.886174
11.823479 5.460831 -0.897791 -17.302073 -4.575819 8.996424 -8.548681 -10.287971 30.476542 5.029907
11.922461 5.524637 -0.876468 -17.269241 -4.700158 8.971564 -8.386257 -10.457787 30.470539 5.234397
12.184390 5.594894 -0.853708 -17.148401 -4.930143 8.933025 -8.021376 -10.625656 30.602123 5.602841
12.531126 5.731528 -0.830294 -16.884169 -5.312022 8.909934 -7.558821 -10.733410 31.060101 6.014741
12.984370 5.769818 -0.676440 -16.672197 -5.731483 8.971902 -7.380839 -10.871328 31.197678 6.425327
13.375104 5.781022 -0.500223 -16.534161 -6.239261 8.979770 -6.967883 -11.091427 31.405071 6.806095
13.810302 5.641240 -0.483819 -16.506313 -6.770614 8.835295 -5.789865 -11.429316 31.552696 7.444874
14.407857 5.419794 -0.401419 -16.437597 -7.407554 8.750926 -4.548802 -11.735467 31.797756 8.134891
14.798033 5.307920 -0.443228 -16.395350 -7.934659 8.608393 -3.226194 -12.189066 31.971422 8.876234
14.927438 5.407511 -0.686318 -16.324751 -8.252546 8.310727 -1.841117 -12.684690 32.101013 9.610994
15.724683 5.349800 -0.386874 -16.158667 -8.750216 8.395926 -0.662545 -13.022538 32.608788 10.198311
16.577604 5.153497 -0.000560 -16.124039 -9.118022 8.507383 0.366012 -13.367028 32.859928 10.637683
17.427534 4.832895 0.375131 -16.204056 -9.404288 8.553857 1.387038 -13.529758 33.036922 10.952247
18.116955 4.500649 0.659542 -16.240942 -9.665921 8.625499 2.271644 -13.502479 33.348175 11.218703
18.637369 4.341087 0.905779 -16.202393 -9.917595 8.691634 2.873933 -13.552648 33.596840 11.444803
18.984329 4.287242 1.061612 -16.161636 -9.979561 8.680315 3.348120 -13.604649 33.815136 11.580050
19.282829 4.152378 1.159300 -16.166100 -10.053508 8.663496 3.694627 -13.547978 33.934952 11.671067
19.471569 4.035840 1.197259 -16.174288 -10.100969 8.631156 3.980354 -13.500680 34.004078 11.757059
19.557936 3.981868 1.194572 -16.180614 -10.080044 8.593667 4.106262 -13.453087 34.015038 11.787436
19.610321 3.976433 1.165611 -16.178690 -9.952182 8.535879 4.153291 -13.343506 34.060303 11.769618
19.836859 3.937206 1.203709 -16.179918 -9.579368 8.431026 4.137574 -12.975312 34.217052 11.660852
20.211880 3.901782 1.099712 -16.129999 -8.893304 8.091996 4.343122 -12.373699 34.436817 11.581745
20.720375 3.870954 0.837460 -16.053726 -7.667498 7.437310 4.689326 -11.386565 34.660900 11.432670
21.352905 3.825393 0.543042 -15.983913 -6.114788 6.621159 4.903989 -10.052143 34.919086 11.141152
22.064550 3.771237 0.346583 -16.052528 -4.264227 5.755739 5.387477 -8.662951 35.349571 10.736527
22.784924 3.757477 0.159736 -16.118862 -2.243715 4.887437 5.347992 -6.949388 35.745506 10.177204
23.118162 3.890584 -0.485558 -16.166061 0.029766 3.719244 5.479554 -5.398048 35.793621 9.667480
23.547443 4.035950 -1.354933 -16.038055 2.162130 2.471406 5.722973 -3.645100 36.142864 9.236782
