22.844963 6.600925 -6.283757 -11.402071 12.153429 9.337562 11.279671 -6.000232 30.933310 7.171924
22.814522 5.804755 -7.598372 -11.902973 12.910615 8.103644 12.114010 -4.176424 31.048710 6.825996
21.781658 5.254487 -9.334681 -12.485620 14.199603 6.586370 12.470932 -2.495002 30.326084 6.413572
20.908194 4.909415 -10.734573 -12.892834 15.143517 5.461801 12.544393 -1.224549 29.702818 6.150479
19.681429 4.855661 -12.427080 -13.061316 16.115021 4.412436 12.313213 -0.030372 29.158278 5.950037
15.588864 4.470093 -16.115660 -13.917202 15.925881 3.525322 14.503533 -0.758849 26.820986 6.895833
13.787924 4.534246 -18.253582 -13.956042 16.152365 2.749322 14.874826 -0.721805 25.850964 7.167243
12.561887 4.394727 -19.889601 -14.300822 18.205801 1.470926 14.841989 -0.059377 24.068222 6.843613
11.556181 4.201978 -20.797873 -14.962811 19.932165 0.550873 14.981274 0.161825 22.611862 6.276611
11.413749 4.261495 -21.214029 -15.113212 22.413044 -0.695788 14.654919 0.312386 20.612135 5.857077
10.876863 4.253661 -21.869225 -15.127255 23.973196 -1.551532 14.793523 0.120242 18.893084 5.698022
10.745361 4.101810 -22.415176 -15.136538 25.819862 -2.483418 14.828680 0.352836 17.071053 5.387978
10.206495 3.927736 -23.154488 -15.341552 27.272747 -3.303670 15.095814 0.301549 15.118138 5.463675
10.249550 4.027985 -23.909853 -15.164755 29.488764 -4.397747 15.525062 0.195626 12.839005 5.730213
10.299918 4.149334 -24.662294 -14.923679 31.628996 -5.230709 15.697228 0.257191 10.878081 5.857584
10.204653 4.090382 -25.574600 -14.798750 33.514420 -6.145301 16.039209 0.418752 8.969630 6.013995
9.411624 4.555905 -26.205647 -14.430037 34.713573 -6.636976 15.795377 -0.238913 7.162665 6.352355
8.288121 4.740359 -26.911993 -14.241029 35.092106 -6.808847 15.425928 -0.556492 5.880864 6.601818
6.838493 4.880210 -27.735491 -14.296100 35.318634 -7.135517 15.054945 -0.821233 4.744781 6.849496
5.628527 4.666650 -28.631323 -14.398471 35.211544 -7.338686 14.442537 -0.547306 3.753880 6.934211
4.604163 4.488150 -29.285212 -14.498758 35.230473 -7.462279 13.712070 -0.181699 2.891026 6.861649
3.793965 4.302733 -29.905867 -14.488447 35.051830 -7.481000 13.274382 0.041274 2.187846 6.930542
2.902168 4.165778 -30.714245 -14.347369 34.836643 -7.700802 12.792232 0.327820 1.279652 7.186712
2.358794 4.139193 -31.411865 -14.009258 34.736885 -7.808156 12.422583 0.585373 0.423328 7.584961
1.993619 4.149065 -31.824068 -13.718140 34.481602 -7.776246 12.012339 0.632675 -0.173260 7.877747
1.687203 4.117576 -32.195202 -13.508153 34.205498 -7.788233 11.564811 0.739087 -0.648730 8.139595
1.426724 4.030916 -32.522938 -13.336563 33.930462 -7.741795 10.995073 0.940541 -1.076690 8.293491
1.254342 3.952111 -32.793240 -13.128682 33.697437 -7.661081 10.474957 1.125998 -1.488208 8.411934
1.123857 3.956563 -32.941849 -12.946485 33.464188 -7.537798 10.131101 1.144033 -1.721563 8.520296
1.081293 3.969337 -32.994133 -12.838361 33.316776 -7.449791 9.980321 1.130638 -1.798292 8.585444
1.027226 3.979661 -33.043484 -12.808761 33.267223 -7.436804 9.938804 1.122445 -1.830077 8.614680
1.002020 3.971855 -33.028736 -12.835445 33.212482 -7.425489 9.983289 1.041160 -1.807296 8.624053
0.816643 3.936175 -33.046661 -12.944510 33.059273 -7.409795 10.108118 0.854389 -1.754020 8.640588
0.548043 3.909883 -33.029957 -13.102427 32.753262 -7.344066 10.348010 0.453529 -1.620636 8.676385
0.140019 3.957230 -33.062790 -13.303194 32.354359 -7.376097 10.820993 -0.194702 -1.404716 8.814775
-0.354968 3.988721 -33.134289 -13.547868 31.869831 -7.443427 11.327037 -0.890808 -1.160279 8.951715
-1.141373 3.977630 -33.288376 -13.949300 31.047552 -7.547559 11.821600 -1.831411 -0.865336 9.130865
-2.212157 3.972476 -33.403210 -14.436644 30.057394 -7.511429 12.129316 -2.991670 -0.658230 9.256000
-2.921203 3.989231 -33.308315 -14.860981 28.931959 -7.454779 12.454654 -4.257006 -0.305183 9.430905
-3.720567 3.968999 -33.106583 -15.399947 27.761511 -7.374299 12.683190 -5.525291 0.084278 9.555231
-4.503584 4.105814 -32.871990 -15.806872 26.575895 -7.251948 13.066124 -6.948782 0.560369 9.800722
-5.140090 4.291483 -32.593212 -16.132198 25.422453 -7.200363 13.245366 -8.331545 0.870783 10.091530
-5.540821 4.424200 -32.271751 -16.290432 24.281469 -6.996950 13.528475 -9.571374 1.225537 10.409196
-5.630217 4.534851 -32.029205 -16.240192 23.226049 -6.835680 13.993649 -10.579820 1.663486 10.778738
-5.358549 4.561604 -31.891087 -16.087011 22.563166 -6.870831 14.328537 -11.131398 1.737243 11.184142
-5.442938 4.604166 -31.766020 -16.071350 22.052898 -6.834900 14.503892 -11.660114 1.790062 11.386557
-5.461551 4.644866 -31.482681 -16.141554 21.763456 -6.706878 14.614669 -12.034874 1.986768 11.376354
-5.171751 4.651532 -31.241468 -16.063540 21.547895 -6.543101 14.722339 -12.222335 2.189788 11.394747
-4.787370 4.617935 -31.060575 -16.006289 21.443937 -6.464145 14.891455 -12.281610 2.361949 11.439768
-4.574519 4.639166 -30.897017 -15.982734 21.427668 -6.350732 14.959708 -12.328854 2.504077 11.420302
-4.512754 4.640423 -30.840677 -15.983455 21.434204 -6.315995 14.961206 -12.340396 2.538859 11.397545
-4.714555 4.583495 -30.673946 -16.191719 21.358513 -6.145303 14.775434 -12.431432 2.652086 11.097439
-4.790785 4.466733 -30.219301 -16.610090 21.600685 -5.771237 14.477861 -12.269261 3.070471 10.293484
-3.974973 4.309403 -29.133615 -17.110609 22.012383 -5.150166 14.065688 -11.847443 4.111993 9.107647
-1.301561 3.890593 -27.818249 -16.905827 22.810980 -4.553871 13.311673 -10.511603 4.829129 7.863062
1.412216 3.216913 -26.276857 -17.136242 23.500227 -3.497459 12.451364 -8.577091 6.240238 6.270412
3.211933 2.166644 -23.856678 -18.391018 25.157787 -2.026681 10.491313 -5.421771 7.950789 3.116585
6.265525 1.613601 -21.316689 -18.343185 25.780153 -0.344401 5.750065 0.925597 13.687110 -1.374462
7.341766 1.522976 -19.191196 -18.112436 24.771986 2.277691 0.456631 5.644047 18.067966 -4.853302
8.458697 1.305754 -16.014637 -18.954851 24.580919 4.071451 -3.456820 8.142661 19.641371 -6.607012
11.648758 2.281300 -13.811172 -16.850550 22.808540 5.068571 -10.117431 12.036507 21.765133 -6.887628
15.208199 0.908333 -12.793095 -15.317115 17.669138 6.515276 -12.399548 13.797937 23.169395 -5.294165
18.868326 -0.811641 -11.580037 -13.936573 14.960063 7.695114 -14.730856 15.191658 22.036819 -4.009320
22.477282 -2.456923 -11.290670 -11.819121 12.397889 8.595133 -17.121576 15.983672 19.449633 -2.084505
25.183737 -3.716046 -10.830934 -10.626561 9.264484 8.207272 -17.670643 15.672808 17.223755 0.573364
29.660589 -7.256355 -9.596996 -11.143253 7.055167 7.936414 -17.581850 16.834429 14.222054 3.420895
31.448740 -8.652966 -11.634944 -10.260164 6.436575 6.550921 -14.796245 17.964367 11.738008 6.938048
32.915112 -10.665163 -13.594714 -9.773705 5.691753 5.314995 -11.337551 19.253317 9.666420 9.685531
32.910290 -12.084016 -15.110493 -9.792860 5.308432 3.947299 -9.534310 20.339155 8.037122 11.320235
32.863194 -12.707092 -15.320642 -10.197969 5.016507 3.345862 -8.284274 20.224392 7.568005 11.942265
32.553974 -12.836554 -15.418881 -10.353838 4.681881 3.204076 -7.869918 19.926392 7.429803 12.164001
32.680893 -12.920581 -15.392447 -10.340516 4.608243 3.250083 -7.863783 19.968739 7.396627 12.218885
32.847363 -13.120986 -15.361860 -10.390402 4.418518 3.449142 -7.836748 19.995781 7.337407 12.304369
32.789005 -13.485504 -15.304742 -10.545021 3.672272 3.981924 -7.835032 19.827263 7.284474 12.522623
32.507767 -13.955873 -15.366745 -10.782411 2.645190 4.546049 -7.751915 19.448118 7.085157 12.648486
31.896332 -14.370796 -15.322082 -11.152764 1.617590 5.431231 -7.542106 18.888517 7.045514 12.544909
31.274364 -14.759313 -14.861971 -11.812879 0.422863 6.369086 -7.682160 18.139694 7.313725 12.105373
29.983522 -15.522090 -14.649421 -13.020514 -1.461850 7.253043 -7.808227 17.382729 7.303351 11.942518
29.630932 -16.419277 -13.539634 -14.086710 -2.918648 8.579052 -8.803437 17.150986 7.607932 11.213015
28.536844 -17.103561 -12.927348 -14.909604 -4.622570 9.499031 -9.534993 16.207649 7.313385 10.768133
27.117531 -17.524132 -12.441896 -15.730059 -6.069128 10.479549 -9.829430 15.019234 7.292194 10.186634
25.872583 -18.344383 -12.034395 -16.767372 -7.842121 11.495341 -9.765649 14.059519 7.458860 9.708961
24.899063 -19.213690 -11.873539 -17.707138 -9.124269 12.021489 -9.363712 13.403011 7.419187 9.198897
24.361952 -19.994022 -11.643303 -18.257740 -10.176897 12.458381 -9.470598 13.303984 7.493734 8.734532
23.230715 -20.279274 -11.769425 -18.684137 -11.019061 12.665966 -9.200538 12.692622 7.409062 8.462964
22.268980 -20.574472 -11.896175 -19.120567 -11.811048 12.905095 -8.796634 12.079222 7.299253 8.294867
21.952389 -20.874735 -11.813004 -19.200270 -12.177685 13.254117 -9.077159 12.166642 7.366457 7.913278
21.383236 -20.922884 -11.859879 -19.237345 -12.566640 13.513529 -8.899041 11.889420 7.502927 7.722548
20.737295 -20.756296 -12.067973 -19.348721 -12.737249 13.448401 -8.470295 11.430343 7.536809 7.753326
20.341848 -20.577366 -12.172576 -19.379251 -12.819080 13.401186 -8.229564 11.069132 7.606742 7.765907
20.236479 -20.507332 -12.242379 -19.352510 -12.813759 13.384123 -8.194483 10.982342 7.604923 7.766916
