0.093329 12.712276 -16.870129 -6.386352 -7.765054 -0.387843 -9.389327 -22.017963 13.874221 20.184731
-0.794718 12.636460 -16.061399 -7.590073 -7.324550 -0.250828 -9.547485 -22.086346 14.213246 19.410521
-1.618355 12.493775 -15.071939 -8.908055 -6.822687 -0.014521 -9.973238 -22.110001 14.436098 18.468422
-2.329890 12.331390 -14.029033 -10.269205 -6.223152 0.093468 -10.490791 -22.064959 14.583097 17.499428
-2.692509 12.059207 -13.113508 -11.489917 -5.336115 0.067646 -11.392056 -21.712761 14.251393 16.416164
-4.143078 11.457997 -12.510429 -13.725157 -4.799012 0.691957 -9.400014 -23.667152 12.225936 16.155468
-4.656115 11.356338 -11.765210 -14.788849 -3.588088 0.904833 -9.899708 -23.850473 11.398948 15.190586
-4.770432 11.113804 -10.946871 -15.734868 -2.552456 0.999270 -10.629954 -23.409649 10.985318 14.227413
-4.780299 10.891276 -10.463609 -16.325480 -1.719688 1.151836 -11.367101 -22.918209 10.553766 13.460543
-4.887658 10.453788 -9.532725 -17.321083 -0.531917 1.573039 -12.605579 -22.161585 9.863284 12.225300
-5.049011 10.053505 -8.685078 -18.224804 0.725943 2.034590 -13.889769 -21.351267 9.104134 11.020619
-5.244229 9.610260 -7.602571 -19.340075 2.072763 2.719406 -15.164585 -20.599258 8.384184 9.667180
-5.416292 9.235004 -6.781396 -20.249010 3.351054 3.357093 -15.912077 -19.885098 7.902908 8.509234
-5.774775 8.949581 -6.066695 -21.010242 4.450976 4.067845 -16.447111 -19.234650 7.521894 7.559528
-6.009311 8.706473 -5.588250 -21.456631 5.243485 4.666498 -16.710300 -18.713358 7.249633 6.827314
-6.254869 8.487756 -4.880957 -22.090023 5.947662 5.336812 -16.951984 -18.377766 7.133562 6.033228
-6.674310 8.231320 -4.014226 -23.001442 6.959713 6.131134 -17.055763 -17.974186 7.071850 5.030886
-7.002426 8.034671 -3.430457 -23.696808 7.949615 6.748419 -16.979303 -17.586582 7.019756 4.234187
-7.476894 7.876659 -2.955554 -24.349361 8.899638 7.324068 -16.659830 -17.219810 6.993735 3.591293
-7.927409 7.704794 -2.476245 -24.986637 9.742750 7.808459 -16.437626 -16.846516 6.925757 3.006500
-8.355309 7.503996 -1.942123 -25.683468 10.578680 8.208304 -16.322603 -16.442722 6.816838 2.378556
-8.748571 7.346940 -1.450934 -26.246599 11.296564 8.687464 -16.308121 -16.121546 6.707282 1.809287
-9.080499 7.221705 -1.076929 -26.720320 11.837799 9.042225 -16.133387 -15.916611 6.711225 1.364046
-9.338616 7.090588 -0.746056 -27.148718 12.288558 9.248789 -15.945229 -15.716319 6.695889 0.994236
-9.437745 6.923249 -0.455318 -27.492746 12.770506 9.348303 -15.773697 -15.425926 6.577661 0.639984
-9.522483 6.790468 -0.258757 -27.737890 13.168150 9.424025 -15.660311 -15.170802 6.467632 0.375071
-9.588667 6.689635 -0.195602 -27.901897 13.527154 9.433622 -15.515416 -14.932485 6.355992 0.195959
-9.624878 6.606621 -0.110153 -28.059011 13.797364 9.428565 -15.352456 -14.768778 6.304523 0.047488
-9.650376 6.558194 -0.051026 -28.165413 13.949946 9.423008 -15.227061 -14.688193 6.288048 -0.046610
-9.703895 6.540025 -0.066580 -28.209766 14.040286 9.393312 -15.127570 -14.624327 6.279503 -0.070412
-9.709672 6.527196 -0.077596 -28.222490 14.075503 9.378442 -15.086049 -14.594395 6.276484 -0.085357
-9.725380 6.540283 -0.091585 -28.213923 14.056254 9.389439 -15.028481 -14.627235 6.338162 -0.051374
-9.762478 6.574435 -0.143961 -28.175350 13.976895 9.418198 -14.903918 -14.716750 6.504572 0.058005
-9.852911 6.643482 -0.312210 -28.089670 13.807719 9.387821 -14.614042 -14.873208 6.805387 0.282844
-9.935567 6.753266 -0.546163 -27.960274 13.541654 9.281574 -14.104178 -15.128505 7.240102 0.645567
-9.965523 6.901338 -0.919877 -27.697950 13.101301 9.109558 -13.570973 -15.467264 7.743255 1.154966
-9.943213 7.141636 -1.570282 -27.198687 12.364567 8.696987 -12.766663 -15.959954 8.441682 1.996380
-9.918169 7.378958 -2.261697 -26.690943 11.674372 8.197253 -11.841730 -16.405071 9.115666 2.879160
-9.860637 7.617920 -2.996308 -26.127733 10.987726 7.670721 -10.904727 -16.827185 9.738898 3.783704
-9.935261 7.870216 -3.488365 -25.743711 10.250680 7.213471 -10.172836 -17.317589 10.395199 4.595600
-9.941675 8.144485 -4.155959 -25.201303 9.404882 6.637095 -9.463190 -17.819004 11.011201 5.545647
-9.994890 8.377827 -4.659273 -24.723093 8.644712 6.219370 -8.996949 -18.217899 11.492655 6.321614
-10.038839 8.596112 -5.178277 -24.228884 7.967797 5.773138 -8.544132 -18.532206 11.880004 7.111849
-10.125308 8.814769 -5.738919 -23.744991 7.386794 5.451826 -8.208109 -18.840160 12.189988 7.822371
-10.297360 9.040524 -6.182984 -23.445885 6.898427 5.123263 -7.870640 -19.200008 12.551641 8.450899
-10.441796 9.221611 -6.554905 -23.159769 6.482300 4.887729 -7.529261 -19.504004 12.848544 8.934830
-10.554894 9.355894 -6.888217 -22.899027 6.171732 4.670733 -7.238075 -19.719881 13.044735 9.303896
-10.608695 9.459138 -7.202838 -22.622469 5.905900 4.476632 -7.019404 -19.866808 13.157159 9.621315
-10.649355 9.568347 -7.502507 -22.326761 5.608075 4.300146 -6.764962 -20.019718 13.299525 9.933111
-10.662557 9.657008 -7.726806 -22.082327 5.352278 4.176413 -6.598010 -20.136282 13.415395 10.172864
-10.660271 9.681306 -7.792771 -22.007229 5.282508 4.140191 -6.549892 -20.169283 13.446081 10.242993
-10.688992 9.792426 -7.759426 -21.846699 4.897214 4.240732 -6.677707 -20.375566 13.607890 10.358070
-10.697675 10.049821 -7.590796 -21.454422 3.953120 4.562534 -7.214818 -20.869019 13.941287 10.535277
-10.663716 10.379297 -7.282028 -20.928968 2.562857 4.970850 -8.276110 -21.544163 14.238200 10.702506
-10.553041 10.834045 -7.129884 -19.925459 0.751616 5.566499 -9.820567 -22.294224 14.291353 10.956323
-10.418606 11.427914 -6.932828 -18.672678 -1.683461 6.295756 -12.022043 -23.370487 14.163316 11.349090
-9.804954 11.771120 -7.001702 -16.995197 -3.795726 7.001276 -14.794246 -23.846426 13.121080 11.550489
-8.369835 12.141047 -8.145250 -14.449837 -5.820030 7.015745 -17.567953 -23.862146 11.399329 12.559087
-4.747341 12.108210 -10.797721 -10.005160 -7.092295 7.789081 -20.915480 -22.762411 8.336845 13.823488
-1.159669 11.729932 -13.540674 -6.292027 -6.924925 7.536588 -23.259762 -20.728043 4.898709 14.940198
2.029129 10.849923 -15.788143 -3.176561 -5.335617 8.518339 -25.801321 -17.727076 1.057326 14.966524
4.161435 10.195733 -18.017260 -0.749504 -3.526917 8.817059 -27.134277 -14.925346 -2.421087 15.556330
5.460120 9.594574 -20.938946 1.298687 -1.316416 8.318994 -26.965261 -11.956260 -5.574129 16.891102
7.518964 9.043851 -22.783106 2.714723 0.926167 7.836493 -25.603199 -9.817855 -7.710209 18.252602
8.067681 7.995152 -24.918617 3.418290 1.748139 5.963894 -24.855843 -7.943038 -10.404208 20.034798
9.032746 7.644459 -26.427374 4.147064 3.962587 4.998930 -22.840090 -6.188664 -11.988404 21.717613
9.914477 7.209247 -28.018921 4.604872 5.846814 3.747247 -20.247761 -4.570945 -12.947351 23.005722
10.530352 6.650498 -28.921730 4.354662 7.956920 2.436640 -18.631210 -2.868412 -13.834099 23.291204
10.108656 6.144492 -30.290663 4.122520 9.603263 1.203195 -17.722406 -1.288691 -14.991260 23.625145
9.868419 5.896030 -30.570425 3.707110 10.402926 0.767019 -16.923637 -0.788947 -15.088614 23.677351
9.716117 5.838471 -30.682920 3.552167 10.523309 0.571856 -16.634884 -0.729552 -15.059659 23.775936
9.660549 5.845912 -30.721891 3.585505 10.546192 0.651705 -16.631691 -0.710740 -15.057321 23.763954
9.487877 5.861197 -30.857092 3.680783 10.584349 0.849783 -16.730307 -0.650461 -15.124183 23.725155
9.166340 5.939538 -31.090134 3.827250 10.552188 1.117489 -16.812469 -0.674943 -15.128329 23.713028
8.720047 6.031470 -31.382801 3.963691 10.509573 1.390600 -16.813007 -0.745673 -15.056053 23.730059
8.052597 6.119389 -31.650805 4.011800 10.451668 1.907835 -16.622066 -0.920502 -14.773332 23.685680
7.250465 6.230175 -31.732290 3.986703 10.400261 2.791391 -16.568361 -1.202662 -14.415709 23.511593
6.009125 6.410653 -31.790262 3.801431 10.138629 3.554850 -16.782701 -1.620753 -13.969144 23.254486
4.859366 6.563030 -31.746496 3.538491 9.839864 4.260378 -16.887646 -2.141009 -13.406341 22.914021
3.596238 6.624694 -31.618952 3.102632 9.508299 4.836547 -17.203281 -2.611542 -12.974750 22.456640
1.853468 6.766009 -31.441814 2.460206 9.133157 5.589342 -17.543303 -3.185249 -12.382946 21.888420
0.028277 6.931092 -31.288769 1.755565 8.673796 6.348777 -17.675375 -3.869809 -11.564448 21.371178
-1.645297 7.152943 -31.395716 1.343785 8.245809 7.004634 -17.804964 -4.451235 -10.937562 20.970976
-2.971184 7.369445 -31.227047 0.820432 7.943509 7.522518 -18.099815 -5.023257 -10.385129 20.478889
-3.915424 7.536885 -31.279394 0.391826 7.736012 7.654128 -17.953852 -5.537236 -9.808166 20.159435
-4.941498 7.678887 -31.173786 -0.279227 7.523491 7.642662 -17.701391 -6.134282 -9.090565 19.787582
-5.853056 7.818460 -30.988148 -0.896189 7.462934 7.705199 -17.495157 -6.579823 -8.446321 19.338293
-6.543941 7.891573 -30.909519 -1.358667 7.301943 7.671617 -17.278891 -6.933627 -7.933685 19.078094
-6.909520 7.922701 -30.879757 -1.653999 7.199153 7.585681 -17.071568 -7.155769 -7.564300 18.909700
-7.134238 7.929702 -30.836731 -1.859285 7.138597 7.550772 -16.982830 -7.290209 -7.352156 18.779575
-7.178745 7.922057 -30.815054 -1.917184 7.067558 7.545357 -16.947201 -7.357728 -7.269392 18.742331
-7.201516 7.936737 -30.910473 -1.882234 7.152082 7.486192 -16.856602 -7.298262 -7.287961 18.777214
-7.179986 7.979291 -31.191330 -1.738577 7.329628 7.252468 -16.663307 -7.133010 -7.367162 18.906013
-6.994058 8.013241 -31.603598 -1.466715 7.614055 6.950965 -16.332508 -6.855812 -7.518619 19.080814
-6.572264 8.031478 -32.198368 -1.078330 8.059757 6.470981 -15.767457 -6.501970 -7.702647 19.302141
-6.225711 8.037114 -33.025665 -0.585420 8.670630 6.006555 -15.003467 -5.929793 -7.879901 19.599476
-5.808853 7.956475 -33.782429 -0.257173 9.193569 4.926435 -14.100900 -5.328167 -8.042253 19.945135
-5.199470 7.939453 -34.834530 0.262036 9.539934 3.476824 -12.798139 -4.864268 -8.088692 20.638351
-4.521994 7.715871 -35.843288 0.470278 10.405502 1.890051 -11.499233 -3.911397 -8.345029 20.973045
-3.699203 7.604567 -36.903511 0.717610 11.101858 -0.077105 -9.622742 -3.183392 -8.271066 21.638144
