-0.241264 5.431050 11.136457 -28.463682 7.884588 6.804928 -37.669937 -12.680230 0.135594 -2.800272
-0.241264 5.431050 11.136457 -28.463682 7.884588 6.804928 -37.669937 -12.680230 0.135594 -2.800272
-0.241264 5.431050 11.136457 -28.463682 7.884588 6.804928 -37.669937 -12.680230 0.135594 -2.800272
-0.241264 5.431050 11.136457 -28.463682 7.884588 6.804928 -37.669937 -12.680230 0.135594 -2.800272
-0.241264 5.431050 11.136457 -28.463682 7.884588 6.804928 -37.669937 -12.680230 0.135594 -2.800272
-1.354327 5.195826 10.573967 -29.121107 7.271960 8.403166 -35.547245 -15.395724 -1.880593 -2.256350
-1.552139 5.338067 10.583304 -29.157524 7.417273 8.409216 -35.437180 -15.751543 -2.082683 -2.212123
-1.545376 5.356483 10.611808 -29.161547 7.419373 8.378194 -35.432503 -15.781254 -2.069602 -2.199307
-1.541567 5.355628 10.615357 -29.161959 7.415519 8.380013 -35.427147 -15.783762 -2.063045 -2.198205
-1.535740 5.353842 10.618519 -29.161249 7.411764 8.380523 -35.426365 -15.781374 -2.058559 -2.197944
-1.533579 5.354319 10.620204 -29.161505 7.414166 8.381157 -35.425716 -15.782425 -2.058879 -2.198766
-1.534787 5.351888 10.620235 -29.162933 7.409261 8.381489 -35.425777 -15.782295 -2.057712 -2.199145
-1.532454 5.349554 10.618776 -29.162714 7.408147 8.381583 -35.425980 -15.777853 -2.057234 -2.199214
-1.533085 5.348616 10.619048 -29.164015 7.404285 8.380769 -35.426510 -15.777636 -2.055015 -2.198664
-1.532207 5.345839 10.617831 -29.165655 7.402471 8.379097 -35.424801 -15.773364 -2.053293 -2.198554
-1.526313 5.344204 10.619876 -29.162445 7.397733 8.383473 -35.424572 -15.770431 -2.047755 -2.199126
-1.527399 5.345768 10.620269 -29.162577 7.398222 8.383661 -35.423325 -15.773926 -2.047825 -2.198097
-1.525364 5.346132 10.619951 -29.161411 7.399462 8.382051 -35.424599 -15.772114 -2.047738 -2.197539
-1.524063 5.345922 10.621167 -29.161415 7.399612 8.380969 -35.425831 -15.770102 -2.046312 -2.198505
-1.526142 5.347989 10.620205 -29.160883 7.402882 8.380685 -35.425201 -15.772952 -2.048376 -2.198440
-1.522321 5.347907 10.621268 -29.159544 7.403282 8.379384 -35.424347 -15.769616 -2.044959 -2.197893
-1.521244 5.347250 10.622414 -29.159889 7.400651 8.380095 -35.423786 -15.769817 -2.043179 -2.197489
-1.517832 5.343866 10.622725 -29.159336 7.401097 8.382341 -35.425518 -15.763645 -2.043441 -2.200133
-1.516479 5.343969 10.623306 -29.157579 7.397419 8.382155 -35.424793 -15.764047 -2.040985 -2.199517
-1.515547 5.341811 10.622877 -29.158440 7.395476 8.383218 -35.423649 -15.762239 -2.038794 -2.200645
-1.510682 5.338790 10.622990 -29.157171 7.391984 8.383502 -35.425453 -15.756447 -2.036433 -2.200883
-1.509462 5.333972 10.622424 -29.159523 7.387916 8.383075 -35.427132 -15.750917 -2.035015 -2.202179
-1.507241 5.332678 10.622861 -29.159552 7.387617 8.380626 -35.429981 -15.747030 -2.035300 -2.201626
-1.504684 5.331283 10.624097 -29.159309 7.384668 8.383279 -35.430229 -15.745767 -2.032806 -2.202458
-1.502320 5.327962 10.623335 -29.160015 7.384552 8.382537 -35.432697 -15.737505 -2.030422 -2.205263
-1.506048 5.326893 10.620404 -29.161486 7.380387 8.382565 -35.432533 -15.736582 -2.028385 -2.205944
-1.391454 5.336829 10.522492 -29.035128 7.281240 8.317164 -35.483044 -15.773998 -2.008093 -2.120111
-1.024812 5.372722 10.136711 -28.628582 7.013009 8.073688 -35.487968 -15.866275 -1.898470 -1.805590
-0.439924 5.464897 9.316810 -27.883972 6.491495 7.512921 -35.390743 -16.033043 -1.674217 -1.128701
0.356818 5.538503 8.296804 -26.867245 5.813705 6.856489 -35.286400 -16.182974 -1.410958 -0.290191
1.222278 5.662469 6.965420 -25.576115 5.156948 6.113909 -34.925400 -16.306860 -1.107163 0.713658
1.995936 5.732776 5.934314 -24.419048 4.440726 5.624040 -34.765121 -16.459454 -0.915089 1.524865
2.568532 5.811112 5.033793 -23.455605 3.823410 5.158140 -34.722576 -16.642824 -0.801361 2.209407
3.071760 5.975965 4.130689 -22.466345 3.117654 4.647968 -34.686302 -16.896643 -0.665598 2.917945
3.578684 6.092419 3.179111 -21.493256 2.499907 4.365907 -34.488415 -17.198795 -0.490291 3.436296
3.940032 6.185297 2.174145 -20.415319 2.016219 4.522923 -33.834106 -17.409559 -0.203925 3.707332
4.270021 6.392508 1.267695 -19.290365 1.380041 4.902473 -33.074806 -17.844952 0.308187 4.014048
4.500871 6.553215 0.551359 -18.359482 0.939869 5.449996 -32.124645 -18.247284 0.861039 4.162091
4.666553 6.755791 -0.307854 -17.424068 0.540371 5.909583 -31.023365 -18.696960 1.457000 4.453896
4.839508 6.935637 -0.956890 -16.587631 -0.021245 6.443801 -30.569782 -19.146685 1.838077 4.737096
4.911411 7.085732 -1.547528 -15.865258 -0.492779 6.956424 -30.164509 -19.460384 2.187942 4.958118
4.922099 7.184234 -2.082850 -15.322589 -0.689815 7.459369 -29.749821 -19.616261 2.451896 5.097432
4.946980 7.238225 -2.467782 -14.880146 -0.845266 7.819736 -29.499281 -19.660715 2.572853 5.214204
5.005767 7.284647 -2.846584 -14.495603 -0.936516 8.016740 -29.180418 -19.658728 2.661630 5.380860
5.084219 7.331067 -3.151199 -14.177956 -1.054255 8.071950 -28.982155 -19.644522 2.703709 5.581487
5.114101 7.342804 -3.237171 -14.084911 -1.079545 8.095051 -28.910856 -19.640976 2.716703 5.639005
5.045837 7.395072 -3.302526 -13.981462 -1.126852 8.302796 -28.899448 -19.682518 2.784859 5.602895
4.850091 7.554986 -3.627108 -13.656969 -1.281432 8.358397 -28.784023 -19.698858 2.849667 5.761654
4.687748 7.879548 -4.241160 -13.050386 -1.584223 8.413142 -28.721619 -19.856348 2.906969 6.237789
4.225937 8.330962 -5.551410 -12.023086 -2.013455 8.403884 -28.086451 -19.913185 3.181145 7.129185
3.650523 8.814000 -6.861559 -10.616413 -2.859650 8.603334 -28.118359 -19.860924 3.129711 8.439678
3.891571 8.822159 -7.463474 -9.175803 -3.443906 10.221112 -28.363821 -19.523619 2.740304 9.240479
3.759661 8.919064 -9.498613 -7.237797 -3.685725 11.408069 -28.393791 -18.610081 1.855851 10.504079
3.861067 9.172112 -11.230927 -5.842067 -3.494313 11.564927 -27.349428 -18.053282 1.589297 11.420562
3.267229 9.826506 -12.943213 -4.682279 -3.328782 11.348831 -26.185066 -18.039881 1.246669 12.273893
4.158437 10.098630 -14.708056 -2.928073 -3.702208 11.137231 -25.793549 -17.575455 0.422470 13.555752
4.058480 10.670238 -16.335081 -1.755504 -5.397909 10.294735 -23.265736 -18.871801 1.687124 14.850062
6.232510 10.402668 -18.140455 -0.290033 -4.760894 9.251235 -20.918161 -18.401951 1.221816 15.774344
9.341280 10.399288 -20.703262 1.270636 -2.837168 6.555737 -18.626715 -16.693815 0.262472 17.546404
12.035226 10.095826 -21.788788 2.267407 -2.059796 4.800584 -16.645266 -15.856089 -0.320013 19.131153
14.674750 9.760418 -23.092903 3.594811 -1.426535 3.094686 -15.211267 -14.891413 -1.284705 20.638483
17.622320 9.558884 -24.398458 5.179235 -1.194064 1.291672 -13.645695 -14.389588 -2.544907 22.664833
21.479425 8.895018 -24.514811 6.201928 -0.597762 0.012323 -11.828233 -13.984109 -3.496225 23.729782
24.526325 8.439052 -24.818171 6.915266 0.035949 -1.330212 -9.418912 -13.715395 -3.549833 24.512529
25.690319 8.161347 -24.983486 7.216218 0.201559 -1.912727 -8.796481 -13.447021 -3.797893 24.849548
26.003561 8.087549 -24.977076 7.259811 0.224441 -2.052041 -8.630846 -13.425958 -3.824406 24.902880
25.924574 8.133141 -24.982796 7.283549 0.112820 -1.990367 -8.632744 -13.512882 -3.749538 24.942284
25.802174 8.243727 -24.997665 7.414858 -0.226871 -1.825979 -8.679729 -13.737307 -3.604435 25.096823
25.450092 8.373666 -24.997231 7.472078 -0.616008 -1.563536 -8.662824 -14.026626 -3.337719 25.216736
24.757738 8.543829 -24.947113 7.428414 -1.155226 -1.144498 -8.602006 -14.478127 -2.893993 25.295547
23.875608 8.821140 -24.859907 7.372536 -1.964612 -0.567602 -8.357959 -15.254811 -2.124724 25.427341
22.804892 9.131165 -24.835016 7.389885 -2.923219 0.084562 -8.349625 -15.992947 -1.473915 25.670563
21.380957 9.463740 -24.900911 7.317098 -3.835643 0.706906 -8.335439 -16.648634 -0.814531 25.967436
20.032049 9.750806 -24.737902 7.185949 -4.707491 1.541252 -8.532722 -17.348499 -0.217439 26.066647
18.704075 10.035114 -24.498241 7.104782 -5.684303 2.479386 -8.738806 -18.130787 0.384205 26.198599
17.416916 10.324171 -24.118540 7.005809 -6.768291 3.473241 -9.058370 -18.957432 1.039050 26.309486
16.171593 10.517311 -23.754114 6.764875 -7.524813 4.328515 -9.308733 -19.558147 1.604623 26.296612
15.013606 10.754578 -23.662066 6.686258 -8.145945 5.035439 -9.392067 -20.052023 2.156855 26.331066
13.755386 11.002913 -23.666815 6.551742 -8.756079 5.665312 -9.263877 -20.618319 2.844017 26.302727
12.403882 11.246334 -23.474607 6.241521 -9.415899 6.359443 -9.144237 -21.286875 3.691755 26.162247
11.289008 11.399615 -23.225878 5.902506 -9.860412 7.000292 -9.171898 -21.750874 4.333546 25.956287
10.388128 11.468779 -22.907001 5.463784 -9.992724 7.541036 -9.173625 -22.054659 4.822514 25.599306
9.627002 11.492170 -22.541826 4.993469 -10.044212 7.997086 -9.166401 -22.310699 5.231130 25.236511
9.017333 11.506297 -22.169024 4.575941 -10.118459 8.370358 -9.228024 -22.520657 5.556993 24.945524
8.658325 11.514495 -21.927155 4.315635 -10.177670 8.583557 -9.274119 -22.650959 5.756315 24.771229
8.525814 11.523117 -21.838766 4.211174 -10.194301 8.644334 -9.269038 -22.706663 5.837949 24.713125
8.464629 11.530008 -21.774752 4.163861 -10.237933 8.695032 -9.283134 -22.754950 5.893764 24.683046
8.338608 11.548733 -21.578396 4.036891 -10.338957 8.817423 -9.329171 -22.869473 6.039733 24.600807
8.125302 11.563976 -21.285517 3.813304 -10.429538 9.014112 -9.393810 -23.014015 6.243732 24.429848
7.843542 11.579487 -20.919798 3.533209 -10.489637 9.270162 -9.555987 -23.145527 6.435246 24.197094
7.396765 11.577525 -20.517347 3.114819 -10.482137 9.501799 -9.700247 -23.246103 6.660860 23.883087
6.876404 11.554324 -19.939978 2.496853 -10.470516 9.782495 -9.929694 -23.414412 6.958051 23.426041
6.073971 11.572136 -19.228998 1.685436 -10.487345 10.165983 -10.171588 -23.710602 7.399797 22.859245
5.296801 11.543203 -18.734409 0.987841 -10.347308 10.460839 -10.469907 -23.728603 7.614196 22.384747
4.306670 11.561056 -18.291597 0.278757 -10.167104 10.784865 -10.929564 -23.743040 7.763149 21.813753
