1.832955 8.760923 -34.192959 0.915004 13.152847 -2.128570 -6.045896 -2.164929 -2.853290 21.627703
2.285486 8.666654 -34.609222 0.004632 13.925326 -5.407352 -3.705158 -1.676017 -2.379783 22.336325
2.813011 8.610260 -34.721806 -1.222447 15.458903 -8.090143 -0.940387 -1.250310 -1.583188 22.473782
2.707158 8.897441 -34.453724 -2.727012 16.396124 -10.767768 1.781638 -1.562175 -0.272110 22.751291
1.529890 9.350583 -33.530575 -4.807642 16.500666 -13.040122 4.189045 -2.829888 1.591389 22.763491
-0.445636 9.536184 -32.727905 -7.305557 16.305271 -13.645827 9.010638 -6.440792 2.158402 22.912298
-2.361531 9.956377 -31.708881 -9.657283 17.230911 -14.302490 11.426824 -8.389305 3.513845 22.073425
-3.576533 10.320696 -31.369833 -11.496563 18.351631 -15.600996 14.483676 -9.476561 5.677430 21.463814
-4.570408 10.337063 -30.179234 -13.398416 18.866447 -16.150372 15.593128 -10.785052 7.077668 19.984013
-4.044482 10.216905 -28.880840 -14.672826 19.864708 -16.392155 16.959269 -11.650253 8.528176 18.399326
-2.563205 9.795836 -27.193151 -15.740358 20.742836 -16.271269 18.043062 -11.886682 9.982606 16.675797
-1.281178 9.587378 -25.970585 -16.288746 20.615250 -16.128328 18.939774 -12.304169 11.597178 15.495682
0.541690 9.145416 -24.958574 -16.613039 20.524599 -16.143276 19.211775 -11.688053 12.915275 14.528629
2.766763 8.387252 -23.164164 -17.001225 20.026627 -15.041636 18.295517 -9.830372 15.082043 13.048075
4.693353 7.655474 -21.518574 -17.246847 18.499599 -13.646113 17.503922 -8.720521 17.257595 12.153493
7.051999 7.259604 -19.871490 -17.084093 16.888176 -12.405566 16.835945 -7.600338 19.823612 11.930485
9.240734 6.715034 -18.109659 -17.169819 15.739290 -11.332232 16.072029 -6.576698 21.801350 11.528028
11.611932 6.492460 -15.724418 -16.975224 14.499991 -9.794573 14.850845 -5.889257 23.864849 11.171761
13.489758 6.823264 -13.377253 -16.511620 12.961432 -8.164872 13.836691 -6.394750 25.538769 11.187993
15.230361 7.019246 -10.575145 -16.577448 11.924752 -6.318711 12.926110 -7.024945 27.099121 10.500184
17.442966 6.799610 -7.730007 -16.995626 11.393651 -4.686470 12.284289 -7.918278 27.755247 9.909121
18.949118 7.304660 -5.235866 -16.711437 10.171000 -2.942561 11.371094 -9.526467 28.888250 10.002746
19.616924 7.819934 -3.164836 -16.485544 8.918877 -1.369159 10.693439 -11.431033 29.360592 10.433737
20.293430 8.386898 -0.996759 -16.103809 7.042899 0.502849 9.886714 -13.533119 29.961733 10.922110
20.773811 8.888206 0.518725 -15.501068 4.678257 2.160703 9.387220 -15.634867 30.516972 11.633383
20.522499 9.342687 1.427682 -15.130403 2.615283 3.415756 8.983297 -17.795229 30.392551 12.364223
20.147938 9.517132 1.843266 -14.922196 1.039248 4.244386 8.702282 -19.331406 30.045835 12.856574
19.670218 9.734980 2.212943 -14.707278 -0.308816 5.084244 8.228469 -20.667864 29.771883 13.201706
19.414227 9.768221 2.604143 -14.669729 -1.289421 5.758491 7.695217 -21.496994 29.463572 13.379559
19.295895 9.741065 2.750598 -14.654564 -1.813322 6.034967 7.466306 -21.960712 29.174387 13.508914
19.335537 9.710870 2.773755 -14.638386 -1.918704 6.062724 7.566976 -22.081881 29.123522 13.594940
19.261866 9.759599 2.777913 -14.628465 -1.937628 6.100909 7.467270 -22.146175 29.095245 13.580126
19.143520 9.874832 2.782114 -14.594747 -1.897849 6.140049 7.244792 -22.251062 29.008335 13.545356
18.950064 10.006668 2.730010 -14.567063 -1.781086 6.127738 7.015642 -22.365423 28.860151 13.518090
18.675558 10.164061 2.609169 -14.528831 -1.574459 6.092627 6.644145 -22.452486 28.593258 13.454077
18.167000 10.431074 2.320715 -14.495068 -1.196735 5.918901 6.193532 -22.535015 28.293320 13.340062
17.202169 10.848314 1.925750 -14.549623 -0.803167 5.713508 5.466338 -22.897833 27.673737 13.164553
16.270746 11.080548 1.551641 -14.690410 -0.464411 5.604819 4.777632 -22.998154 27.214310 12.913146
15.431008 11.200180 1.253909 -14.891461 -0.167917 5.586365 3.961347 -22.975250 26.721304 12.563963
14.563655 11.247371 0.945110 -15.075413 0.072648 5.602252 2.884285 -22.816730 26.230347 12.091990
13.960645 11.255297 0.823825 -15.185959 0.251818 5.758567 1.623634 -22.596283 25.864941 11.522896
13.303425 11.349844 0.673204 -15.312560 0.662185 5.852139 0.475952 -22.439236 25.351553 10.978996
12.516000 11.551273 0.593591 -15.528252 1.245950 5.992358 -0.699910 -22.418703 24.830786 10.363810
11.531811 11.773112 0.470734 -15.806510 1.597728 6.157948 -1.638857 -22.666077 24.363644 9.858597
10.773211 11.809300 0.232131 -16.059980 1.921983 6.178028 -2.016693 -22.752224 24.036467 9.485226
10.245247 11.725311 0.023369 -16.304346 2.259825 6.123247 -2.160532 -22.651957 23.789856 9.125840
10.023726 11.650464 0.009421 -16.407732 2.467187 6.165413 -2.629913 -22.464243 23.587650 8.747328
9.861883 11.562990 -0.020390 -16.488436 2.679464 6.197222 -2.925220 -22.237230 23.500164 8.417081
9.754745 11.504043 -0.049454 -16.530806 2.784359 6.238501 -3.060611 -22.099012 23.495975 8.222765
9.669018 11.446666 -0.069339 -16.591337 2.915406 6.252515 -3.120564 -21.974522 23.483337 8.062865
9.642937 11.417452 -0.086261 -16.605570 2.959408 6.251978 -3.150902 -21.923580 23.448616 8.011891
9.588623 11.387362 -0.114337 -16.726984 3.393405 6.191795 -2.979035 -21.783035 23.510536 7.787380
9.863910 11.164253 -0.063250 -17.123186 4.837909 5.830802 -2.214970 -21.038816 23.806679 7.120723
11.289170 10.361803 0.337705 -17.830891 7.710050 5.120579 -1.021206 -18.655266 24.534805 5.736019
12.497100 9.360568 0.491492 -18.845772 11.380066 3.926069 0.614712 -15.557650 25.041029 4.223124
14.843161 7.672645 1.044627 -19.976484 14.668996 3.103178 2.530095 -11.162018 26.474962 2.560610
14.529303 6.116557 -0.035890 -21.575922 16.803740 1.922946 3.729826 -8.177275 26.160662 1.396551
12.328775 3.996687 -2.846190 -23.535261 17.698973 0.007350 4.568369 -5.278603 24.614098 0.535628
10.472765 1.352246 -6.333035 -25.191259 17.028240 -2.003188 4.709532 -2.268924 22.662159 0.142862
7.762233 -0.173553 -10.487611 -25.399446 16.798664 -3.255290 3.201006 -0.397650 19.462563 -0.336456
6.563286 -1.725128 -12.960515 -25.936678 17.696884 -4.592683 2.030933 0.753753 15.610811 -0.560268
4.009537 -2.820987 -15.814211 -26.383530 17.641697 -6.013294 -0.052758 2.081322 11.921523 -0.535725
1.517703 -3.289541 -17.252209 -26.870972 18.017368 -6.717155 -2.934220 1.955660 8.414344 -1.072534
-1.528870 -3.133677 -18.776558 -26.967455 17.388376 -6.889706 -5.556967 1.690491 5.933831 -1.064882
-4.506040 -3.005219 -20.330891 -27.051771 15.915495 -7.070116 -6.312906 0.844112 4.496237 -0.542982
-8.923452 -2.509966 -22.945065 -27.145880 12.994296 -7.478076 -6.914503 -0.914010 3.393124 0.608039
-12.686682 -2.312465 -25.335194 -27.452707 11.243548 -8.630935 -6.661122 -2.320794 1.912644 1.848240
-16.655251 -1.970591 -27.773743 -27.239605 9.784291 -9.661448 -7.684616 -2.771346 0.291696 2.763832
-18.682446 -1.771400 -29.127810 -26.779369 9.158343 -9.726191 -8.216212 -2.952808 -0.812889 3.273828
-19.343983 -1.590576 -29.726540 -26.258776 8.798059 -9.804148 -8.345508 -3.114169 -1.451601 3.801393
-19.416220 -1.540205 -29.824219 -26.061348 8.823182 -9.757412 -8.412927 -3.106281 -1.669069 3.917311
-19.381327 -1.513561 -29.861090 -26.004148 8.891661 -9.825108 -8.483545 -3.022909 -1.687642 3.882717
-19.265457 -1.448468 -29.859659 -25.886345 9.085917 -9.918189 -8.728889 -2.803715 -1.686238 3.728518
-18.860424 -1.418667 -29.816395 -25.620840 9.333529 -10.084982 -9.094451 -2.365065 -1.718865 3.530190
-18.622616 -1.335845 -29.722437 -25.483982 9.935637 -10.412643 -9.615560 -1.840340 -1.948475 3.196996
-18.243645 -1.242284 -29.653719 -25.404715 10.982108 -10.971311 -10.098414 -1.168027 -2.375126 2.887457
-17.340485 -1.510185 -29.447601 -25.385113 11.820260 -11.320376 -10.564919 -0.115580 -2.594860 2.469707
-16.742743 -1.406994 -29.539303 -25.200186 13.021833 -12.007210 -11.467605 0.900568 -2.938484 2.014286
-15.599668 -1.283836 -29.339674 -24.987999 14.747381 -12.623333 -12.596710 2.033040 -3.520468 1.534910
-14.758180 -1.126691 -29.007992 -24.814650 16.392626 -13.015229 -13.956952 3.201865 -3.938246 0.935436
-13.303837 -0.975084 -28.476297 -24.288834 17.730612 -13.238505 -14.911315 4.228019 -4.234654 0.611332
-11.686706 -0.874999 -27.600147 -23.893833 19.610689 -13.409706 -16.014088 5.613171 -4.594341 0.105884
-10.015420 -0.858979 -26.392269 -23.661894 20.814026 -13.221586 -17.371490 6.749443 -4.763038 -0.348824
-8.636570 -0.762085 -25.505449 -23.399313 22.206511 -13.152717 -18.929113 8.146788 -5.026062 -0.890510
-7.723310 -0.549007 -24.761169 -23.134445 23.564999 -13.046333 -20.559315 9.539693 -5.220481 -1.531185
-6.565159 -0.451437 -23.820423 -22.961918 24.755898 -12.900491 -21.871853 10.723046 -5.347688 -2.018768
-5.649702 -0.541719 -23.146278 -22.949163 25.771563 -12.945004 -22.968052 11.824425 -5.587803 -2.452294
-4.950781 -0.643377 -22.716160 -22.881500 26.238781 -12.895457 -23.537878 12.540833 -5.633385 -2.641065
-4.383905 -0.694121 -22.377396 -22.766884 26.529842 -12.841198 -23.806656 12.925353 -5.634024 -2.675415
-4.110952 -0.682204 -22.281778 -22.670574 26.776920 -12.916052 -23.902426 13.211093 -5.636051 -2.665903
-4.033744 -0.695071 -22.216450 -22.664589 26.846188 -12.916731 -23.976791 13.302606 -5.661516 -2.680150
-4.032551 -0.694666 -22.216496 -22.662956 26.847429 -12.913819 -23.974157 13.302949 -5.661253 -2.679951
-4.029424 -0.695049 -22.214577 -22.662067 26.852348 -12.906595 -23.972233 13.303878 -5.662767 -2.682005
-4.029920 -0.695035 -22.213461 -22.663088 26.849329 -12.909422 -23.971958 13.302112 -5.661697 -2.680941
-4.030972 -0.695309 -22.211887 -22.666065 26.849531 -12.910676 -23.973915 13.301372 -5.661223 -2.682237
-4.029365 -0.695851 -22.211054 -22.665464 26.851292 -12.907004 -23.972000 13.301859 -5.661413 -2.683171
-4.030078 -0.695305 -22.211123 -22.665653 26.853258 -12.906016 -23.969990 13.302186 -5.661261 -2.682880
-4.028809 -0.695318 -22.208143 -22.666166 26.854824 -12.902378 -23.969818 13.302320 -5.660447 -2.685128
-4.029536 -0.694881 -22.209084 -22.665844 26.855396 -12.902603 -23.966442 13.301842 -5.659944 -2.683598
-4.028319 -0.694466 -22.208952 -22.666105 26.856371 -12.903958 -23.963371 13.300990 -5.659719 -2.682475
