-2.482262 3.645256 -22.458477 -10.912895 -21.473354 1.071984 -9.380051 -10.563865 20.303490 17.551294
-3.370938 3.568241 -21.646015 -12.117683 -21.038593 1.208918 -9.539967 -10.632686 20.646528 16.776863
-4.200996 3.428974 -20.659111 -13.437655 -20.541693 1.424679 -9.969827 -10.668472 20.864815 15.837276
-4.926813 3.274467 -19.621872 -14.803197 -19.953440 1.485861 -10.496711 -10.651165 21.001556 14.873980
-5.300089 3.008225 -18.710882 -16.026995 -19.075178 1.425652 -11.405319 -10.320835 20.661732 13.794856
-6.680352 2.071984 -18.489138 -18.279634 -18.299122 1.717618 -9.785589 -10.981950 19.046036 13.242663
-6.726687 1.671763 -17.635519 -19.344492 -17.345083 2.065814 -10.313138 -10.644361 18.604183 12.215640
-6.873035 1.420854 -16.845823 -20.301819 -16.330160 2.120972 -11.059696 -10.190843 18.183144 11.247352
-6.894061 1.207000 -16.366661 -20.888529 -15.484643 2.272667 -11.801567 -9.707312 17.737541 10.480379
-7.008742 0.770245 -15.439151 -21.885038 -14.293884 2.692442 -13.041404 -8.951824 17.041109 9.243904
-7.168462 0.368089 -14.591666 -22.787502 -13.034065 3.163941 -14.324419 -8.133145 16.285130 8.037343
-7.352468 -0.079584 -13.503758 -23.898973 -11.678467 3.880206 -15.593552 -7.362497 15.572593 6.679801
-7.515794 -0.459274 -12.678091 -24.804647 -10.389558 4.553042 -16.333818 -6.630254 15.095877 5.518393
-7.872718 -0.741287 -11.967232 -25.557007 -9.278791 5.283107 -16.862690 -5.966158 14.719930 4.572690
-8.106319 -0.981036 -11.490784 -25.999977 -8.477209 5.889215 -17.122110 -5.445783 14.443112 3.841258
-8.346842 -1.200842 -10.785264 -26.631451 -7.758782 6.579309 -17.357443 -5.099211 14.324615 3.044612
-8.768280 -1.459869 -9.920288 -27.545263 -6.747399 7.372249 -17.461445 -4.692830 14.261243 2.041944
-9.101451 -1.653952 -9.337867 -28.239023 -5.759616 7.994950 -17.384634 -4.308618 14.209293 1.246691
-9.581103 -1.808549 -8.867529 -28.886620 -4.811581 8.580173 -17.063326 -3.944438 14.184432 0.605420
-10.028962 -1.982504 -8.387975 -29.523104 -3.971762 9.066061 -16.841431 -3.567905 14.118951 0.019978
-10.461268 -2.182668 -7.855163 -30.221004 -3.137280 9.465080 -16.725903 -3.167495 14.008051 -0.607831
-10.856864 -2.337365 -7.365468 -30.783119 -2.415407 9.942017 -16.712292 -2.848407 13.895018 -1.177018
-11.189166 -2.461144 -6.989885 -31.257458 -1.875000 10.297643 -16.534723 -2.648089 13.900295 -1.621237
-11.447392 -2.592408 -6.659029 -31.686871 -1.422010 10.503469 -16.347385 -2.447298 13.883587 -1.991245
-11.548270 -2.755247 -6.368165 -32.028351 -0.936918 10.602493 -16.177055 -2.161806 13.763095 -2.344836
-11.636999 -2.884767 -6.171992 -32.274361 -0.536258 10.676772 -16.062298 -1.912617 13.650661 -2.608409
-11.702885 -2.982274 -6.105979 -32.437294 -0.174628 10.686781 -15.916289 -1.679014 13.538612 -2.786701
-11.742262 -3.064481 -6.022037 -32.594875 0.094855 10.681676 -15.752725 -1.516759 13.487004 -2.935383
-11.771228 -3.110716 -5.963532 -32.701199 0.249236 10.674525 -15.627065 -1.440905 13.467185 -3.028821
-11.828426 -3.124651 -5.978252 -32.745270 0.341384 10.644624 -15.525020 -1.386149 13.455276 -3.049982
-11.829831 -3.135700 -5.986089 -32.755764 0.381814 10.630116 -15.484014 -1.357032 13.451350 -3.065113
-11.845906 -3.124639 -6.001090 -32.748039 0.360222 10.641055 -15.426026 -1.387631 13.513713 -3.031485
-11.887432 -3.090266 -6.054636 -32.711739 0.281585 10.667845 -15.301749 -1.479708 13.677024 -2.921973
-11.977378 -3.018163 -6.221416 -32.623520 0.115200 10.637020 -15.012820 -1.638430 13.977063 -2.696571
-12.065195 -2.907960 -6.457439 -32.495541 -0.150216 10.528931 -14.503976 -1.894402 14.408895 -2.334333
-12.096392 -2.756134 -6.830953 -32.232670 -0.584827 10.356272 -13.968570 -2.239221 14.908756 -1.823224
-12.075868 -2.514804 -7.482469 -31.733150 -1.321909 9.942649 -13.164729 -2.731699 15.607979 -0.982293
-12.053906 -2.280222 -8.174465 -31.228868 -2.014233 9.442946 -12.239890 -3.176708 16.278980 -0.099771
-12.001515 -2.040241 -8.910704 -30.667067 -2.703440 8.916100 -11.300574 -3.604702 16.899950 0.805978
-12.082491 -1.784009 -9.403459 -30.284254 -3.438037 8.456726 -10.567271 -4.103623 17.551384 1.619529
-12.088651 -1.510110 -10.070600 -29.741901 -4.282766 7.880163 -9.858969 -4.603424 18.167061 2.568660
-12.144842 -1.273398 -10.573117 -29.263405 -5.039083 7.461298 -9.392467 -5.008593 18.644117 3.345901
-12.195040 -1.052178 -11.093423 -28.770231 -5.713927 7.012506 -8.938334 -5.328536 19.027876 4.137166
-12.281808 -0.830958 -11.653127 -28.285116 -6.290487 6.689951 -8.601384 -5.639627 19.335690 4.848096
-12.457585 -0.603393 -12.097549 -27.986559 -6.779748 6.361435 -8.261281 -6.007317 19.693821 5.478592
-12.602386 -0.421294 -12.468928 -27.699516 -7.195961 6.126110 -7.920605 -6.311834 19.991039 5.962123
-12.719896 -0.283407 -12.802682 -27.440014 -7.502681 5.907432 -7.628478 -6.534099 20.183815 6.332490
-12.775681 -0.179811 -13.117706 -27.162432 -7.770671 5.713486 -7.408224 -6.684798 20.293274 6.651577
-12.819401 -0.069756 -13.418505 -26.867012 -8.068497 5.536471 -7.153310 -6.841251 20.432177 6.964332
-12.833746 0.025237 -13.640391 -26.620224 -8.318397 5.412730 -6.984445 -6.966580 20.546326 7.206286
-12.834695 0.049139 -13.707976 -26.547857 -8.386632 5.374556 -6.936940 -6.999893 20.574608 7.276016
-12.864559 0.161202 -13.675436 -26.387091 -8.767784 5.473304 -7.067596 -7.204758 20.734413 7.389674
-12.876337 0.418187 -13.507048 -25.996246 -9.714472 5.794623 -7.603211 -7.701620 21.065674 7.567395
-12.849771 0.752343 -13.199656 -25.472454 -11.109103 6.191467 -8.664789 -8.390718 21.359428 7.738026
-12.751556 1.215096 -13.050288 -24.471605 -12.926314 6.756093 -10.214358 -9.165735 21.402191 7.996786
-12.636343 1.821706 -12.858613 -23.223843 -15.365734 7.435309 -12.424213 -10.277381 21.259245 8.395966
-12.035335 2.171385 -12.926109 -21.550871 -17.489580 8.107738 -15.203825 -10.779730 20.210358 8.602445
-10.623635 2.554323 -14.071802 -19.012161 -19.527380 8.072722 -17.985296 -10.837812 18.475838 9.619356
-6.959043 2.502361 -16.703918 -14.560824 -20.756784 8.972747 -21.305630 -9.667685 15.439225 10.860346
-3.364955 2.126502 -19.435072 -10.857014 -20.598896 8.690553 -23.644329 -7.642173 12.007897 11.991377
-0.199907 1.268856 -21.705868 -7.741200 -18.994871 9.658424 -26.112164 -4.655461 8.182732 12.047903
1.932351 0.644612 -23.922411 -5.301360 -17.176855 9.972180 -27.439938 -1.875746 4.726800 12.634008
3.254193 0.149022 -26.802889 -3.213190 -14.943083 9.534008 -27.200144 1.004086 1.688049 13.969079
5.303713 -0.344790 -28.648575 -1.767313 -12.689763 9.079204 -25.835402 3.113118 -0.401395 15.329573
6.046507 -1.082184 -30.603195 -0.936787 -11.820640 7.347180 -24.953754 4.694880 -2.738954 17.064663
7.183118 -1.381603 -31.930664 -0.222136 -9.548309 6.465285 -22.736361 6.261243 -4.269107 18.775909
8.135756 -1.792754 -33.461308 0.229176 -7.654218 5.210297 -20.123552 7.799295 -5.209521 20.064751
8.760647 -2.350171 -34.358051 -0.015484 -5.557809 3.909420 -18.498705 9.491023 -6.091383 20.354961
8.314548 -2.743359 -35.666828 -0.210665 -3.887658 2.712477 -17.506155 10.798433 -7.285729 20.704100
8.071894 -2.975594 -35.919685 -0.616469 -3.097146 2.297193 -16.702459 11.230705 -7.409605 20.760008
7.897884 -3.032568 -36.042229 -0.768450 -2.988406 2.106398 -16.424858 11.287087 -7.388776 20.858746
7.845248 -3.025618 -36.078098 -0.735986 -2.966581 2.187263 -16.418663 11.302605 -7.386539 20.847578
7.668882 -3.003250 -36.211575 -0.649539 -2.925095 2.375353 -16.483208 11.344032 -7.441207 20.817961
7.334884 -2.922762 -36.448658 -0.502508 -2.964825 2.645203 -16.565598 11.310711 -7.448979 20.807430
6.868413 -2.826768 -36.749786 -0.364621 -3.019553 2.922220 -16.568361 11.229370 -7.380341 20.827400
6.174641 -2.729394 -37.031799 -0.311969 -3.082568 3.441547 -16.381512 11.048596 -7.101241 20.782589
5.307839 -2.611732 -37.143162 -0.334032 -3.153616 4.327465 -16.338556 10.756728 -6.761608 20.609585
4.040205 -2.412362 -37.204845 -0.512085 -3.414009 5.095189 -16.552080 10.302177 -6.328144 20.353153
2.857918 -2.255093 -37.181568 -0.770468 -3.721212 5.802859 -16.671177 9.783782 -5.771092 20.013744
1.572590 -2.192524 -37.067013 -1.206044 -4.064092 6.380490 -16.991922 9.312458 -5.340878 19.556774
-0.197825 -2.047702 -36.902008 -1.848120 -4.453572 7.135900 -17.334316 8.726558 -4.753710 18.989618
-2.048352 -1.877157 -36.761257 -2.551941 -4.920044 7.895371 -17.470938 8.032139 -3.941282 18.473269
-3.743061 -1.652045 -36.881985 -2.962157 -5.351384 8.549804 -17.609531 7.453553 -3.315451 18.070698
-5.085837 -1.434832 -36.729591 -3.483714 -5.656624 9.066812 -17.915735 6.893779 -2.761290 17.575941
-6.036951 -1.279802 -36.787178 -3.905741 -5.883755 9.211293 -17.809013 6.408301 -2.193822 17.254930
-7.060887 -1.144479 -36.685799 -4.580213 -6.099205 9.198923 -17.557423 5.824658 -1.473679 16.884899
-7.964358 -1.010050 -36.500347 -5.198367 -6.160597 9.261761 -17.352062 5.391702 -0.825205 16.436781
-8.680125 -0.939432 -36.453125 -5.648488 -6.321137 9.202801 -17.153013 5.074365 -0.323156 16.177860
-9.053872 -0.901962 -36.429165 -5.947014 -6.432362 9.080507 -16.954435 4.835836 0.041260 16.014931
-9.282495 -0.890118 -36.390965 -6.153078 -6.494973 9.022353 -16.873062 4.694300 0.251187 15.888147
-9.322146 -0.898915 -36.368256 -6.211622 -6.564573 9.012471 -16.838732 4.629266 0.334094 15.850553
-9.345658 -0.883815 -36.463985 -6.175557 -6.477936 8.956491 -16.747732 4.689194 0.314511 15.884840
-9.321784 -0.842146 -36.740372 -6.031338 -6.295580 8.745410 -16.545856 4.856568 0.237022 16.012293
-9.131173 -0.805604 -37.145576 -5.754990 -5.994354 8.479767 -16.207113 5.139334 0.085014 16.183342
-8.701259 -0.777960 -37.728020 -5.359644 -5.529457 8.036658 -15.627815 5.483815 -0.097882 16.401672
-8.360328 -0.755332 -38.545013 -4.865362 -4.905370 7.570921 -14.851415 6.015855 -0.288683 16.704023
-7.949433 -0.806551 -39.281590 -4.528869 -4.358441 6.492224 -13.933734 6.552287 -0.472321 17.051327
-7.296753 -0.810163 -40.274502 -4.001390 -3.975371 5.076430 -12.657730 6.964324 -0.545131 17.714901
-6.550269 -1.024590 -41.206192 -3.798246 -3.056630 3.497733 -11.331281 7.850894 -0.824280 18.034122
-5.651064 -1.121455 -42.194801 -3.550524 -2.304772 1.527559 -9.416662 8.522274 -0.763734 18.695953
