-38.4084 116.8947 -38.4084 116.8947 -38.4084
-38.918 116.6827 -38.918 116.6827 -38.918
-39.4519 116.4379 -39.4519 116.4379 -39.4519
-40.0036 116.1565 -40.0036 116.1565 -40.0036
-40.5651 115.8403 -40.5651 115.8403 -40.5651
-41.1296 115.4859 -41.1296 115.4859 -41.1296
-41.6898 115.0923 -41.6898 115.0923 -41.6898
-42.2384 114.659 -42.2384 114.659 -42.2384
-42.7677 114.1843 -42.7677 114.1843 -42.7677
-43.2724 113.6737 -43.2724 113.6737 -43.2724
-43.7453 113.1264 -43.7453 113.1264 -43.7453
-44.1813 112.5449 -44.1813 112.5449 -44.1813
-44.5758 111.9329 -44.5758 111.9329 -44.5758
-45.6654 111.6104 -45.6654 111.6104 -45.6654
-47.425 111.5351 -47.425 111.5351 -47.425
-49.1928 111.4288 -49.1928 111.4288 -49.1928
-50.8704 111.2591 -50.8704 111.2591 -50.8704
-52.4781 111.0439 -52.4781 111.0439 -52.4781
-53.9838 110.7802 -53.9838 110.7802 -53.9838
-55.4288 110.4945 -55.4288 110.4945 -55.4288
-56.7766 110.1829 -56.7766 110.1829 -56.7766
-57.9941 109.8426 -57.9941 109.8426 -57.9941
-59.0935 109.4892 -59.0935 109.4892 -59.0935
-60.1458 109.1606 -60.1458 109.1606 -60.1458
-61.0476 108.8267 -61.0476 108.8267 -61.0476
-61.8464 108.5156 -61.8464 108.5156 -61.8464
-62.5229 108.2296 -62.5229 108.2296 -62.5229
-63.0714 107.9756 -63.0714 107.9756 -63.0714
-63.5477 107.7836 -63.5477 107.7836 -63.5477
-63.8471 107.6217 -63.8471 107.6217 -63.8471
-64.0355 107.5228 -64.0355 107.5228 -64.0355
-64.1529 107.5093 -64.1529 107.5093 -64.1529
-64.1139 107.4687 -64.1139 107.4687 -64.1139
-64.0022 107.3515 -64.0022 107.3515 -64.0022
-63.8806 107.1839 -63.8806 107.1839 -63.8806
-63.6514 106.9301 -63.6514 106.9301 -63.6514
-63.4879 106.6562 -63.4879 106.6562 -63.4879
-63.2376 106.3057 -63.2376 106.3057 -63.2376
-63.0059 105.9198 -63.0059 105.9198 -63.0059
-62.7226 105.4748 -62.7226 105.4748 -62.7226
-62.4928 105.0134 -62.4928 105.0134 -62.4928
-62.2685 104.5232 -62.2685 104.5232 -62.2685
-62.0554 104.0136 -62.0554 104.0136 -62.0554
-61.8089 103.4774 -61.8089 103.4774 -61.8089
-61.6451 102.9675 -61.6451 102.9675 -61.6451
-61.5406 102.488 -61.5406 102.488 -61.5406
-61.3805 102.012 -61.3805 102.012 -61.3805
-61.3268 101.6133 -61.3268 101.6133 -61.3268
-61.2554 101.264 -61.2554 101.264 -61.2554
-61.2202 101.0003 -61.2202 101.0003 -61.2202
-61.1656 100.819 -61.1656 100.819 -61.1656
-61.147 100.7553 -61.147 100.7553 -61.147
-61.065 100.6252 -61.065 100.6252 -61.065
-60.6794 100.1936 -60.6794 100.1936 -60.6794
-60.0933 99.5069 -60.0933 99.5069 -60.0933
-59.4179 98.6125 -59.4179 98.6125 -59.4179
-58.6018 97.4957 -58.6018 97.4957 -58.6018
-57.8158 96.2314 -57.8158 96.2314 -57.8158
-57.0572 94.8312 -57.0572 94.8312 -57.0572
-56.3295 93.3121 -56.3295 93.3121 -56.3295
-55.7217 91.7353 -55.7217 91.7353 -55.7217
-55.2842 90.1535 -55.2842 90.1535 -55.2842
-54.9373 88.56 -54.9373 88.56 -54.9373
-54.8082 87.0578 -54.8082 87.0578 -54.8082
-54.7673 85.618 -54.7673 85.618 -54.7673
-54.9219 84.3453 -54.9219 84.3453 -54.9219
-55.1141 83.1913 -55.1141 83.1913 -55.1141
-55.3575 82.2074 -55.3575 82.2074 -55.3575
-55.6648 81.4477 -55.6648 81.4477 -55.6648
-55.8647 80.842 -55.8647 80.842 -55.8647
-56.0455 80.4914 -56.0455 80.4914 -56.0455
-56.1113 80.3701 -56.1113 80.3701 -56.1113
-56.0384 80.3802 -56.0384 80.3802 -56.0384
-55.8327 80.4093 -55.8327 80.4093 -55.8327
-55.517 80.4565 -55.517 80.4565 -55.517
-55.1183 80.5219 -55.1183 80.5219 -55.1183
-54.674 80.6121 -54.674 80.6121 -54.674
-54.1861 80.7098 -54.1861 80.7098 -54.1861
-53.6852 80.8181 -53.6852 80.8181 -53.6852
-53.1947 80.9369 -53.1947 80.9369 -53.1947
-52.6979 81.0412 -52.6979 81.0412 -52.6979
-52.204 81.126 -52.204 81.126 -52.204
-51.8231 81.254 -51.8231 81.254 -51.8231
-51.43 81.3372 -51.43 81.3372 -51.43
-51.0742 81.4038 -51.0742 81.4038 -51.0742
-50.778 81.4661 -50.778 81.4661 -50.778
-50.5219 81.5113 -50.5219 81.5113 -50.5219
-50.3498 81.5682 -50.3498 81.5682 -50.3498
-50.163 81.5768 -50.163 81.5768 -50.163
-50.0518 81.5958 -50.0518 81.5958 -50.0518
-49.9663 81.5956 -49.9663 81.5956 -49.9663
-49.9539 81.6059 -49.9539 81.6059 -49.9539
-49.9539 81.6059 -49.9539 81.6059 -49.9539
-49.9539 81.6059 -49.9539 81.6059 -49.9539
-49.9539 81.6059 -49.9539 81.6059 -49.9539
-49.9539 81.6059 -49.9539 81.6059 -49.9539
-49.9539 81.6059 -49.9539 81.6059 -49.9539
-49.9539 81.6059 -49.9539 81.6059 -49.9539
-49.9539 81.6059 -49.9539 81.6059 -49.9539
-49.9539 81.6059 -49.9539 81.6059 -49.9539
