-61.050400 107.153600 210.720600 104.660300 208.341500
-59.724800 106.955700 211.920500 104.459500 209.595100
-58.250500 106.700000 213.249400 104.200300 210.989700
-56.645400 106.374000 214.698200 103.869800 212.510400
-54.960000 105.981400 216.218800 103.472000 214.110200
-53.253500 105.534000 217.752900 103.019000 215.732800
-51.547600 105.032400 219.288300 102.511100 217.360200
-49.910900 104.502000 220.755000 101.974500 218.925700
-48.307800 103.927800 222.208800 101.393700 220.468600
-46.804200 103.342600 223.580400 100.802200 221.923600
-45.495700 102.797400 224.762400 100.251200 223.193300
-44.318200 102.274000 225.840300 99.722600 224.343500
-43.824100 102.042300 226.151700 99.488700 224.807800
-43.745100 102.003100 226.022200 99.449100 224.855000
-43.686700 101.973800 225.935800 99.419600 224.889300
-43.656000 101.957900 225.890500 99.403600 224.907200
-43.637800 101.928600 225.901900 99.373900 224.908600
-43.531500 101.719100 226.031200 99.162500 224.901000
-43.334500 101.309800 226.269000 98.749500 224.882400
-43.061900 100.703300 226.595100 98.137700 224.847000
-42.764300 99.929800 226.947200 97.357800 224.759400
-42.533400 99.070100 227.221400 96.491700 224.553700
-41.868500 97.938200 227.983500 95.352100 224.660100
-42.083600 97.245200 227.752500 94.654900 224.090200
-42.156400 96.623100 227.684200 94.029400 223.714300
-42.311000 96.308300 227.523100 93.713000 223.418400
-42.541900 96.146900 227.298400 93.550800 223.180300
-44.393400 95.395600 225.465700 92.796100 221.520600
-47.613500 93.907700 222.277200 91.302700 218.683200
-51.809500 91.752800 218.129600 89.142900 215.125000
-56.504000 89.026300 213.550300 86.415600 211.361700
-61.498600 86.051600 208.803600 83.446700 207.707300
-66.495700 83.181500 204.241100 80.589000 204.472900
-71.073800 80.733300 200.254100 78.156700 201.908000
-74.685700 78.932600 197.248100 76.371100 200.161900
-76.791900 77.977100 195.545900 75.424900 199.257700
-77.000400 77.859200 195.385200 75.308200 199.167900
-76.421000 77.926000 195.888000 75.374200 199.371700
-75.424300 78.029200 196.754000 75.476300 199.744600
-74.301300 78.211700 197.719700 75.656900 200.191300
-73.136500 78.389200 198.722900 75.832500 200.697800
-72.117700 78.578800 199.596800 76.020200 201.176400
-71.258600 78.721600 200.336100 76.161600 201.613600
-70.676300 78.861800 200.834600 76.300400 201.924700
-70.217100 78.902400 201.234200 76.340600 202.188300
-70.013300 78.937200 201.410800 76.375100 202.307300
0.000000 0.000000 0.000000 0.000000 0.000000
0.000000 0.000000 0.000000 0.000000 0.000000
0.000000 0.000000 0.000000 0.000000 0.000000
0.000000 0.000000 0.000000 0.000000 0.000000
