-61.0504 107.1536 -61.0504 107.1536 -61.0504
-60.4347 107.0718 -60.4347 107.0718 -60.4347
-59.7248 106.9557 -59.7248 106.9557 -59.7248
-59.0339 106.8474 -59.0339 106.8474 -59.0339
-58.2505 106.7 -58.2505 106.7 -58.2505
-57.4607 106.5454 -57.4607 106.5454 -57.4607
-56.6454 106.374 -56.6454 106.374 -56.6454
-55.8167 106.1886 -55.8167 106.1886 -55.8167
-54.96 105.9814 -54.96 105.9814 -54.96
-54.1229 105.7708 -54.1229 105.7708 -54.1229
-53.2535 105.534 -53.2535 105.534 -53.2535
-52.4126 105.2955 -52.4126 105.2955 -52.4126
-51.5476 105.0324 -51.5476 105.0324 -51.5476
-50.7001 104.762 -50.7001 104.762 -50.7001
-49.9109 104.502 -49.9109 104.502 -49.9109
-49.0653 104.2028 -49.0653 104.2028 -49.0653
-48.3078 103.9278 -48.3078 103.9278 -48.3078
-47.5305 103.6303 -47.5305 103.6303 -47.5305
-46.8042 103.3426 -46.8042 103.3426 -46.8042
-46.1491 103.075 -46.1491 103.075 -46.1491
-45.4957 102.7974 -45.4957 102.7974 -45.4957
-44.8641 102.5201 -44.8641 102.5201 -44.8641
-44.3182 102.274 -44.3182 102.274 -44.3182
-43.9383 102.0981 -43.9383 102.0981 -43.9383
-43.8241 102.0423 -43.8241 102.0423 -43.8241
-43.7874 102.0244 -43.7874 102.0244 -43.7874
-43.7451 102.0031 -43.7451 102.0031 -43.7451
-43.7126 101.9869 -43.7126 101.9869 -43.7126
-43.6867 101.9738 -43.6867 101.9738 -43.6867
-43.6677 101.964 -43.6677 101.964 -43.6677
-43.656 101.9579 -43.656 101.9579 -43.656
-43.652 101.9559 -43.652 101.9559 -43.652
-43.6378 101.9286 -43.6378 101.9286 -43.6378
-43.5969 101.849 -43.5969 101.849 -43.5969
-43.5315 101.7191 -43.5315 101.7191 -43.5315
-43.4434 101.5393 -43.4434 101.5393 -43.4434
-43.3345 101.3098 -43.3345 101.3098 -43.3345
-43.2067 101.0307 -43.2067 101.0307 -43.2067
-43.0619 100.7033 -43.0619 100.7033 -43.0619
-42.9036 100.3299 -42.9036 100.3299 -42.9036
-42.7643 99.9298 -42.7643 99.9298 -42.7643
-42.6503 99.5145 -42.6503 99.5145 -42.6503
-42.5334 99.0701 -42.5334 99.0701 -42.5334
-42.3019 98.5555 -42.3019 98.5555 -42.3019
-41.8685 97.9382 -41.8685 97.9382 -41.8685
-42.0886 97.6354 -42.0886 97.6354 -42.0886
-42.0836 97.2452 -42.0836 97.2452 -42.0836
-42.1102 96.9042 -42.1102 96.9042 -42.1102
-42.1564 96.6231 -42.1564 96.6231 -42.1564
-42.2254 96.42 -42.2254 96.42 -42.2254
-42.311 96.3083 -42.311 96.3083 -42.311
-42.2852 96.2424 -42.2852 96.2424 -42.2852
-42.5419 96.1469 -42.5419 96.1469 -42.5419
-43.2675 95.8644 -43.2675 95.8644 -43.2675
-44.3934 95.3956 -44.3934 95.3956 -44.3934
-45.8777 94.7503 -45.8777 94.7503 -45.8777
-47.6135 93.9077 -47.6135 93.9077 -47.6135
-49.6412 92.9203 -49.6412 92.9203 -49.6412
-51.8095 91.7528 -51.8095 91.7528 -51.8095
-54.1116 90.4455 -54.1116 90.4455 -54.1116
-56.504 89.0263 -56.504 89.0263 -56.504
-58.9995 87.5584 -58.9995 87.5584 -58.9995
-61.4986 86.0516 -61.4986 86.0516 -61.4986
-63.975 84.5564 -63.975 84.5564 -63.975
-66.4957 83.1815 -66.4957 83.1815 -66.4957
-68.8348 81.8673 -68.8348 81.8673 -68.8348
-71.0738 80.7333 -71.0738 80.7333 -71.0738
-73.0349 79.7394 -73.0349 79.7394 -73.0349
-74.6857 78.9326 -74.6857 78.9326 -74.6857
-76.0001 78.365 -76.0001 78.365 -76.0001
-76.7919 77.9771 -76.7919 77.9771 -76.7919
-77.0882 77.8554 -77.0882 77.8554 -77.0882
-77.0004 77.8592 -77.0004 77.8592 -77.0004
-76.8029 77.9063 -76.8029 77.9063 -76.8029
-76.421 77.926 -76.421 77.926 -76.421
-75.9854 77.9903 -75.9854 77.9903 -75.9854
-75.4243 78.0292 -75.4243 78.0292 -75.4243
-74.8712 78.1151 -74.8712 78.1151 -74.8712
-74.3013 78.2117 -74.3013 78.2117 -74.3013
-73.6822 78.2807 -73.6822 78.2807 -73.6822
-73.1365 78.3892 -73.1365 78.3892 -73.1365
-72.578 78.4676 -72.578 78.4676 -72.578
-72.1177 78.5788 -72.1177 78.5788 -72.1177
-71.6605 78.6538 -71.6605 78.6538 -71.6605
-71.2586 78.7216 -71.2586 78.7216 -71.2586
-70.9134 78.7805 -70.9134 78.7805 -70.9134
-70.6763 78.8618 -70.6763 78.8618 -70.6763
-70.4448 78.9021 -70.4448 78.9021 -70.4448
-70.2171 78.9024 -70.2171 78.9024 -70.2171
-70.0903 78.9242 -70.0903 78.9242 -70.0903
-70.0133 78.9372 -70.0133 78.9372 -70.0133
