-41.7412 102.5662 223.7936 100.024 226.0822
-41.6555 102.8207 223.7935 100.2813 226.0853
-41.4139 103.5562 223.784 101.0252 226.0898
-41.0263 104.7128 223.7741 102.1959 226.1028
-40.5041 106.2325 223.7678 103.7359 226.1295
-39.8568 108.0587 223.7685 105.5891 226.175
-39.0916 110.1352 223.7797 107.6996 226.2452
-38.2141 112.3978 223.808 110.0034 226.3455
-37.2298 114.7877 223.8555 112.4414 226.4792
-36.1432 117.2457 43.9249 -29.3957 46.6494
-34.9638 119.7075 44.0137 -26.7946 46.8525
-33.7042 122.1152 44.116 -24.1723 47.0812
-32.3726 124.4141 44.2401 -21.5916 47.3478
-31.0019 126.5523 44.3663 -19.0906 47.627
-29.6247 128.4845 44.4899 -16.7274 47.9127
-28.2926 130.1765 44.5938 -14.5528 48.1786
-27.0502 131.6 44.6884 -12.6372 48.4386
-25.962 132.7346 44.7722 -11.0463 48.6751
-25.1092 133.5678 44.8231 -9.8279 48.8493
-24.5536 134.0831 44.8526 -9.0524 48.9618
-24.3567 134.2608 44.8624 -8.7808 49.0016
-24.4009 134.2324 44.9043 -8.9168 49.019
-24.5256 134.1487 45.0243 -9.3055 49.0681
-24.7176 134.0095 45.2143 -9.9168 49.1445
-24.962 133.8126 45.4663 -10.7203 49.2433
-25.2432 133.5555 45.772 -11.6855 49.3589
-25.5463 133.2363 46.1233 -12.7829 49.4864
-25.8573 132.8552 46.5118 -13.983 49.6207
-26.1637 132.4148 46.9289 -15.258 49.7572
-26.4554 131.9205 47.366 -16.5804 49.8916
-26.7244 131.3806 47.8141 -17.924 50.0203
-26.967 130.8073 48.2615 -19.2609 50.1385
-27.1784 130.2134 48.7018 -20.5677 50.2458
-27.3571 129.6149 49.1262 -21.8192 50.3409
-27.5034 129.0298 49.5257 -22.9899 50.4229
-27.6191 128.4775 49.8911 -24.0546 50.4917
-27.7067 127.9786 50.213 -24.9872 50.5474
-27.7711 127.5553 50.4794 -25.759 50.5894
-27.815 127.2285 50.6813 -26.3438 50.6191
-27.8404 127.0185 50.8097 -26.7148 50.6368
-27.8488 126.9446 50.8547 -26.8446 50.643
-27.8868 126.7756 50.7699 -26.7423 50.6725
-27.9603 126.2721 50.5841 -26.4886 50.7891
-28.0946 125.483 50.2831 -26.0764 50.9549
-28.2797 124.4384 49.9086 -25.5365 51.179
-28.5171 123.1745 49.4874 -24.8904 51.4591
-28.811 121.7283 49.0427 -24.162 51.7732
-29.1607 120.1413 48.5965 -23.3717 52.1622
-29.5709 118.4512 48.1619 -22.5441 52.5759
-30.033 116.6946 47.7608 -21.7102 53.0267
-30.5386 114.9062 47.4089 -20.8997 53.5042
-31.1093 113.15 47.0579 -20.0758 54.0026
-31.7059 111.4386 46.7578 -19.3049 54.5093
-32.3143 109.8079 46.5063 -18.5987 55.0155
-32.904 108.2837 46.3217 -17.9914 55.5286
-33.4834 106.9195 46.1499 -17.4347 56.0013
-34.0101 105.7318 46.0207 -16.9722 56.4327
-34.4711 104.7618 45.9084 -16.584 56.7968
-34.8288 104.0293 45.8321 -16.3007 57.0809
-35.0571 103.564 45.7915 -16.131 57.266
-35.1417 103.4055 45.7704 -16.0634 57.3285
-35.1253 103.4622 45.7295 -15.8969 57.31
-35.0915 103.6389 45.585 -15.3878 57.2588
-34.9939 103.8709 45.4383 -14.682 57.1982
-34.8896 104.1932 45.1948 -13.6905 57.0969
-34.7752 104.5827 44.8719 -12.4586 56.958
-34.6053 104.9751 44.5708 -11.1308 56.8118
-34.4399 105.4123 44.1847 -9.6037 56.6275
-34.2369 105.8322 43.8136 -8.019 56.4313
-34.0143 106.2367 43.4362 -6.3748 56.2181
-33.7849 106.6238 43.0412 -4.6808 55.9848
-33.5463 106.9782 42.6511 -2.9873 55.7417
-33.3088 107.2991 42.2619 -1.3135 55.4898
-33.0761 107.5804 41.8855 0.3017 55.2362
-32.8466 107.8126 41.5482 1.8026 54.9962
-32.6328 108.0018 41.2444 3.1692 54.772
-32.4439 108.1528 40.975 4.3734 54.5691
-32.2902 108.2713 40.7396 5.3881 54.3918
-32.1678 108.3496 40.5729 6.1455 54.2603
-32.0898 108.3963 40.4669 6.6268 54.1759
-32.0625 108.4121 40.4298 6.7954 54.1461
-32.0625 108.4121 40.4298 6.7954 54.1461
-32.0625 108.4121 40.4298 6.7954 54.1461
-32.0625 108.4121 40.4298 6.7954 54.1461
-32.0625 108.4121 40.4298 6.7954 54.1461
-32.0625 108.4121 40.4298 6.7954 54.1461
-32.0625 108.4121 40.4298 6.7954 54.1461
-32.0625 108.4121 40.4298 6.7954 54.1461
-32.0625 108.4121 40.4298 6.7954 54.1461