-22.6374 132.3795 -22.6374 132.3795 -22.6374
-22.3066 131.9871 -22.3066 131.9871 -22.3066
-21.9724 131.5733 -21.9724 131.5733 -21.9724
-21.6415 131.1417 -21.6415 131.1417 -21.6415
-21.2969 130.6884 -21.2969 130.6884 -21.2969
-20.9626 130.2229 -20.9626 130.2229 -20.9626
-20.629 129.7431 -20.629 129.7431 -20.629
-20.3094 129.2576 -20.3094 129.2576 -20.3094
-20.0035 128.7686 -20.0035 128.7686 -20.0035
-19.7093 128.2758 -19.7093 128.2758 -19.7093
-19.4331 127.7851 -19.4331 127.7851 -19.4331
-19.1677 127.2935 -19.1677 127.2935 -19.1677
-18.9243 126.8102 -18.9243 126.8102 -18.9243
-18.7011 126.3368 -18.7011 126.3368 -18.7011
-18.4912 125.8693 -18.4912 125.8693 -18.4912
-18.3025 125.4159 -18.3025 125.4159 -18.3025
-18.1353 124.9772 -18.1353 124.9772 -18.1353
-17.9834 124.5585 -17.9834 124.5585 -17.9834
-17.843 124.1496 -17.843 124.1496 -17.843
-17.7234 123.7645 -17.7234 123.7645 -17.7234
-17.6218 123.404 -17.6218 123.404 -17.6218
-17.5284 123.0604 -17.5284 123.0604 -17.5284
-17.4509 122.7438 -17.4509 122.7438 -17.4509
-17.3857 122.454 -17.3857 122.454 -17.3857
-17.3341 122.1952 -17.3341 122.1952 -17.3341
-17.2871 121.9603 -17.2871 121.9603 -17.2871
-17.2509 121.7583 -17.2509 121.7583 -17.2509
-17.2226 121.589 -17.2226 121.589 -17.2226
-17.2013 121.454 -17.2013 121.454 -17.2013
-17.1864 121.3552 -17.1864 121.3552 -17.1864
-17.1775 121.2944 -17.1775 121.2944 -17.1775
-17.1747 121.274 -17.1747 121.274 -17.1747
-17.2318 121.2739 -17.2318 121.2739 -17.2318
-17.3947 121.2715 -17.3947 121.2715 -17.3947
-17.6502 121.2612 -17.6502 121.2612 -17.6502
-17.9896 121.2389 -17.9896 121.2389 -17.9896
-18.3816 121.1801 -18.3816 121.1801 -18.3816
-18.8335 121.1034 -18.8335 121.1034 -18.8335
-19.3092 120.9718 -19.3092 120.9718 -19.3092
-19.8104 120.8006 -19.8104 120.8006 -19.8104
-20.3187 120.5828 -20.3187 120.5828 -20.3187
-20.8297 120.3281 -20.8297 120.3281 -20.8297
-21.318 120.0253 -21.318 120.0253 -21.318
-21.7798 119.689 -21.7798 119.689 -21.7798
-22.2014 119.3247 -22.2014 119.3247 -22.2014
-22.5688 118.9392 -22.5688 118.9392 -22.5688
-22.9055 118.576 -22.9055 118.576 -22.9055
-23.178 118.2291 -23.178 118.2291 -23.178
-23.4146 117.9432 -23.4146 117.9432 -23.4146
-23.5819 117.7107 -23.5819 117.7107 -23.5819
-23.6666 117.5416 -23.6666 117.5416 -23.6666
-23.7012 117.4868 -23.7012 117.4868 -23.7012
-23.7886 117.4842 -23.7886 117.4842 -23.7886
-24.0337 117.4676 -24.0337 117.4676 -24.0337
-24.4485 117.454 -24.4485 117.454 -24.4485
-24.96 117.3796 -24.96 117.3796 -24.96
-25.6332 117.3026 -25.6332 117.3026 -25.6332
-26.3771 117.1457 -26.3771 117.1457 -26.3771
-27.2274 116.9447 -27.2274 116.9447 -27.2274
-28.1425 116.6729 -28.1425 116.6729 -28.1425
-29.1221 116.3431 -29.1221 116.3431 -29.1221
-30.105 115.927 -30.105 115.927 -30.105
-31.0747 115.4369 -31.0747 115.4369 -31.0747
-32.0311 114.9008 -32.0311 114.9008 -32.0311
-32.9235 114.3162 -32.9235 114.3162 -32.9235
-33.7291 113.7042 -33.7291 113.7042 -33.7291
-34.465 113.113 -34.465 113.113 -34.465
-35.0787 112.549 -35.0787 112.549 -35.0787
-35.5686 112.0531 -35.5686 112.0531 -35.5686
-35.9187 111.6555 -35.9187 111.6555 -35.9187
-36.1415 111.3985 -36.1415 111.3985 -36.1415
-36.2305 111.3142 -36.2305 111.3142 -36.2305
-36.2365 111.3794 -36.2365 111.3794 -36.2365
-36.2529 111.5644 -36.2529 111.5644 -36.2529
-36.2674 111.8464 -36.2674 111.8464 -36.2674
-36.2975 112.2187 -36.2975 112.2187 -36.2975
-36.3272 112.6551 -36.3272 112.6551 -36.3272
-36.3524 113.1362 -36.3524 113.1362 -36.3524
-36.3752 113.6466 -36.3752 113.6466 -36.3752
-36.3791 114.1624 -36.3791 114.1624 -36.3791
-36.3689 114.6702 -36.3689 114.6702 -36.3689
-36.3582 115.1614 -36.3582 115.1614 -36.3582
-36.3215 115.6297 -36.3215 115.6297 -36.3215
-36.2758 116.0547 -36.2758 116.0547 -36.2758
-36.2204 116.4353 -36.2204 116.4353 -36.2204
-36.1582 116.767 -36.1582 116.767 -36.1582
-36.0958 117.0458 -36.0958 117.0458 -36.0958
-36.0315 117.2751 -36.0315 117.2751 -36.0315
-35.9733 117.4528 -35.9733 117.4528 -35.9733
-35.9262 117.5802 -35.9262 117.5802 -35.9262
-35.8951 117.6576 -35.8951 117.6576 -35.8951
-35.884 117.684 -35.884 117.684 -35.884
-35.9209 117.6752 -35.9209 117.6752 -35.9209
-36.0291 117.649 -36.0291 117.649 -36.0291
-36.2044 117.6051 -36.2044 117.6051 -36.2044
-36.4426 117.5426 -36.4426 117.5426 -36.4426
-36.7393 117.4604 -36.7393 117.4604 -36.7393
-37.0895 117.3566 -37.0895 117.3566 -37.0895
-37.4881 117.2293 -37.4881 117.2293 -37.4881
-37.9297 117.0761 -37.9297 117.0761 -37.9297
