-49.9539 81.6059 -49.9539 81.6059 -49.9539
-49.9539 81.6059 -49.9539 81.6059 -49.9539
-49.9539 81.6059 -49.9539 81.6059 -49.9539
-49.9539 81.6059 -49.9539 81.6059 -49.9539
-49.9539 81.6059 -49.9539 81.6059 -49.9539
-49.9539 81.6059 -49.9539 81.6059 -49.9539
-49.9539 81.6059 -49.9539 81.6059 -49.9539
-49.9539 81.6059 -49.9539 81.6059 -49.9539
-49.9539 81.6059 -49.9539 81.6059 -49.9539
-49.9539 81.6059 -49.9539 81.6059 -49.9539
-49.9539 81.6059 -49.9539 81.6059 -49.9539
-49.9539 81.6059 -49.9539 81.6059 -49.9539
-49.9539 81.6059 -49.9539 81.6059 -49.9539
-49.9539 81.6059 -49.9539 81.6059 -49.9539
-49.9539 81.6059 -49.9539 81.6059 -49.9539
-49.9539 81.6059 -49.9539 81.6059 -49.9539
-49.9539 81.6059 -49.9539 81.6059 -49.9539
-49.9539 81.6059 -49.9539 81.6059 -49.9539
-49.9539 81.6059 -49.9539 81.6059 -49.9539
-49.9539 81.6059 -49.9539 81.6059 -49.9539
-49.9539 81.6059 -49.9539 81.6059 -49.9539
-49.9539 81.6059 -49.9539 81.6059 -49.9539
-49.9539 81.6059 -49.9539 81.6059 -49.9539
-49.9539 81.6059 -49.9539 81.6059 -49.9539
-49.9539 81.6059 -49.9539 81.6059 -49.9539
-49.9539 81.6059 -49.9539 81.6059 -49.9539
-49.9539 81.6059 -49.9539 81.6059 -49.9539
-49.9539 81.6059 -49.9539 81.6059 -49.9539
-49.9539 81.6059 -49.9539 81.6059 -49.9539
-49.9539 81.6059 -49.9539 81.6059 -49.9539
-49.9539 81.6059 -49.9539 81.6059 -49.9539
-49.9539 81.6059 -49.9539 81.6059 -49.9539
-49.9663 81.5956 -49.9663 81.5956 -49.9663
-50.0518 81.5958 -50.0518 81.5958 -50.0518
-50.163 81.5768 -50.163 81.5768 -50.163
-50.3498 81.5682 -50.3498 81.5682 -50.3498
-50.5219 81.5113 -50.5219 81.5113 -50.5219
-50.778 81.4661 -50.778 81.4661 -50.778
-51.0742 81.4038 -51.0742 81.4038 -51.0742
-51.43 81.3372 -51.43 81.3372 -51.43
-51.8231 81.254 -51.8231 81.254 -51.8231
-52.204 81.126 -52.204 81.126 -52.204
-52.6979 81.0412 -52.6979 81.0412 -52.6979
-53.1947 80.9369 -53.1947 80.9369 -53.1947
-53.6852 80.8181 -53.6852 80.8181 -53.6852
-54.1861 80.7098 -54.1861 80.7098 -54.1861
-54.674 80.6121 -54.674 80.6121 -54.674
-55.1183 80.5219 -55.1183 80.5219 -55.1183
-55.517 80.4565 -55.517 80.4565 -55.517
-55.8327 80.4093 -55.8327 80.4093 -55.8327
-56.0384 80.3802 -56.0384 80.3802 -56.0384
-56.1113 80.3701 -56.1113 80.3701 -56.1113
-56.0455 80.4914 -56.0455 80.4914 -56.0455
-55.8647 80.842 -55.8647 80.842 -55.8647
-55.6648 81.4477 -55.6648 81.4477 -55.6648
-55.3575 82.2074 -55.3575 82.2074 -55.3575
-55.1141 83.1913 -55.1141 83.1913 -55.1141
-54.9219 84.3453 -54.9219 84.3453 -54.9219
-54.7673 85.618 -54.7673 85.618 -54.7673
-54.8082 87.0578 -54.8082 87.0578 -54.8082
-54.9373 88.56 -54.9373 88.56 -54.9373
-55.2842 90.1535 -55.2842 90.1535 -55.2842
-55.7217 91.7352 -55.7217 91.7352 -55.7217
-56.3295 93.3121 -56.3295 93.3121 -56.3295
-57.0572 94.8312 -57.0572 94.8312 -57.0572
-57.8158 96.2314 -57.8158 96.2314 -57.8158
-58.6018 97.4957 -58.6018 97.4957 -58.6018
-59.4179 98.6125 -59.4179 98.6125 -59.4179
-60.0933 99.5069 -60.0933 99.5069 -60.0933
-60.6794 100.1936 -60.6794 100.1936 -60.6794
-61.065 100.6252 -61.065 100.6252 -61.065
-61.147 100.7553 -61.147 100.7553 -61.147
-61.1656 100.819 -61.1656 100.819 -61.1656
-61.2202 101.0003 -61.2202 101.0003 -61.2202
-61.2554 101.264 -61.2554 101.264 -61.2554
-61.3268 101.6133 -61.3268 101.6133 -61.3268
-61.3805 102.012 -61.3805 102.012 -61.3805
-61.5406 102.488 -61.5406 102.488 -61.5406
-61.6451 102.9675 -61.6451 102.9675 -61.6451
-61.8089 103.4774 -61.8089 103.4774 -61.8089
-62.0554 104.0136 -62.0554 104.0136 -62.0554
-62.2685 104.5232 -62.2685 104.5232 -62.2685
-62.4928 105.0134 -62.4928 105.0134 -62.4928
-62.7226 105.4748 -62.7226 105.4748 -62.7226
-63.0059 105.9198 -63.0059 105.9198 -63.0059
-63.2376 106.3057 -63.2376 106.3057 -63.2376
-63.4879 106.6562 -63.4879 106.6562 -63.4879
-63.6514 106.9301 -63.6514 106.9301 -63.6514
-63.8806 107.1839 -63.8806 107.1839 -63.8806
-64.0022 107.3515 -64.0022 107.3515 -64.0022
-64.1139 107.4687 -64.1139 107.4687 -64.1139
-64.1529 107.5093 -64.1529 107.5093 -64.1529
-64.1104 107.5061 -64.1104 107.5061 -64.1104
-63.9326 107.4761 -63.9326 107.4761 -63.9326
-63.7302 107.4599 -63.7302 107.4599 -63.7302
-63.4629 107.4398 -63.4629 107.4398 -63.4629
-63.1182 107.4088 -63.1182 107.4088 -63.1182
-62.6988 107.3651 -62.6988 107.3651 -62.6988
-62.1944 107.3022 -62.1944 107.3022 -62.1944
-61.6743 107.2441 -61.6743 107.2441 -61.6743