-38.408400 116.894700 224.567400 114.580300 225.837000
-39.451900 116.437900 224.847700 114.109000 225.524700
-40.565100 115.840300 225.163300 113.495200 225.215000
-41.689800 115.092300 225.509600 112.729500 224.922400
-42.767700 114.184300 225.883000 111.802800 224.652800
-43.745300 113.126400 226.276800 110.725300 224.404900
-44.575800 111.932900 226.689300 109.511800 224.174300
-47.425000 111.535100 224.332800 109.108000 221.591500
-50.870400 111.259100 221.074400 108.827700 218.308100
-53.983800 110.780200 218.088400 108.341200 215.327800
-56.776600 110.182900 215.350300 107.734400 212.632400
-59.093500 109.489200 213.057800 107.030100 210.384400
-61.047600 108.826700 211.078900 106.357600 208.471100
-62.522900 108.229600 209.571400 105.751700 207.018500
-63.547700 107.783600 208.511200 105.299400 206.004100
-64.035500 107.522800 208.011200 105.035000 205.520100
-64.113900 107.468700 207.915000 104.980000 205.412200
-63.880600 107.183900 208.107200 104.691300 205.423200
-63.487900 106.656200 208.420300 104.156400 205.413400
-63.005900 105.919800 208.789700 103.410500 205.357100
-62.492800 105.013400 209.166800 102.492800 205.243200
-62.055400 104.013600 209.449200 101.481400 205.025400
-61.645100 102.967500 209.712700 100.424000 204.792800
-61.380500 102.012000 209.841400 99.458800 204.503000
-61.255400 101.264000 209.858900 98.703800 204.219500
-61.165600 100.819000 209.892000 98.254800 204.071900
-61.065000 100.625200 209.947100 98.059300 204.168200
-60.093300 99.506900 210.687000 96.932000 205.248700
-58.601800 97.495700 211.832500 94.907000 207.016300
-57.057200 94.831200 213.065400 92.229400 209.079700
-55.721700 91.735300 214.260700 89.125400 211.203000
-54.937300 88.560000 215.148100 85.949700 213.112000
-54.767300 85.618000 215.668700 83.014500 214.705000
-55.114100 83.191300 215.838900 80.598800 215.935700
-55.664800 81.447700 215.816900 78.866300 216.810600
-56.045500 80.491400 215.784900 77.917200 217.303800
-56.038400 80.380200 215.834100 77.806900 217.407200
-55.517000 80.456500 216.298200 77.882500 217.706100
-54.674000 80.612100 217.043900 78.036900 218.209200
-53.685200 80.818100 217.916200 78.241200 218.831100
-52.697900 81.041200 218.786400 78.462500 219.491200
-51.823100 81.254000 219.557900 78.673800 220.116000
-51.074200 81.403800 220.224300 78.822500 220.682700
-50.521900 81.511300 220.718000 78.929200 221.126700
-50.163000 81.576800 221.040600 78.994300 221.430300
-49.966300 81.595600 221.219700 79.012900 221.600300
-49.953900 81.605900 221.230400 79.023100 221.613000
-49.953900 81.605900 221.230400 79.023100 221.613000
-49.953900 81.605900 221.230400 79.023100 221.613000
-49.953900 81.605900 221.230400 79.023100 221.613000
