-38.4084 116.8947 224.5674 114.5803 225.837
-38.918 116.6827 224.7027 114.3613 225.6814
-39.4519 116.4379 224.8477 114.109 225.5247
-40.0036 116.1565 225.0012 113.8197 225.368
-40.5651 115.8403 225.1633 113.4952 225.215
-41.1296 115.4859 225.333 113.1321 225.0662
-41.6898 115.0923 225.5096 112.7295 224.9224
-42.2384 114.659 225.6927 112.2869 224.7843
-42.7677 114.1843 225.883 111.8028 224.6528
-43.2724 113.6737 226.0772 111.2824 224.5262
-43.7453 113.1264 226.2768 110.7253 224.4049
-44.1813 112.5449 226.4808 110.1338 224.2881
-44.5758 111.9329 226.6893 109.5118 224.1743
-45.6654 111.6104 225.9594 109.1844 223.2563
-47.425 111.5351 224.3328 109.108 221.5915
-49.1928 111.4288 222.6635 109.0001 219.9072
-50.8704 111.2591 221.0744 108.8277 218.3081
-52.4781 111.0439 219.5363 108.609 216.7707
-53.9838 110.7802 218.0884 108.3412 215.3278
-55.4288 110.4945 216.6777 108.051 213.9356
-56.7766 110.1829 215.3503 107.7344 212.6324
-57.9941 109.8426 214.1485 107.3888 211.4529
-59.0935 109.4892 213.0578 107.0301 210.3844
-60.1458 109.1606 211.9911 106.6964 209.3548
-61.0476 108.8267 211.0789 106.3576 208.4711
-61.8464 108.5156 210.2639 106.0419 207.6854
-62.5229 108.2296 209.5714 105.7517 207.0185
-63.0714 107.9756 209.0097 105.4941 206.4766
-63.5477 107.7836 208.5112 105.2994 206.0041
-63.8471 107.6217 208.2052 105.1352 205.7072
-64.0355 107.5228 208.0112 105.035 205.5201
-64.1529 107.5093 207.8798 105.0212 205.403
-64.1139 107.4687 207.915 104.98 205.4122
-64.0022 107.3515 208.0155 104.8613 205.4379
-63.8806 107.1839 208.1072 104.6913 205.4232
-63.6514 106.9301 208.3111 104.4341 205.4692
-63.4879 106.6562 208.4203 104.1564 205.4134
-63.2376 106.3057 208.6211 103.8013 205.4075
-63.0059 105.9198 208.7897 103.4105 205.3571
-62.7226 105.4748 209.0118 102.9598 205.3318
-62.4928 105.0134 209.1668 102.4928 205.2432
-62.2685 104.5232 209.3139 101.9967 205.1408
-62.0554 104.0136 209.4492 101.4814 205.0254
-61.8089 103.4774 209.6251 100.9392 204.9383
-61.6451 102.9675 209.7127 100.424 204.7928
-61.5406 102.488 209.7416 99.9395 204.6167
-61.3805 102.012 209.8414 99.4588 204.503
-61.3268 101.6133 209.8344 99.0563 204.3379
-61.2554 101.264 209.8589 98.7038 204.2195
-61.2202 101.0003 209.8575 98.4378 204.1156
-61.1656 100.819 209.892 98.2548 204.0719
-61.147 100.7553 209.9035 98.1907 204.0561
-61.065 100.6252 209.9471 98.0593 204.1682
-60.6794 100.1936 210.2394 97.6242 204.5931
-60.0933 99.5069 210.687 96.932 205.2487
-59.4179 98.6125 211.1916 96.0311 206.0481
-58.6018 97.4957 211.8325 94.907 207.0163
-57.8158 96.2314 212.4489 93.6358 208.0286
-57.0572 94.8312 213.0654 92.2294 209.0797
-56.3295 93.3121 213.6962 90.7053 210.1594
-55.7217 91.7353 214.2607 89.1254 211.203
-55.2842 90.1535 214.7159 87.5424 212.1734
-54.9373 88.56 215.1481 85.9497 213.112
-54.8082 87.0578 215.4237 84.4501 213.934
-54.7673 85.618 215.6687 83.0145 214.705
-54.9219 84.3453 215.7593 81.747 215.3488
-55.1141 83.1913 215.8389 80.5988 215.9357
-55.3575 82.2074 215.8708 79.6208 216.4339
-55.6648 81.4477 215.8169 78.8663 216.8106
-55.8647 80.842 215.8267 78.265 217.1258
-56.0455 80.4914 215.7849 77.9172 217.3038
-56.1113 80.3701 215.769 77.7969 217.3659
-56.0384 80.3802 215.8341 77.8069 217.4072
-55.8327 80.4093 216.0173 77.8358 217.524
-55.517 80.4565 216.2982 77.8825 217.7061
-55.1183 80.5219 216.6521 77.9474 217.9407
-54.674 80.6121 217.0439 78.0369 218.2092
-54.1861 80.7098 217.4747 78.1338 218.5114
-53.6852 80.8181 217.9162 78.2412 218.8311
-53.1947 80.9369 218.3473 78.3591 219.1548
-52.6979 81.0412 218.7864 78.4625 219.4912
-52.204 81.126 219.226 78.5467 219.8352
-51.8231 81.254 219.5579 78.6738 220.116
-51.43 81.3372 219.9069 78.7564 220.4094
-51.0742 81.4038 220.2243 78.8225 220.6827
-50.778 81.4661 220.4883 78.8844 220.9182
-50.5219 81.5113 220.718 78.9292 221.1267
-50.3498 81.5682 220.8702 78.9857 221.2746
-50.163 81.5768 221.0406 78.9943 221.4303
-50.0518 81.5958 221.1411 79.013 221.5274
-49.9663 81.5956 221.2197 79.0129 221.6003
-49.9539 81.6059 221.2304 79.0231 221.613
-49.9539 81.6059 221.2304 79.0231 221.613
-49.9539 81.6059 221.2304 79.0231 221.613
-49.9539 81.6059 221.2304 79.0231 221.613
-49.9539 81.6059 221.2304 79.0231 221.613
-49.9539 81.6059 221.2304 79.0231 221.613
-49.9539 81.6059 221.2304 79.0231 221.613
-49.9539 81.6059 221.2304 79.0231 221.613
-49.9539 81.6059 221.2304 79.0231 221.613