-32.062500 108.412100 40.429800 6.795400 54.146100
-32.062500 108.412100 40.429800 6.795400 54.146100
-32.062500 108.412100 40.429800 6.795400 54.146100
-32.062500 108.412100 40.429800 6.795400 54.146100
-32.062500 108.412100 40.429800 6.795400 54.146100
-32.062500 108.412100 40.429800 6.795400 54.146100
-32.062500 108.412100 40.429800 6.795400 54.146100
-32.062500 108.412100 40.429800 6.795400 54.146100
-32.062500 108.412100 40.429800 6.795400 54.146100
-32.062500 108.412100 40.429800 6.795400 54.146100
-32.062500 108.412100 40.429800 6.795400 54.146100
-32.062500 108.412100 40.429800 6.795400 54.146100
-32.062500 108.412100 40.429800 6.795400 54.146100
-32.062500 108.412100 40.429800 6.795400 54.146100
-32.062500 108.412100 40.429800 6.795400 54.146100
-32.062500 108.412100 40.429800 6.795400 54.146100
-32.089800 108.396300 40.466900 6.626800 54.175900
-32.290200 108.271300 40.739600 5.388100 54.391800
-32.632800 108.001800 41.244400 3.169200 54.772000
-33.076100 107.580400 41.885500 0.301700 55.236200
-33.546300 106.978200 42.651100 -2.987300 55.741700
-34.014300 106.236700 43.436200 -6.374800 56.218100
-34.439900 105.412300 44.184700 -9.603700 56.627500
-34.775200 104.582700 44.871900 -12.458600 56.958000
-34.993900 103.870900 45.438300 -14.682000 57.198100
-35.125300 103.462200 45.729500 -15.896900 57.310000
-35.057100 103.564000 45.791600 -16.131000 57.266100
-34.471100 104.761800 45.908400 -16.584000 56.796800
-33.483400 106.919500 46.149900 -17.434700 56.001300
-32.314300 109.807900 46.506300 -18.598700 55.015500
-31.109300 113.150000 47.057900 -20.075800 54.002600
-30.033000 116.694600 47.760900 -21.710200 53.026800
-29.160700 120.141300 48.596500 -23.371700 52.162200
-28.517100 123.174500 49.487400 -24.890400 51.459000
-28.094600 125.483000 50.283100 -26.076400 50.954900
-27.886800 126.775600 50.769900 -26.742300 50.672500
-27.840400 127.018500 50.809700 -26.714800 50.636800
-27.771100 127.555300 50.479400 -25.759000 50.589400
-27.619100 128.477500 49.891100 -24.054600 50.491700
-27.357100 129.614900 49.126200 -21.819200 50.340900
-26.967000 130.807300 48.261500 -19.260900 50.138500
-26.455400 131.920500 47.366000 -16.580400 49.891600
-25.857300 132.855200 46.511800 -13.983000 49.620700
-25.243200 133.555500 45.772000 -11.685500 49.358900
-24.717600 134.009500 45.214300 -9.916700 49.144500
-24.400900 134.232400 44.904300 -8.916800 49.019000
-24.330000 134.233600 44.849300 -8.709100 49.012800
-24.126300 134.024400 44.749400 -8.159100 49.099500
-23.750300 133.628800 44.562300 -7.124700 49.266100
-23.240900 133.072300 44.301900 -5.679900 49.506200
