-41.741200 102.566200 223.793600 100.024000 226.082200
-41.413900 103.556200 223.784000 101.025200 226.089800
-40.504100 106.232500 223.767800 103.735900 226.129500
-39.091600 110.135200 223.779700 107.699600 226.245200
-37.229800 114.787700 223.855500 112.441400 226.479200
-34.963800 119.707500 44.013700 -26.794600 46.852500
-32.372600 124.414100 44.240100 -21.591600 47.347800
-29.624700 128.484500 44.489900 -16.727400 47.912700
-27.050200 131.600000 44.688400 -12.637200 48.438600
-25.109200 133.567800 44.823100 -9.827900 48.849300
-24.356700 134.260800 44.862400 -8.780800 49.001600
-24.525600 134.148700 45.024300 -9.305500 49.068100
-24.962000 133.812600 45.466300 -10.720300 49.243300
-25.546300 133.236300 46.123300 -12.782900 49.486400
-26.163700 132.414800 46.928900 -15.258000 49.757200
-26.724400 131.380600 47.814100 -17.924000 50.020300
-27.178400 130.213400 48.701800 -20.567700 50.245800
-27.503400 129.029800 49.525700 -22.989900 50.422900
-27.706700 127.978600 50.213000 -24.987200 50.547400
-27.815000 127.228500 50.681300 -26.343800 50.619100
-27.848800 126.944600 50.854700 -26.844600 50.643000
-27.960300 126.272100 50.584100 -26.488600 50.789100
-28.279700 124.438400 49.908600 -25.536500 51.179000
-28.811000 121.728300 49.042700 -24.162000 51.773200
-29.570900 118.451200 48.161900 -22.544100 52.575900
-30.538600 114.906200 47.408900 -20.899700 53.504200
-31.705900 111.438600 46.757800 -19.304900 54.509300
-32.904000 108.283700 46.321700 -17.991400 55.528600
-34.010100 105.731800 46.020700 -16.972200 56.432700
-34.828800 104.029300 45.832100 -16.300700 57.080900
-35.141700 103.405500 45.770400 -16.063400 57.328500
-35.091500 103.638900 45.585000 -15.387800 57.258800
-34.889600 104.193200 45.194800 -13.690500 57.096900
-34.605300 104.975100 44.570800 -11.130800 56.811800
-34.236900 105.832200 43.813600 -8.019000 56.431300
-33.784900 106.623800 43.041200 -4.680800 55.984800
-33.308800 107.299100 42.261900 -1.313500 55.489800
-32.846600 107.812600 41.548200 1.802600 54.996200
-32.443900 108.152800 40.975000 4.373400 54.569100
-32.167800 108.349600 40.572900 6.145500 54.260300
-32.062500 108.412100 40.429800 6.795400 54.146100
-32.062500 108.412100 40.429800 6.795400 54.146100
-32.062500 108.412100 40.429800 6.795400 54.146100
-32.062500 108.412100 40.429800 6.795400 54.146100
-32.062500 108.412100 40.429800 6.795400 54.146100
0.000000 0.000000 0.000000 0.000000 0.000000
0.000000 0.000000 0.000000 0.000000 0.000000
0.000000 0.000000 0.000000 0.000000 0.000000
0.000000 0.000000 0.000000 0.000000 0.000000
0.000000 0.000000 0.000000 0.000000 0.000000
