
-40.349968 107.947166 -40.592953 108.297813 -41.090591
-39.663857 108.867928 -39.613438 108.496346 -39.277256
-39.032501 111.207039 -39.908302 110.273735 -38.387138
-38.233299 113.146431 -39.617397 112.003670 -37.283367
-37.306370 114.802269 -38.932625 113.635933 -36.139854
-36.297432 116.242165 -38.027210 115.150993 -35.029236
-35.226196 117.482414 -37.008110 116.523003 -33.931351
-34.153858 118.527565 -35.973392 117.733025 -32.874516
-33.126911 119.396904 -34.993835 118.782616 -31.875614
-32.168530 120.132957 -34.089558 119.692955 -30.952080
-31.305676 120.736427 -33.303188 120.475060 -30.079258
-30.529758 121.247215 -32.606010 121.147652 -29.263470
-29.825069 121.700020 -31.964645 121.735374 -28.506084
-29.111629 122.162254 -31.291988 122.297050 -27.718967
-28.349991 122.691765 -30.522064 122.889839 -26.859463
-27.476532 123.311958 -29.598793 123.542824 -25.863197
-26.429348 124.022072 -28.469551 124.258629 -24.680908
-25.232082 124.788048 -27.158997 125.015343 -23.351627
-24.031433 125.530937 -25.820507 125.755287 -22.033184
-22.923454 126.206551 -24.575607 126.437157 -20.848667
-21.943920 126.797096 -23.489567 127.039391 -19.842171
-21.112984 127.301292 -22.591915 127.556664 -19.025345
-20.444225 127.723503 -21.895641 127.991234 -18.399399
-19.943829 128.070648 -21.403114 128.349121 -17.958107
-19.582130 128.349182 -21.093571 128.636017 -17.661087
-19.340469 128.567139 -20.941849 128.859924 -17.480530
-19.220654 128.729858 -20.935902 129.027130 -17.407112
-19.196022 128.844238 -21.048637 129.143951 -17.414322
-19.270233 128.911469 -21.273022 129.212555 -17.496754
-19.445820 128.937378 -21.596863 129.238647 -17.663078
-19.730259 128.922882 -22.015839 129.223541 -17.913815
-20.100342 128.872162 -22.506290 129.170135 -18.235123
-20.537045 128.784912 -23.050007 129.077972 -18.603344
-21.056801 128.663513 -23.646294 128.949127 -19.040508
-21.643017 128.508179 -24.283989 128.783508 -19.535362
-22.280926 128.317230 -24.953945 128.579742 -20.073071
-22.953217 128.090393 -25.642982 128.337402 -20.639271
-23.636566 127.827873 -26.333099 128.056274 -21.214870
-24.318333 127.532875 -27.009521 127.738930 -21.793972
-24.977421 127.210869 -27.652241 127.390114 -22.362846
-25.594975 126.861656 -28.248928 127.011330 -22.900841
-26.170692 126.474236 -28.808403 126.596474 -23.402267
-26.718296 126.022911 -29.364483 126.127571 -23.873524
-27.283123 125.491173 -29.957405 125.591423 -24.374950
-27.870781 124.886147 -30.585896 124.988792 -24.931362
-28.466988 124.203255 -31.238991 124.314110 -25.517212
-29.003422 123.455711 -31.858135 123.572792 -26.078304
-29.389969 122.695976 -32.333870 122.794350 -26.557358
-29.583992 121.989906 -32.597073 122.031654 -26.902802
-29.524124 121.376259 -32.589817 121.325218 -27.030655
-29.287010 120.828133 -32.374481 120.678322 -26.985165
-28.875069 120.395821 -31.941200 120.147026 -26.777195
-28.414295 120.043007 -31.405956 119.721901 -26.498032
-27.957153 119.784370 -30.826981 119.419777 -26.197357
-27.526028 119.622307 -30.236500 119.237984 -25.905079
-27.164249 119.514900 -29.707634 119.135475 -25.668201
-26.819485 119.453300 -29.228439 119.089058 -25.449181
-26.502434 119.417168 -28.807629 119.074120 -25.250404
-26.238148 119.402946 -28.450790 119.081871 -25.096836
-26.021290 119.411415 -28.150330 119.108620 -24.982697
-25.848763 119.430580 -27.906109 119.142204 -24.900841
-25.712967 119.449806 -27.714584 119.171791 -24.842010
-25.604359 119.467812 -27.564568 119.195549 -24.796780
-25.507637 119.483864 -27.439270 119.212746 -24.749481
-25.416759 119.484550 -27.336514 119.212990 -24.687874
-25.324654 119.469673 -27.245678 119.195946 -24.609375
-25.235573 119.434410 -27.166752 119.158455 -24.515972
-25.157909 119.363533 -27.109432 119.087502 -24.418392
-25.096378 119.251747 -27.075619 118.976662 -24.327400
-25.039948 119.096947 -27.058216 118.821999 -24.233379
-24.994160 118.886162 -27.060181 118.609886 -24.146320
-24.963814 118.625771 -27.076431 118.342888 -24.079140
-24.939552 118.323067 -27.095791 118.026604 -24.019173
-24.936653 117.977776 -27.124241 117.664024 -23.978718
-24.946983 117.588539 -27.158985 117.254539 -23.948288
-24.966114 117.161858 -27.193619 116.804848 -23.922337
-25.001217 116.687126 -27.238869 116.307655 -23.903614
-25.047970 116.174629 -27.284882 115.770836 -23.893284
-25.105145 115.645500 -27.318115 115.212776 -23.896030
-25.170033 115.121010 -27.331120 114.653557 -23.916142
-25.236492 114.618294 -27.321724 114.110725 -23.952145
-25.300674 114.146370 -27.293865 113.595604 -24.000324
-25.360973 113.711021 -27.252827 113.116142 -24.057785
-25.416245 113.315498 -27.203186 112.677361 -24.121155
-25.466663 112.960518 -27.149555 112.281456 -24.188091
-25.512291 112.645378 -27.095417 111.928688 -24.256302
-25.553490 112.368202 -27.043530 111.617668 -24.324120
-25.591145 112.126457 -26.996029 111.346214 -24.390755

-35.451653 93.996559 -36.296097 95.177376 -36.019485
-33.473377 96.706276 -34.426868 96.595757 -31.952610
-31.135605 100.562462 -32.985889 99.749947 -28.335770
-28.315208 103.911186 -30.563610 102.803520 -24.684330
-25.376026 106.825874 -27.706997 105.657265 -21.449070
-22.662952 109.317879 -24.869823 108.200813 -18.878864
-20.421112 111.405907 -22.355515 110.393562 -17.050201
-18.748833 113.120369 -20.326263 112.226845 -15.900730
-17.642822 114.501381 -18.839245 113.719597 -15.313671
-17.032944 115.593864 -17.873619 114.905952 -15.153000
-16.818371 116.442329 -17.361176 115.825722 -15.289688
-16.894680 117.087044 -17.212646 116.518456 -15.615574
-17.168453 117.562859 -17.335972 117.020592 -16.047665
-17.563747 117.899498 -17.647236 117.364525 -16.526672
-18.022869 118.121727 -18.076057 117.578316 -17.013027
-18.504318 118.250481 -18.567020 117.686073 -17.482052
-18.979874 118.303383 -19.078663 117.708519 -17.919811
-19.431679 118.295174 -19.582150 117.663063 -18.319771
-19.849705 118.238274 -20.058670 117.564537 -18.680569
-20.228951 118.143410 -20.496895 117.425606 -19.003418
-20.568272 118.019524 -20.891453 117.256691 -19.291428
-20.868744 117.874321 -21.240795 117.066826 -19.548248
-21.132755 117.714256 -21.546131 116.863350 -19.777611
-21.363419 117.544746 -21.810211 116.652382 -19.983124
-21.564308 117.370277 -22.036953 116.438789 -20.168236
-21.738708 117.194618 -22.230320 116.226616 -20.335560
-21.889927 117.020882 -22.394440 116.019035 -20.487537
-22.021179 116.851158 -22.533566 115.818352 -20.626358
-22.135124 116.687325 -22.651352 115.626274 -20.753605
-22.234062 116.530708 -22.751110 115.443962 -20.870533
-22.320316 116.382195 -22.835789 115.272179 -20.978382
-22.394905 116.249992 -22.903259 115.118172 -21.080887
-22.459229 116.156364 -22.945721 115.001671 -21.188599
-22.515186 116.134926 -22.954117 114.955009 -21.315536
-22.551441 116.214058 -22.919933 115.005898 -21.456249
-22.571125 116.382225 -22.866009 115.149651 -21.603363
-22.579811 116.628868 -22.810154 115.380043 -21.759769
-22.580200 116.941612 -22.763794 115.686012 -21.919582
-22.609974 117.301414 -22.758076 116.052437 -22.115246
-22.657013 117.696968 -22.792480 116.463951 -22.329967
-22.718357 118.117882 -22.865593 116.907249 -22.558956
-22.811691 118.545235 -22.990829 117.361488 -22.819424
-22.923443 118.973579 -23.160976 117.818138 -23.091454
-23.048496 119.394997 -23.365120 118.268166 -23.363468
-23.198380 119.791161 -23.610489 118.693657 -23.644573
-23.377705 120.155083 -23.897144 119.086601 -23.936134
-23.576679 120.491707 -24.209446 119.450279 -24.228321
-23.785423 120.787468 -24.543659 119.771919 -24.502014
-23.988243 121.043877 -24.881050 120.051979 -24.745647
-24.173996 121.270576 -25.200268 120.298790 -24.949490
-24.331829 121.468086 -25.489017 120.513283 -25.102940
-24.463467 121.632896 -25.745979 120.693016 -25.212669
-24.565838 121.778969 -25.960739 120.851112 -25.285934
-24.671204 121.920998 -26.143894 121.004921 -25.361408
-24.798676 122.056557 -26.320717 121.155937 -25.463062
-24.872787 122.218422 -26.437885 121.327644 -25.540165
-24.915680 122.379921 -26.524227 121.495949 -25.615730
-24.950859 122.538933 -26.595150 121.655190 -25.732971
-25.030926 122.723885 -26.680447 121.838112 -25.942062
-25.253811 122.876976 -26.897625 122.005058 -26.302956
-25.600258 123.011177 -27.242031 122.162971 -26.804722
-26.193169 123.049904 -27.838245 122.251289 -27.499039
-26.988823 122.988564 -28.670822 122.256401 -28.354820
-27.872852 122.875023 -29.615673 122.202858 -29.280205
-28.697319 122.788933 -30.504955 122.152779 -30.136703
-29.365032 122.764305 -31.234421 122.138206 -30.817818
-29.851635 122.801277 -31.767521 122.166069 -31.295219
-30.152122 122.935921 -32.075523 122.272926 -31.586555
-30.309849 123.171898 -32.190376 122.474174 -31.726707
-30.363537 123.478539 -32.172005 122.753273 -31.734642
-30.347134 123.802467 -32.084377 123.065331 -31.640099
-30.262436 124.127769 -31.941742 123.389488 -31.460209
-30.106823 124.453529 -31.741150 123.719276 -31.199139
-29.887249 124.781471 -31.483307 124.054207 -30.866432
-29.587395 125.117470 -31.154850 124.398323 -30.453476
-29.201637 125.464256 -30.750969 124.755486 -29.954014
-28.729198 125.825508 -30.270103 125.130745 -29.368080
-28.163689 126.200203 -29.710400 125.525047 -28.689312
-27.545914 126.586571 -29.098728 125.938774 -27.960411
-26.868534 126.979820 -28.443859 126.366768 -27.180344
-26.109829 127.382576 -27.730778 126.809425 -26.335732
-25.294388 127.787788 -26.973179 127.260017 -25.446186
-24.455364 128.193542 -26.193626 127.716209 -24.554363
-23.634613 128.584290 -25.436695 128.162445 -23.697117
-22.839935 128.950775 -24.724648 128.587128 -22.882866
-22.104839 129.285339 -24.084919 128.980835 -22.128948
-21.423611 129.589447 -23.513641 129.341125 -21.435966
-20.778030 129.859467 -22.999794 129.663239 -20.775070
-20.174137 130.096832 -22.538063 129.947754 -20.149963
-19.625332 130.303894 -22.130077 130.196777 -19.577488
-19.132870 130.483246 -21.773937 130.413116 -19.065834
-18.695019 130.637054 -21.467487 130.599335 -18.612858
-18.306843 130.767303 -21.205952 130.758179 -18.208633
-17.959366 130.876526 -20.981064 130.892487 -17.840084
-17.646046 130.966827 -20.783234 131.004730 -17.495495
-17.359680 131.040314 -20.602501 131.097321 -17.165268
-17.088291 131.098572 -20.429272 131.172058 -16.839561
-16.822845 131.144440 -20.254887 131.231903 -16.520065
-16.561523 131.176605 -20.077480 131.276825 -16.196114

-36.481651 114.416649 -33.912735 114.620140 -35.119797
-33.095638 115.062813 -31.046349 114.501076 -30.571918
-30.039513 117.505074 -29.396141 116.596077 -27.308224
-26.852268 119.548088 -27.027122 118.674400 -23.952862
-23.768261 121.237221 -24.395226 120.552910 -20.910191
-21.010353 122.607506 -21.862087 122.147499 -18.360542
-18.734623 123.696907 -19.668789 123.448189 -16.384293
-16.979733 124.545952 -17.925816 124.477379 -14.945564
-15.705986 125.197578 -16.646393 125.273918 -13.959713
-14.841351 125.684441 -15.795479 125.873528 -13.322975
-14.301376 126.038063 -15.306335 126.312248 -12.943748
-13.991192 126.282845 -15.093399 126.619423 -12.728264
-13.843361 126.440392 -15.076065 126.820930 -12.615662
-13.785294 126.525703 -15.177715 126.935463 -12.547882
-13.799858 126.549385 -15.358948 126.977638 -12.517616
-13.866360 126.520287 -15.588703 126.958702 -12.515457
-13.962463 126.443077 -15.843082 126.885658 -12.528709
-14.084652 126.322701 -16.106911 126.764717 -12.555115
-14.235306 126.161705 -16.376896 126.599419 -12.598633
-14.408321 125.965141 -16.645630 126.394691 -12.663139
-14.604206 125.734413 -16.913570 126.152657 -12.754181
-14.825459 125.468300 -17.185421 125.873207 -12.872444
-15.078007 125.166222 -17.467724 125.556419 -13.023087
-15.362587 124.832771 -17.759636 125.205849 -13.210922
-15.665401 124.471870 -18.052284 124.824455 -13.421249
-15.981007 124.089119 -18.339451 124.417534 -13.649086
-16.303204 123.689980 -18.615894 123.990700 -13.890312
-16.625565 123.281502 -18.876934 123.551109 -14.141201
-16.944283 122.868935 -19.121563 123.104912 -14.398685
-17.253510 122.458138 -19.347862 122.658638 -14.658092
-17.547142 122.056358 -19.552395 122.219795 -14.913990
-17.819317 121.671425 -19.731289 121.796654 -15.159935
-18.059719 121.314461 -19.876034 121.400047 -15.384758
-18.267784 120.995506 -19.983906 121.040855 -15.589367
-18.454544 120.728264 -20.060814 120.733711 -15.790230
-18.601845 120.524742 -20.097542 120.490501 -15.969486
-18.717716 120.392509 -20.100304 120.320580 -16.130569
-18.794613 120.336784 -20.068672 120.230431 -16.264824
-18.862759 120.348442 -20.029358 120.216133 -16.402042
-18.936710 120.421410 -20.000816 120.272133 -16.561234
-19.004230 120.560265 -19.977859 120.399742 -16.726192
-19.064308 120.739418 -19.974609 120.575783 -16.881535
-19.098309 120.959328 -19.973248 120.798180 -17.007710
-19.095867 121.208595 -19.958416 121.055107 -17.095528
-19.071941 121.480278 -19.934284 121.339409 -17.151196
-19.079018 121.760231 -19.941605 121.639458 -17.242134
-19.105545 122.043480 -19.984303 121.946587 -17.353371
-19.150570 122.318275 -20.068333 122.248451 -17.475384
-19.213890 122.578056 -20.193134 122.537178 -17.602119
-19.289940 122.820961 -20.349770 122.809044 -17.724560
-19.370342 123.043282 -20.528149 123.059303 -17.830879
-19.440113 123.247307 -20.708908 123.289207 -17.909225
-19.506275 123.439537 -20.882591 123.505409 -17.973766
-19.591389 123.624748 -21.058136 123.713356 -18.061722
-19.696251 123.812157 -21.235821 123.920921 -18.187870
-19.810188 124.000862 -21.412132 124.127663 -18.340664
-19.865856 124.179848 -21.553085 124.322746 -18.448158
-19.967590 124.339302 -21.714645 124.501030 -18.611301
-20.241573 124.446907 -22.019032 124.635811 -18.963390
-20.671837 124.515114 -22.482243 124.728432 -19.503216
-21.310001 124.525932 -23.149273 124.762245 -20.272198
-22.186115 124.440178 -24.077133 124.702385 -21.279572
-23.259445 124.292442 -25.210186 124.569572 -22.479725
-24.404114 124.130516 -26.419216 124.401405 -23.728779
-25.620094 123.969337 -27.663162 124.221184 -25.009247
-26.815063 123.806953 -28.878975 124.030861 -26.236774
-27.937286 123.627541 -30.033207 123.821846 -27.354061
-28.923241 123.434578 -31.072891 123.597466 -28.300976
-29.787075 123.249382 -31.972218 123.377312 -29.101707
-30.505360 123.075127 -32.717476 123.167763 -29.739975
-31.077633 122.912193 -33.306480 122.972572 -30.218575
-31.534111 122.753944 -33.762878 122.788307 -30.574493
-31.909130 122.595726 -34.119743 122.611549 -30.853489
-32.222874 122.432762 -34.403965 122.437080 -31.084190
-32.488903 122.261467 -34.635509 122.260246 -31.284027
-32.702579 122.088997 -34.814285 122.084816 -31.450294
-32.875164 121.923668 -34.946957 121.917747 -31.591221
-33.039803 121.758675 -35.065605 121.755730 -31.735821
-33.209675 121.601860 -35.184776 121.605034 -31.902729
-33.364857 121.458885 -35.298840 121.469276 -32.071186
-33.483513 121.331291 -35.393566 121.349052 -32.212738
-33.551582 121.218422 -35.453876 121.243233 -32.308723
-33.558510 121.129692 -35.463821 121.160255 -32.348026
-33.487366 121.070198 -35.405525 121.104637 -32.313145
-33.352947 121.046165 -35.278893 121.083076 -32.218384
-33.157391 121.062889 -35.085804 121.102409 -32.062672
-32.922813 121.120537 -34.845287 121.165367 -31.865585
-32.668114 121.212471 -34.578766 121.266472 -31.648087
-32.409817 121.331612 -34.304848 121.398689 -31.427082
-32.153240 121.472588 -34.031960 121.555107 -31.207138
-31.906666 121.629036 -33.769478 121.728340 -30.994617
-31.685810 121.796700 -33.530300 121.913445 -30.803551
-31.499973 121.972755 -33.323048 122.106514 -30.644402
-31.346195 122.158195 -33.145916 122.306465 -30.515381
-31.217854 122.351906 -32.993423 122.511162 -30.409233
-31.120136 122.560829 -32.862839 122.726418 -30.328899
-31.053295 122.790428 -32.752827 122.958046 -30.271236
-31.034889 123.019524 -32.688503 123.189278 -30.250317
-31.010994 123.277168 -32.614574 123.439705 -30.221634

-48.131462 103.059242 -48.687828 103.664726 -48.602730
-47.651138 104.016441 -47.730068 103.449257 -47.134815
-47.121628 106.377403 -47.996101 105.035057 -46.139366
-46.416111 108.344536 -47.606369 106.719460 -44.944893
-45.552589 110.076347 -46.815113 108.428535 -43.714588
-44.619358 111.635719 -45.841347 110.100090 -42.563515
-43.671959 113.043922 -44.801163 111.685661 -41.504745
-42.815147 114.311134 -43.812401 113.153282 -40.609795
-42.064831 115.434135 -42.912022 114.470909 -39.842495
-41.465534 116.407753 -42.148651 115.618584 -39.226147
-41.082302 117.218483 -41.588329 116.582329 -38.817219
-40.974766 117.838371 -41.299313 117.336357 -38.675819
-41.202896 118.239510 -41.356647 117.859200 -38.864887
-41.757446 118.424629 -41.770878 118.150703 -39.374771
-42.599079 118.399712 -42.515091 118.215263 -40.163658
-43.737442 118.137779 -43.604965 118.034492 -41.261665
-45.117390 117.656334 -44.990578 117.616982 -42.628300
-46.647018 116.977547 -46.585480 116.983482 -44.171848
-48.291298 116.126610 -48.339294 116.157784 -45.871777
-49.997906 115.118401 -50.195389 115.160622 -47.686432
-51.693176 114.005409 -52.066414 114.038673 -49.540054
-53.355316 112.814232 -53.911774 112.828926 -51.406609
-54.958038 111.593773 -55.687569 111.578606 -53.251587
-56.511307 110.385033 -57.391460 110.339073 -55.083984
-57.960472 109.299858 -58.955765 109.195457 -56.818558
-59.277653 108.367805 -60.349968 108.184471 -58.403400
-60.441235 107.627815 -61.554291 107.345406 -59.802902
-61.439278 107.102623 -62.561771 106.704597 -61.000092
-62.270927 106.765556 -63.382465 106.248680 -61.993259
-62.944031 106.580437 -64.031311 105.948936 -62.792130
-63.473583 106.512444 -64.528717 105.775658 -63.416939
-63.878571 106.524956 -64.898872 105.698265 -63.893517
-64.175743 106.585060 -65.162430 105.686378 -64.244164
-64.378548 106.666862 -65.335152 105.713203 -64.486282
-64.499245 106.746483 -65.430153 105.753517 -64.634583
-64.547729 106.809029 -65.457710 105.789345 -64.701065
-64.529709 106.838997 -65.423828 105.801628 -64.692009
-64.454430 106.823418 -65.336426 105.776314 -64.617928
-64.325485 106.762947 -65.197830 105.708519 -64.481888
-64.147369 106.661781 -65.011528 105.599983 -64.289009
-63.920715 106.521126 -64.778496 105.449272 -64.039909
-63.643700 106.344887 -64.495544 105.256615 -63.731270
-63.322987 106.125557 -64.169807 105.020531 -63.371140
-62.966118 105.871559 -63.807735 104.748878 -62.968983
-62.583130 105.597572 -63.418716 104.455666 -62.537975
-62.186237 105.304512 -63.016254 104.145302 -62.092518
-61.786068 105.001884 -62.610764 103.825142 -61.645035
-61.388535 104.701424 -62.208351 103.503349 -61.201752
-60.999218 104.408623 -61.815231 103.185875 -60.768517
-60.627167 104.124855 -61.440956 102.877098 -60.356102
-60.284027 103.858177 -61.096817 102.587074 -59.979107
-59.969864 103.619926 -60.782257 102.323326 -59.635948
-59.657051 103.417671 -60.469101 102.082466 -59.287880
-59.308502 103.244957 -60.119114 101.853096 -58.885693
-58.879311 103.057915 -59.688789 101.591698 -58.371674
-58.338577 102.852745 -59.146858 101.293648 -57.716858
-57.688625 102.594826 -58.501915 100.943871 -56.939819
-56.931648 102.252403 -57.761528 100.515785 -56.055702
-56.110992 101.744164 -56.977333 99.951973 -55.128548
-55.226864 101.068123 -56.154812 99.238594 -54.161072
-54.322182 100.189583 -55.341064 98.364311 -53.210297
-53.428665 99.147881 -54.564354 97.355904 -52.317543
-52.600441 97.953529 -53.864117 96.219429 -51.539150
-51.923218 96.569221 -53.315536 94.940178 -50.960899
-51.411240 95.080299 -52.919327 93.571007 -50.583961
-51.098721 93.498711 -52.696289 92.114799 -50.432899
-50.955101 91.927422 -52.606030 90.632362 -50.453529
-50.962440 90.424217 -52.627800 89.185097 -50.614975
-51.084373 89.045311 -52.730286 87.822853 -50.867043
-51.305717 87.812157 -52.904724 86.587990 -51.190796
-51.600044 86.740303 -53.132324 85.505028 -51.558670
-51.942532 85.828926 -53.397278 84.583382 -51.948479
-52.303352 85.068703 -53.677444 83.815697 -52.332390
-52.658104 84.435646 -53.954224 83.179161 -52.689064
-52.994354 83.911659 -54.219475 82.658638 -53.012436
-53.290825 83.471214 -54.453232 82.225914 -53.281193
-53.545837 83.089333 -54.652714 81.858818 -53.498222
-53.757889 82.739693 -54.816517 81.531807 -53.665367
-53.927422 82.418266 -54.944382 81.237694 -53.785831
-54.046852 82.129768 -55.026276 80.968544 -53.851944
-54.111992 81.855049 -55.056923 80.702507 -53.858505
-54.132217 81.585472 -55.042328 80.434349 -53.816650
-54.114517 81.289253 -54.989601 80.137123 -53.731735
-54.070934 80.962105 -54.907837 79.808571 -53.616428
-54.018532 80.597771 -54.812725 79.444954 -53.490685
-53.968121 80.192802 -54.716778 79.043755 -53.366451
-53.931549 79.759300 -54.631908 78.617088 -53.258686
-53.908028 79.322868 -54.558472 78.185371 -53.165825
-53.900185 78.912819 -54.499069 77.775902 -53.092300
-53.902214 78.547966 -54.450008 77.406013 -53.031685
-53.915550 78.234138 -54.414654 77.086388 -52.987175
-53.936951 77.975609 -54.391357 76.821068 -52.955193
-53.964870 77.770638 -54.379242 76.609108 -52.933605
-53.997955 77.615746 -54.377102 76.447060 -52.920319
-54.034821 77.506187 -54.383408 76.329903 -52.913277
-54.074158 77.436073 -54.396515 76.251640 -52.910660
-54.114502 77.399742 -54.414711 76.206490 -52.910812
-54.154778 77.391304 -54.436516 76.188622 -52.912498
-54.194016 77.405312 -54.460526 76.192818 -52.914715

-46.173862 85.318199 -47.366638 86.972099 -47.370956
-47.200233 85.781960 -48.627934 85.751320 -47.686348
-48.528168 86.699806 -50.842827 85.819679 -48.522053
-49.586872 86.889717 -52.164078 85.624748 -49.056774
-50.329021 86.720497 -52.877861 85.308876 -49.356339
-50.816143 86.340355 -53.212181 84.902962 -49.503616
-51.102348 85.887276 -53.294273 84.477287 -49.535606
-51.234970 85.436821 -53.207554 84.067558 -49.480083
-51.256485 85.022011 -53.013191 83.689140 -49.363770
-51.200916 84.656532 -52.755470 83.349205 -49.208633
-51.095650 84.343010 -52.467239 83.050026 -49.032940
-50.962662 84.078423 -52.172989 82.791267 -48.851715
-50.819374 83.857216 -51.890915 82.571556 -48.677124
-50.679169 83.673180 -51.633835 82.388298 -48.518356
-50.551838 83.520485 -51.410210 82.238304 -48.381901
-50.443993 83.393776 -51.224686 82.118065 -48.271584
-50.359344 83.288734 -51.078773 82.023857 -48.188927
-50.299152 83.201714 -50.971397 81.951790 -48.133354
-50.262871 83.129539 -50.899738 81.897789 -48.103001
-50.248650 83.069466 -50.859623 81.857948 -48.094933
-50.253639 83.019279 -50.846252 81.828682 -48.105606
-50.274536 82.977089 -50.854515 81.806953 -48.131271
-50.307716 82.941628 -50.879204 81.790306 -48.167908
-50.349754 82.911415 -50.915688 81.776695 -48.212132
-50.397552 82.885353 -50.959862 81.764473 -48.260841
-50.448299 82.862450 -51.008186 81.752495 -48.311409
-50.499641 82.842140 -51.057732 81.740089 -48.361656
-50.549660 82.823875 -51.106232 81.727043 -48.409821
-50.596985 82.807121 -51.152016 81.713127 -48.454811
-50.640625 82.791679 -51.194008 81.698448 -48.495842
-50.680099 82.776939 -51.231659 81.682915 -48.532677
-50.712963 82.765617 -51.262939 81.668068 -48.563225
-50.743820 82.755745 -51.293030 81.654854 -48.595726
-50.769119 82.755196 -51.319263 81.648201 -48.627762
-50.793167 82.777718 -51.345230 81.660774 -48.668098
-50.816856 82.833321 -51.371925 81.703087 -48.718330
-50.847599 82.925880 -51.406250 81.780937 -48.788147
-50.880932 83.067207 -51.445847 81.902367 -48.871857
-50.923607 83.252037 -51.496616 82.065742 -48.977364
-50.985695 83.473671 -51.566551 82.267052 -49.113449
-51.077835 83.706474 -51.667023 82.484550 -49.288490
-51.212860 83.941765 -51.809238 82.707924 -49.515160
-51.390079 84.155708 -51.993660 82.908760 -49.788620
-51.603729 84.353081 -52.213440 83.081871 -50.100845
-51.844200 84.544991 -52.459232 83.237389 -50.437683
-52.106750 84.725914 -52.725925 83.375282 -50.791908
-52.386131 84.891243 -53.008339 83.495033 -51.156898
-52.665573 85.043770 -53.289665 83.599571 -51.509899
-52.941864 85.182259 -53.567863 83.694191 -51.849148
-53.207932 85.292793 -53.837112 83.768501 -52.167732
-53.453342 85.375847 -54.087154 83.821266 -52.455082
-53.671860 85.433891 -54.311852 83.858589 -52.707283
-53.853012 85.487343 -54.500889 83.900887 -52.916924
-54.011360 85.542809 -54.670078 83.974815 -53.106743
-54.160103 85.646812 -54.833588 84.121986 -53.298317
-54.290070 85.876671 -54.977638 84.403786 -53.476982
-54.379230 86.315804 -55.076351 84.879128 -53.614361
-54.426262 86.966164 -55.126747 85.543190 -53.710251
-54.454140 87.874413 -55.146072 86.442894 -53.790455
-54.485107 88.955650 -55.159668 87.522743 -53.870010
-54.536308 90.127113 -55.184952 88.692986 -53.958515
-54.649834 91.376503 -55.263252 89.932091 -54.105282
-54.890873 92.628090 -55.463921 91.198280 -54.383316
-55.314415 93.659981 -55.853634 92.303673 -54.843239
-55.914444 94.454506 -56.433022 93.195534 -55.477165
-56.643566 95.164299 -57.152069 93.975960 -56.247368
-57.515526 95.781029 -58.026646 94.670052 -57.185829
-58.476246 96.392967 -58.999855 95.339745 -58.232178
-59.456932 96.964317 -60.000328 95.947884 -59.296940
-60.385941 97.528877 -60.948990 96.511177 -60.293510
-61.211384 98.086891 -61.789803 97.033363 -61.162933
-61.913799 98.633858 -62.500931 97.521721 -61.888863
-62.497070 99.164558 -63.086433 97.986061 -62.483238
-62.973789 99.664207 -63.561111 98.424690 -62.964970
-63.357628 100.122414 -63.940945 98.833488 -63.351578
-63.658035 100.544594 -64.236389 99.216316 -63.653778
-63.891010 100.930779 -64.463715 99.577110 -63.889744
-64.069153 101.291023 -64.636848 99.927132 -64.073090
-64.210548 101.633980 -64.773758 100.278267 -64.224419
-64.331200 101.959602 -64.890709 100.630775 -64.359985
-64.445267 102.259117 -65.004051 100.977379 -64.494331
-64.557991 102.532173 -65.119339 101.309654 -64.631012
-64.673111 102.782570 -65.240982 101.625572 -64.772980
-64.792931 103.016701 -65.370796 101.927650 -64.921822
-64.914650 103.242104 -65.505226 102.218376 -65.072884
-65.040573 103.450066 -65.645966 102.490608 -65.228287
-65.167351 103.635811 -65.789757 102.736015 -65.383385
-65.290260 103.804665 -65.931442 102.956337 -65.533096
-65.403854 103.959526 -66.064514 103.152748 -65.671013
-65.504044 104.102242 -66.184090 103.327141 -65.792450
-65.589584 104.230156 -66.288376 103.479546 -65.896294
-65.662048 104.340004 -66.378471 103.610130 -65.984833
-65.722420 104.429909 -66.454826 103.717873 -66.059120
-65.770302 104.501595 -66.516167 103.802727 -66.118103
-65.803024 104.553368 -66.559937 103.861473 -66.157890
-65.818031 104.581261 -66.583588 103.889610 -66.174950
-65.815742 104.571495 -66.587227 103.875664 -66.169060
-65.795502 104.529594 -66.570526 103.824165 -66.140060
-65.752930 104.468773 -66.529350 103.745644 -66.083626

-47.760597 109.590279 -46.927467 110.492073 -47.256287
-49.154968 108.624825 -48.509941 108.609932 -48.255638
-51.341660 109.296089 -51.844803 108.819923 -50.438744
-53.335724 109.521980 -54.252922 108.877266 -52.178017
-54.917709 109.545479 -55.914631 108.802162 -53.471909
-56.022156 109.515862 -56.970234 108.661583 -54.312447
-56.647835 109.487587 -57.508652 108.497276 -54.703545
-56.853539 109.447914 -57.629677 108.320335 -54.705032
-56.716698 109.360680 -57.428616 108.117119 -54.399246
-56.298485 109.208427 -56.973557 107.876244 -53.846889
-55.626095 108.995918 -56.291683 107.590294 -53.067169
-54.746529 108.724861 -55.426430 107.264458 -52.109367
-53.719841 108.376747 -54.434551 106.885033 -51.037247
-52.586136 107.968880 -53.350060 106.458305 -49.888618
-51.386864 107.513908 -52.206680 105.991356 -48.702782
-50.185040 106.999977 -51.063335 105.479652 -47.549507
-49.046921 106.417656 -49.983124 104.919960 -46.499634
-48.005749 105.779274 -48.994770 104.316444 -45.578743
-47.087437 105.090645 -48.124039 103.675240 -44.807690
-46.314991 104.375099 -47.389999 103.017479 -44.206272
-45.696739 103.642387 -46.799240 102.350655 -43.772053
-45.241974 102.893562 -46.361507 101.676933 -43.508522
-44.945789 102.150551 -46.070297 101.010658 -43.404125
-44.791447 101.415428 -45.911766 100.349297 -43.433434
-44.768024 100.701073 -45.875343 99.700310 -43.584118
-44.848473 100.029350 -45.934807 99.077171 -43.823280
-45.017094 99.400490 -46.077309 98.483406 -44.134083
-45.252861 98.821495 -46.284592 97.925240 -44.493896
-45.529575 98.300041 -46.532681 97.408867 -44.874325
-45.829468 97.830376 -46.805672 96.933342 -45.258110
-46.136490 97.411995 -47.088753 96.500313 -45.631104
-46.437584 97.038353 -47.369820 96.106499 -45.982887
-46.724800 96.700401 -47.641968 95.745766 -46.309662
-46.983719 96.395393 -47.891434 95.414558 -46.598351
-47.200119 96.131706 -48.103233 95.119133 -46.836388
-47.353046 95.916557 -48.255997 94.864128 -47.000496
-47.420612 95.749992 -48.328110 94.650047 -47.065979
-47.395153 95.629784 -48.309898 94.478386 -47.026764
-47.283302 95.556572 -48.204838 94.354683 -46.893738
-47.089233 95.522743 -48.017937 94.275932 -46.672863
-46.812721 95.532524 -47.748978 94.247322 -46.362991
-46.455143 95.595070 -47.397285 94.277077 -45.964294
-46.022568 95.708382 -46.966682 94.365562 -45.480873
-45.540512 95.894615 -46.477676 94.534554 -44.947010
-45.011665 96.119637 -45.940872 94.757164 -44.359737
-44.462440 96.370338 -45.379883 95.024483 -43.749359
-43.919140 96.633293 -44.820301 95.322685 -43.144753
-43.402294 96.909050 -44.281715 95.645897 -42.569744
-42.926983 97.191643 -43.781231 95.985588 -42.041260
-42.506199 97.471809 -43.333744 96.331261 -41.572475
-42.144722 97.750664 -42.944569 96.678337 -41.167450
-41.862038 97.998497 -42.637783 97.004570 -40.848629
-41.680828 98.189445 -42.442871 97.289391 -40.646011
-41.642403 98.312737 -42.406223 97.528084 -40.614059
-41.819050 98.316566 -42.599030 97.676460 -40.840088
-42.250484 98.274529 -43.049801 97.783836 -41.368565
-43.004551 98.138298 -43.819923 97.815987 -42.255699
-44.125957 97.882271 -44.957321 97.750237 -43.549545
-45.550392 97.425560 -46.413437 97.481956 -45.156746
-47.250240 96.700493 -48.164169 96.947090 -47.042244
-49.263214 95.592674 -50.233177 96.053749 -49.244923
-51.444275 94.273903 -52.455391 94.879158 -51.581364
-53.579945 92.964058 -54.603809 93.573174 -53.795219
-55.643753 91.687416 -56.633171 92.166649 -55.879379
-57.571735 90.478294 -58.484589 90.689171 -57.769665
-59.322586 89.328590 -60.121567 89.158089 -59.429256
-60.825104 88.309013 -61.490143 87.668602 -60.786423
-62.065323 87.473061 -62.591389 86.333458 -61.844658
-63.062695 86.708504 -63.461365 85.116966 -62.634979
-63.868828 85.994865 -64.156647 84.039619 -63.233948
-64.528473 85.296379 -64.724274 83.090202 -63.701607
-65.083984 84.634041 -65.203377 82.287437 -64.092789
-65.565315 84.018929 -65.620842 81.625832 -64.439720
-65.995842 83.438744 -65.998489 81.077629 -64.765427
-66.395172 82.874535 -66.354652 80.613319 -65.088280
-66.778625 82.330544 -66.702881 80.221123 -65.423248
-67.157440 81.791969 -67.054390 79.874779 -65.780144
-67.529999 81.293068 -67.404343 79.583641 -66.149483
-67.893646 80.837868 -67.750572 79.350380 -66.522881
-68.239731 80.394447 -68.081261 79.125328 -66.884621
-68.567703 80.006950 -68.395691 78.941048 -67.233589
-68.878014 79.645470 -68.692894 78.774559 -67.566582
-69.167480 79.294365 -68.969719 78.607857 -67.877373
-69.433617 78.953957 -69.222275 78.431664 -68.162628
-69.677917 78.656792 -69.451080 78.273628 -68.424377
-69.899284 78.431648 -69.654411 78.158409 -68.660057
-70.099098 78.259682 -69.834427 78.074883 -68.870972
-70.277260 78.122383 -69.991570 78.005165 -69.055901
-70.433434 78.031349 -70.125237 77.956078 -69.214127
-70.567459 78.002129 -70.235954 77.942833 -69.345871