-39.280800 106.784309 225.111053 101.237831 226.215271
-39.677219 105.240059 225.144989 101.514030 225.887421
-39.529442 105.472450 224.802887 102.135551 225.394348
-39.708447 106.798378 226.888702 104.543144 227.023468
-39.117321 108.330681 228.543152 106.140419 228.351318
-38.780312 110.197380 229.145142 107.034660 228.896027
-37.977081 112.752800 229.075043 108.439369 228.876801
-36.792660 114.707619 226.975983 115.073189 227.236755
-35.631161 117.678703 45.440239 -30.926098 48.627373
-34.570435 119.486900 43.544159 -29.069122 46.220612
-33.861362 122.097389 43.950523 -24.983376 47.381126
-32.590191 124.362465 44.420456 -21.627819 47.347656
-31.274918 126.439049 44.723091 -18.995197 47.783943
-29.866371 128.167847 44.912842 -16.644608 48.344124
-28.653118 129.868225 44.685341 -14.670101 48.303871
-27.315948 131.515045 44.452118 -12.671867 48.333092
-26.037270 132.857056 44.269455 -11.013100 48.470711
-25.088634 133.719513 44.198090 -9.959656 48.597755
-24.478714 134.219696 44.302414 -9.324371 48.755699
-24.223541 134.428406 44.508095 -8.970146 48.884911
-24.256512 134.454437 44.730553 -8.929375 48.953728
-24.477760 134.368683 44.926125 -9.248932 48.955910
-24.801762 134.179169 45.085854 -9.925583 48.889954
-25.125385 133.892334 45.247986 -10.868263 48.824409
-25.405220 133.495850 45.451195 -11.961601 48.815636
-25.619492 133.013855 45.702843 -13.135548 48.867348
-25.780781 132.487823 46.030907 -14.344326 49.008110
-25.915218 131.995911 46.437790 -15.577209 49.227745
-26.061787 131.575165 46.899849 -16.787579 49.477638
-26.239292 131.202240 47.404091 -17.968117 49.741501
-26.478195 130.793030 47.924568 -19.153164 49.990776
-26.761021 130.302155 48.427895 -20.342522 50.202827
-27.036819 129.784943 48.887115 -21.479252 50.368668
-27.288445 129.267456 49.298630 -22.570438 50.479347
-27.500263 128.733337 49.675591 -23.566811 50.570671
-27.692352 128.190521 50.015366 -24.474106 50.636719
-27.860329 127.637901 50.319786 -25.274067 50.693672
-27.980648 127.107735 50.581619 -25.929676 50.753677
-28.048782 126.643990 50.793900 -26.413017 50.810448
-28.062962 126.280556 50.944725 -26.709770 50.857307
-28.016636 125.995201 50.990944 -26.783279 50.884430
-27.938030 125.659828 50.829880 -26.603550 50.857368
-27.875343 125.135765 50.372612 -26.066715 50.784409
-27.976738 124.239464 49.650246 -25.296543 50.733025
-28.210255 122.983574 48.913506 -24.422653 50.914146
-28.509113 121.436256 48.453888 -23.511089 51.513176
-28.967449 119.902718 48.297295 -22.727169 52.365898
-29.639099 118.414986 48.221428 -22.093323 53.054604
-30.379585 116.919853 48.026573 -21.677475 53.397224
-30.797192 115.259010 47.631271 -20.737797 53.599953
-30.800449 113.335518 47.015335 -19.650455 53.992287
-31.135475 111.723534 46.142845 -19.187771 54.149773
-32.226376 110.121056 45.633537 -19.177170 54.335152
-33.578991 108.274818 46.251663 -18.867195 55.344582
-34.009960 106.852760 46.462608 -18.225220 56.228279
-33.994186 105.818428 45.932396 -17.546139 56.474861
-34.052132 104.916893 45.488655 -16.858826 56.570290
-34.265579 104.220314 45.242264 -16.315166 56.674339
-34.528164 103.833229 45.113724 -16.009892 56.772804
-34.747356 103.747581 45.079613 -15.870033 56.862480
-34.893822 103.874718 45.103447 -15.799664 56.928337
-34.955776 104.121056 45.150398 -15.639576 56.987297
-34.947620 104.414238 45.171730 -15.254116 57.042595
-34.898914 104.671913 45.113213 -14.522644 57.101723
-34.823353 104.880470 44.930595 -13.296951 57.152077
-34.752033 105.063194 44.589149 -11.692276 57.120811
-34.656727 105.237938 44.126709 -9.867798 57.001060
-34.488815 105.477623 43.589935 -7.953934 56.774574
-34.220791 105.779945 43.036255 -6.041893 56.481636
-33.864201 106.166039 42.524506 -4.158844 56.153099
-33.467632 106.600517 42.087883 -2.386833 55.809334
-33.089634 107.038216 41.741623 -0.817520 55.463722
-32.752159 107.479805 41.491089 0.499077 55.137245
-32.449326 107.931862 41.330048 1.667656 54.875237
-32.200134 108.348122 41.214470 2.706367 54.662758
-32.000988 108.669853 41.126671 3.641075 54.512367
-31.861588 108.899590 41.048752 4.589890 54.412437
-31.782154 109.039619 40.949303 5.561455 54.344017
-31.763359 109.106636 40.814018 6.425301 54.282310
-31.785534 109.102745 40.665009 7.051804 54.237679
-31.843872 109.034248 40.527702 7.401039 54.216270
-31.928925 108.910683 40.421883 7.543991 54.227760
-32.034412 108.747490 40.342705 7.560097 54.260841
-32.153233 108.560005 40.281174 7.510536 54.302864
-32.278442 108.360695 40.231445 7.439247 54.347252
-32.403759 108.159904 40.188896 7.372101 54.389717
-32.523495 107.965599 40.150734 7.321388 54.428520
-32.633587 107.783882 40.115654 7.292709 54.463509
-0.000000 0.000000 0.000000 0.000000 0.000000
-0.000000 0.000000 0.000000 0.000000 0.000000
-0.000000 0.000000 0.000000 0.000000 0.000000
-0.000000 0.000000 0.000000 0.000000 0.000000
-0.000000 0.000000 0.000000 0.000000 0.000000
-0.000000 0.000000 0.000000 0.000000 0.000000
-0.000000 0.000000 0.000000 0.000000 0.000000
-0.000000 0.000000 0.000000 0.000000 0.000000
-0.000000 0.000000 0.000000 0.000000 0.000000
-0.000000 0.000000 0.000000 0.000000 0.000000
-0.000000 0.000000 0.000000 0.000000 0.000000
