-37.663548 107.106346 218.149628 113.182732 218.685333
-38.396442 105.963448 221.097137 116.446480 221.769257
-42.798096 109.091728 224.135681 123.942924 223.750580
-45.120842 111.306190 225.735443 125.975639 224.968048
-46.303345 112.151939 226.453186 125.070747 225.555054
-46.761871 112.299034 226.660004 123.027946 225.687469
-46.813507 112.517311 226.478088 120.766350 225.414520
-46.682274 113.082542 225.942291 118.926857 224.752167
-46.567635 113.582848 225.048157 117.693947 223.720337
-46.589066 113.474403 223.831848 116.970451 222.416138
-46.802147 112.569099 222.390015 116.527184 221.001831
-47.188953 111.152199 220.849701 116.175468 219.635498
-47.710945 109.661629 219.372131 115.925941 218.478180
-48.386909 108.539619 217.994049 115.570976 217.538025
-49.261238 107.989723 216.704407 115.048698 216.764038
-50.341805 108.046928 215.519012 114.409859 216.127594
-51.642170 108.632637 214.404053 113.647041 215.534912
-53.176216 109.629585 213.265564 112.640297 214.851898
-54.855652 110.770592 212.162720 111.565773 214.092133
-56.624458 111.880516 211.038147 110.413780 213.145020
-58.381393 112.738579 209.943420 109.406639 212.000946
-60.015636 113.208504 208.976562 108.776558 210.695587
-61.437176 113.218010 208.196381 108.606133 209.251495
-62.587036 112.822090 207.648224 108.911354 207.746552
-63.443924 112.174828 207.316528 109.515617 206.280426
-64.014717 111.516808 207.130890 110.114708 204.934784
-64.322365 111.038795 207.031403 110.476463 203.800568
-64.400940 110.867867 207.001129 110.495354 202.942108
-64.293716 110.957375 207.058685 110.173515 202.404572
-64.057266 111.184303 207.228027 109.648323 202.183197
-63.755455 111.404121 207.507996 109.085152 202.226624
-63.446499 111.509850 207.852264 108.552635 202.444153
-63.168018 111.447807 208.213959 108.068962 202.758087
-62.938293 111.222191 208.549591 107.609734 203.097321
-62.760468 110.859947 208.821198 107.110176 203.404785
-62.622021 110.383736 209.044434 106.570518 203.687256
-62.514671 109.818275 209.209564 105.940346 203.923798
-62.425629 109.179100 209.331024 105.225426 204.116699
-62.345299 108.478645 209.416748 104.429787 204.269165
-62.264492 107.715172 209.493896 103.586449 204.409119
-62.179585 106.900169 209.567200 102.681221 204.538452
-62.087509 106.044228 209.645508 101.741676 204.657990
-61.983936 105.153114 209.737488 100.757881 204.783661
-61.871197 104.233894 209.843903 99.739555 204.915466
-61.746555 103.285927 209.987885 98.733086 205.076935
-61.611660 102.316582 210.169708 97.738396 205.268402
-61.470409 101.357079 210.394257 96.793083 205.488373
-61.330185 100.432060 210.646088 95.898003 205.721527
-61.196114 99.566734 210.915710 95.061317 205.952606
-61.071518 98.768669 211.194519 94.288918 206.178986
-60.959633 98.040642 211.476929 93.584541 206.402252
-60.856529 97.380180 211.772156 92.973473 206.630920
-60.759731 96.817818 212.077606 92.544930 206.827301
-60.664589 96.437599 212.426971 92.566536 206.991821
-60.558586 96.235039 212.818298 93.032249 207.200104
-60.421825 96.070915 213.293549 93.891167 207.571442
-60.243065 95.854317 213.860626 94.918419 208.170471
-60.001640 95.504829 214.512756 95.741386 209.048462
-59.708374 94.866005 215.198944 96.207100 210.155273
-59.362923 93.908974 215.919250 96.187111 211.467316
-58.943855 92.741005 216.661438 95.445625 212.926483
-58.489910 91.358498 217.346527 93.925346 214.355469
-58.060860 89.949547 217.871979 91.733360 215.527100
-57.633377 88.596764 218.276978 89.148643 216.475922
-57.188107 87.327492 218.583832 86.344337 217.227997
-56.708805 86.152168 218.831635 83.538368 217.825623
-56.218487 85.084175 219.001617 80.868004 218.215240
-55.717430 84.104713 219.089569 78.365273 218.389923
-55.196793 83.111275 219.127106 76.187675 218.416138
-54.651058 82.134361 219.154633 74.475441 218.358582
-54.088326 81.230034 219.195801 73.280693 218.267303
-53.509979 80.430687 219.278137 72.601891 218.195374
-52.920517 79.750847 219.415619 72.389793 218.176849
-52.321617 79.201500 219.615173 72.590080 218.236664
-51.710228 78.784935 219.876465 73.129982 218.391418
-51.086929 78.503822 220.192444 73.960243 218.642487
-50.471207 78.388618 220.532684 75.018562 218.959320
-49.857765 78.426399 220.883575 76.217705 219.337158
-49.269188 78.589378 221.210541 77.434319 219.738068
-48.726868 78.879997 221.479889 78.536018 220.112579
-48.250713 79.250694 221.680725 79.493202 220.443207
-47.864410 79.638329 221.803253 80.259605 220.718933
-47.566154 80.002083 221.840118 80.716927 220.929596
-47.338326 80.267876 221.808228 80.907112 221.087128
-47.170506 80.421425 221.705170 80.764717 221.185272
-47.066555 80.445656 221.534119 80.333183 221.216339
-47.000866 80.348778 221.313843 79.675896 221.195923
-46.957169 80.151176 221.065125 78.929359 221.141998
-46.930801 79.924187 220.802643 78.199974 221.068207
-46.923248 79.732933 220.534363 77.553246 220.984924
-46.929665 79.609322 220.268829 77.030235 220.905365
-46.943367 79.578804 220.010529 76.632362 220.839874
-46.960766 79.653328 219.759583 76.340782 220.792267
-46.980541 79.830986 219.515503 76.137077 220.763428
-47.002487 80.102943 219.277893 76.005043 220.752563
-47.027039 80.455116 219.046783 75.930824 220.757843
-47.055157 80.870262 218.822906 75.903450 220.777069
-47.088017 81.329750 218.607422 75.914085 220.807861
-47.126953 81.814857 218.401825 75.954918 220.848022
