-59.531235 106.072838 211.892303 104.645393 209.574097
-59.517601 106.579567 211.692291 103.808159 209.653046
-59.094612 106.848518 211.863983 103.379311 209.856995
-58.718025 106.618675 213.417847 103.973518 211.453186
-57.640667 106.253334 214.458862 104.077934 212.451691
-56.452564 106.075859 215.141510 103.932243 213.065399
-55.364311 105.984261 215.680817 103.714699 213.567566
-54.398331 105.960091 216.136871 103.519325 214.049805
-53.593155 105.894615 216.668121 103.321571 214.669464
-52.842255 105.705574 217.297394 103.068642 215.439728
-52.117214 105.449730 218.009369 102.764595 216.316010
-51.388161 105.116203 218.807922 102.439308 217.271179
-50.605450 104.719429 219.626648 102.043114 218.227539
-49.798904 104.332176 220.469849 101.660759 219.165436
-48.983292 104.007378 221.277832 101.372185 220.012329
-48.170143 103.717064 222.032043 101.124916 220.755493
-47.364525 103.473869 222.738373 100.917580 221.408661
-46.577602 103.244514 223.417328 100.693840 222.009338
-45.833508 103.012917 224.057037 100.399239 222.554718
-45.174393 102.816826 224.640442 100.121651 223.038239
-44.632725 102.669228 225.167419 99.912178 223.474701
-44.209141 102.532906 225.625671 99.700203 223.861206
-43.896294 102.451073 226.020233 99.560387 224.206848
-43.681442 102.372169 226.358917 99.424614 224.521423
-43.530537 102.238487 226.620789 99.230644 224.775391
-43.436462 102.124550 226.792694 99.110741 224.937988
-43.380642 102.033257 226.886810 99.063744 225.017181
-43.354092 101.979179 226.928497 99.084633 225.037628
-43.352627 101.952217 226.945831 99.145561 225.029968
-43.364365 101.934242 226.950531 99.216789 225.005280
-43.384029 101.917641 226.956238 99.257805 224.979675
-43.394459 101.886971 226.964966 99.261833 224.956329
-43.394138 101.825157 226.978394 99.207527 224.938202
-43.367641 101.726509 226.992157 99.098152 224.922546
-43.309196 101.575310 226.998993 98.912971 224.903900
-43.196877 101.362465 226.984650 98.662865 224.867340
-43.030846 101.081993 226.941711 98.379356 224.807037
-42.816700 100.734734 226.873962 98.048286 224.730743
-42.571262 100.337456 226.789398 97.684425 224.644989
-42.301453 99.913689 226.701569 97.305016 224.559814
-42.039772 99.464897 226.612732 96.904594 224.472015
-41.823734 99.034019 226.544037 96.505806 224.400513
-41.636353 98.616570 226.493286 96.125435 224.336182
-41.495632 98.202217 226.471527 95.727852 224.297455
-41.428139 97.810356 226.479919 95.291695 224.280060
-41.414104 97.414421 226.483948 94.818718 224.244415
-41.492180 97.062675 226.469879 94.377876 224.174103
-41.663002 96.760017 226.430328 93.993248 224.063385
-41.926239 96.503105 226.361328 93.662636 223.910767
-42.274242 96.287361 226.257935 93.397972 223.712036
-42.692204 96.110893 226.114746 93.209587 223.463898
-43.181423 95.912743 225.923370 93.029305 223.151947
-43.765976 95.673073 225.637268 92.828804 222.706451
-44.588936 95.357918 225.173187 92.543755 222.021027
-45.776176 94.849739 224.441376 92.064857 221.023743
-47.314110 94.076714 223.256592 91.434288 219.597961
-49.179096 93.138817 221.368317 90.715187 217.605011
-51.244934 91.895668 218.518005 89.240715 215.018311
-53.491821 90.299721 215.443756 87.119453 212.607300
-55.988045 88.821159 212.860046 85.511726 210.741791
-58.695477 87.357567 211.050110 84.478874 209.462524
-61.407623 86.197762 209.373840 83.739250 208.194153
-64.117882 85.090263 207.176819 82.568932 206.538116
-66.928658 83.714973 204.763214 81.042931 204.791107
-69.473244 82.121956 202.217438 79.318642 203.063080
-71.671387 80.672585 200.189667 78.000389 201.792480
-73.232407 79.654518 198.593353 77.126778 200.918549
-74.214989 78.933083 197.294586 76.410042 200.283508
-74.819153 78.549812 196.332703 75.955635 199.802582
-75.180664 78.357079 195.694672 75.634895 199.451172
-75.386017 78.283958 195.385376 75.456978 199.225037
-75.483604 78.276375 195.367737 75.433372 199.115753
-75.494125 78.309425 195.551819 75.530144 199.101898
-75.423492 78.337273 195.854858 75.628349 199.184875
-75.271980 78.358452 196.209229 75.677910 199.354492
-75.040260 78.407677 196.634369 75.721382 199.606262
-74.730827 78.470406 197.127716 75.779198 199.919067
-74.356728 78.474480 197.677551 75.771584 200.263000
-73.938286 78.468651 198.216370 75.802025 200.547943
-73.491226 78.512398 198.761444 75.928276 200.801178
-73.034454 78.555092 199.303223 76.056999 201.049561
-72.568504 78.640236 199.794922 76.230827 201.279480
-72.110085 78.713951 200.184631 76.347786 201.468719
-71.671089 78.746590 200.513458 76.373405 201.649414
-71.251343 78.767876 200.806000 76.349953 201.836731
-70.852791 78.840309 201.020172 76.344566 201.990082
-70.488007 78.947624 201.154297 76.322487 202.098816
-70.156342 79.103737 201.213562 76.312080 202.155273
-69.859917 79.281731 201.223969 76.291664 202.183960
-69.594955 79.467720 201.208344 76.263985 202.202881
-0.000000 0.000000 0.000000 0.000000 0.000000
-0.000000 0.000000 0.000000 0.000000 0.000000
-0.000000 0.000000 0.000000 0.000000 0.000000
-0.000000 0.000000 0.000000 0.000000 0.000000
-0.000000 0.000000 0.000000 0.000000 0.000000
-0.000000 0.000000 0.000000 0.000000 0.000000
-0.000000 0.000000 0.000000 0.000000 0.000000
-0.000000 0.000000 0.000000 0.000000 0.000000
-0.000000 0.000000 0.000000 0.000000 0.000000
