-52.954285 114.996925 179.929474 80.144264 173.739502
-51.037437 112.096397 194.783051 96.061699 190.163513
-51.090675 110.601051 209.901001 106.833900 203.910736
-51.513130 108.307091 219.301117 114.092735 214.069672
-52.188553 105.972557 224.152283 117.677177 220.278870
-52.829540 104.001640 226.348419 117.666695 223.560242
-53.299377 102.870949 227.234222 115.149330 225.062408
-53.612820 103.098518 227.471741 111.814919 225.552551
-53.909023 104.611061 227.337097 109.036278 225.428314
-54.251671 106.555931 226.968903 107.204430 224.924835
-54.600246 108.001793 226.460999 105.979073 224.210938
-54.856636 108.521065 225.902252 104.984612 223.441833
-54.934784 108.269005 225.366211 104.026756 222.734802
-54.775040 107.565010 224.925262 103.193886 222.187469
-54.365990 106.717995 224.622498 102.559624 221.845551
-53.715828 105.910225 224.473419 102.152901 221.713928
-52.876884 105.231346 224.448242 101.870232 221.743561
-51.905964 104.700203 224.504089 101.618431 221.871613
-50.844910 104.287346 224.605530 101.323677 222.051178
-49.726048 103.946770 224.730164 100.956123 222.254059
-48.574730 103.647667 224.860474 100.484673 222.459198
-47.423706 103.386086 224.984863 99.937187 222.649353
-46.284008 103.149834 225.097595 99.299583 222.819580
-45.172432 102.936562 225.195099 98.605827 222.966095
-44.118237 102.746895 225.271332 97.886375 223.084198
-43.134968 102.566505 225.324158 97.156868 223.177521
-42.236294 102.369972 225.351685 96.420494 223.250183
-41.433502 102.136650 225.352539 95.678291 223.305756
-40.741703 101.855186 225.324615 94.934883 223.345428
-40.167725 101.514580 225.267761 94.201637 223.373901
-39.706654 101.104683 225.183899 93.481163 223.398621
-39.353043 100.626671 225.075256 92.778114 223.426270
-39.096630 100.093468 224.943207 92.084465 223.461639
-38.932465 99.530022 224.787262 91.405327 223.505768
-38.849689 98.969643 224.606232 90.760078 223.557861
-38.832104 98.442116 224.399506 90.194206 223.617188
-38.861858 97.969948 224.165070 89.761284 223.680481
-38.925083 97.565544 223.896545 89.512169 223.739746
-39.015301 97.239464 223.591339 89.530220 223.787079
-39.115170 96.995201 223.246216 89.818840 223.814697
-39.217663 96.842659 222.860962 90.353081 223.814270
-39.317245 96.764137 222.441620 91.049080 223.782410
-39.420044 96.751457 221.999054 91.811821 223.714508
-39.521301 96.787758 221.550751 92.562080 223.609406
-39.596191 96.812523 221.121338 93.256523 223.472656
-39.635532 96.777748 220.715057 93.831306 223.297424
-39.642555 96.645088 220.329254 94.281624 223.075409
-39.629856 96.402473 219.962616 94.622231 222.802582
-39.617065 96.063377 219.613342 94.856087 222.478210
-39.640312 95.662239 219.268463 94.949150 222.097321
-39.740372 95.222328 218.917328 94.874657 221.658539
-39.969696 94.755928 218.539154 94.586464 221.154846
-40.379299 94.249565 218.123291 94.077538 220.589508
-41.038677 93.688393 217.677856 93.396111 219.976959
-41.988758 93.021095 217.281982 92.665688 219.383972
-43.262127 92.239052 216.977081 91.843407 218.854065
-44.862507 91.253654 216.751678 90.807381 218.409576
-46.830292 90.099144 216.581940 89.595741 218.019440
-49.150566 88.909950 216.329987 87.989372 217.557495
-51.701542 87.664726 215.940552 85.988167 216.969513
-54.374008 86.264259 215.384308 83.867577 216.157196
-56.967644 85.016609 214.563873 81.525749 215.013824
-59.331867 83.571404 213.569946 79.541328 213.610992
-61.383389 81.940849 212.510071 78.090309 212.082947
-63.102570 80.236244 211.408264 77.192207 210.522644
-64.478195 78.649620 210.330170 76.737282 209.116730
-65.512604 77.309227 209.456573 76.597084 208.137726
-66.261269 76.297035 208.825439 76.725212 207.614594
-66.788528 75.587624 208.291748 76.826210 207.365234
-67.148911 75.156380 207.773376 76.869667 207.256653
-67.390396 74.928810 207.193329 76.812721 207.156219
-67.542160 74.855965 206.552551 76.671562 207.020477
-67.625229 74.903343 205.865631 76.466652 206.827332
-67.658745 75.065178 205.128052 76.203957 206.549286
-67.654442 75.319405 204.366272 75.908852 206.203735
-67.620590 75.662300 203.578094 75.577187 205.786224
-67.567375 76.085182 202.747925 75.222939 205.284119
-67.497566 76.569130 201.881958 74.820900 204.709381
-67.415932 77.091393 200.947876 74.369087 204.048981
-67.321777 77.611000 199.960114 73.822716 203.339081
-67.209770 78.128853 198.941681 73.201881 202.593658
-67.070221 78.659554 197.965332 72.573830 201.862671
-66.887756 79.215309 197.163239 72.023323 201.245026
-66.655685 79.813622 196.604553 71.563911 200.784119
-66.372818 80.473076 196.341431 71.214088 200.510284
-66.043823 81.191139 196.400482 70.996452 200.438171
-65.676849 81.975243 196.766388 70.913933 200.558716
-65.284729 82.829002 197.395752 70.968346 200.842438
-64.878967 83.736916 198.254639 71.161140 201.274170
-64.473511 84.673820 199.288788 71.494484 201.826019
-0.000000 0.000000 0.000000 0.000000 0.000000
-0.000000 0.000000 0.000000 0.000000 0.000000
-0.000000 0.000000 0.000000 0.000000 0.000000
-0.000000 0.000000 0.000000 0.000000 0.000000
-0.000000 0.000000 0.000000 0.000000 0.000000
-0.000000 0.000000 0.000000 0.000000 0.000000
-0.000000 0.000000 0.000000 0.000000 0.000000
-0.000000 0.000000 0.000000 0.000000 0.000000
-0.000000 0.000000 0.000000 0.000000 0.000000
