-39.662415 107.439461 214.837616 102.145988 215.838470
-39.802124 107.295128 223.398895 105.269463 223.364655
-41.459614 109.181480 227.221863 111.292549 226.832855
-41.929955 111.283745 228.516510 114.769234 228.213043
-41.519997 113.005363 228.972778 115.942818 228.742188
-40.657997 113.790276 229.115204 115.486641 228.910767
-39.838177 113.577522 229.099548 114.003242 228.886719
-39.393345 112.723167 228.965576 112.247536 228.718018
-39.550369 111.594658 228.688507 110.897972 228.385742
-40.378986 110.509132 228.196869 110.634773 227.829926
-41.778881 109.735008 227.371948 111.625542 226.950958
-43.469700 109.594566 226.095917 113.166710 225.627594
-45.161961 110.145226 224.385315 114.244560 223.806488
-46.757751 110.972664 222.424286 114.193413 221.577637
-48.264885 111.516289 220.497681 113.110771 219.238464
-49.667122 111.570641 218.866699 111.600060 217.213837
-50.904007 111.238091 217.679413 110.388329 215.851624
-51.930912 110.790825 216.922577 109.816795 215.195160
-52.727100 110.404427 216.463989 109.706276 214.992828
-53.309338 109.918129 216.142883 109.557045 214.914459
-53.765350 109.117332 215.830231 108.933296 214.699677
-54.274597 108.120659 215.419495 107.692146 214.191376
-55.005024 107.267403 214.906708 106.156456 213.408020
-56.025490 106.807518 214.325653 104.769676 212.430023
-57.253227 106.673973 213.716766 103.745461 211.342896
-58.540531 106.649879 213.096710 103.088524 210.200623
-59.757256 106.601677 212.479614 102.709541 209.056763
-60.833069 106.531487 211.858765 102.510460 207.934906
-61.735641 106.462410 211.251801 102.429909 206.880463
-62.454082 106.404396 210.695465 102.438637 205.947540
-62.993217 106.364006 210.226410 102.526665 205.176910
-63.372360 106.339104 209.854614 102.673759 204.577301
-63.613655 106.319603 209.583466 102.865395 204.143158
-63.738785 106.291008 209.412201 103.087776 203.862701
-63.769051 106.238503 209.331177 103.318886 203.718414
-63.722130 106.146446 209.331055 103.524483 203.697693
-63.616837 105.999336 209.385773 103.666069 203.770844
-63.466629 105.792213 209.483185 103.734581 203.917297
-63.284569 105.523003 209.609161 103.710808 204.122131
-63.081985 105.196510 209.749481 103.573418 204.373871
-62.869839 104.825432 209.890930 103.324974 204.656799
-62.657406 104.418053 210.026276 102.951790 204.959320
-62.452709 103.975899 210.142853 102.442268 205.266815
-62.262444 103.507347 210.228241 101.812141 205.555908
-62.087280 103.021690 210.292694 101.094688 205.823975
-61.926529 102.528328 210.344574 100.319511 206.074860
-61.783791 102.041801 210.378784 99.505943 206.305054
-61.658543 101.571159 210.401917 98.680946 206.517822
-61.551884 101.126793 210.415405 97.863319 206.711090
-61.463562 100.712532 210.421906 97.065331 206.887054
-61.393879 100.330956 210.421783 96.298485 207.044891
-61.337639 99.973778 210.425781 95.574944 207.197906
-61.278587 99.604134 210.474792 94.933342 207.388885
-61.194603 99.165230 210.633331 94.444756 207.688232
-61.065208 98.600060 210.941925 94.043968 208.158936
-60.881828 97.893288 211.416107 93.797829 208.811707
-60.655853 97.069191 211.997620 93.514992 209.617584
-60.386944 96.062172 212.663666 93.084160 210.557617
-60.077610 94.788017 213.404724 92.481316 211.617737
-59.742897 93.215736 214.169128 91.649132 212.747711
-59.392624 91.408806 214.915558 90.657967 213.887054
-59.034119 89.480766 215.608948 89.475258 214.984100
-58.691311 87.587822 216.181885 88.210075 215.959869
-58.354504 85.857414 216.641785 86.892693 216.807892
-58.012978 84.357491 216.992950 85.612709 217.521606
-57.672401 83.223717 217.210327 84.396156 218.070129
-57.310379 82.438942 217.323639 83.271446 218.472168
-56.915764 81.935295 217.331177 82.255745 218.737671
-56.480972 81.629051 217.253998 81.444405 218.885010
-56.009628 81.483009 217.116699 80.884834 218.936768
-55.505730 81.467918 216.941345 80.568092 218.920685
-54.974373 81.553566 216.749390 80.437798 218.863129
-54.425434 81.705956 216.556824 80.414696 218.784119
-53.869518 81.885338 216.384125 80.430428 218.704132
-53.314804 82.054146 216.247772 80.419136 218.641327
-52.770084 82.182167 216.164948 80.348351 218.608398
-52.243092 82.252846 216.152161 80.217796 218.619873
-51.738914 82.265800 216.217407 80.011543 218.686920
-51.263538 82.214439 216.361572 79.743095 218.811432
-50.828320 82.116356 216.568512 79.436562 218.984406
-50.444839 81.971947 216.832062 79.125206 219.199493
-50.120388 81.783348 217.141571 78.844292 219.451263
-49.864304 81.562508 217.478943 78.610832 219.730957
-49.676208 81.304619 217.831665 78.428017 220.033356
-49.550777 81.007423 218.183960 78.292198 220.348816
-49.491890 80.698387 218.521240 78.223961 220.660309
-49.489902 80.393456 218.840332 78.214241 220.964417
-49.533211 80.117882 219.137756 78.260811 221.255951
-49.610664 79.903709 219.410065 78.352455 221.529449
-49.708332 79.775475 219.656464 78.482979 221.782288
-49.815567 79.751930 219.873260 78.648781 222.010986
-49.921982 79.837654 220.061127 78.850853 222.215240
-50.019798 80.022469 220.221863 79.088356 222.396118
-50.104401 80.288857 220.357819 79.356163 222.555298
-50.173729 80.615028 220.471680 79.645927 222.694733
-50.227680 80.977333 220.565979 79.947044 222.816467
-50.267433 81.352806 220.643372 80.247139 222.922455
-50.294975 81.720772 220.706268 80.533577 223.014618
-50.312576 82.063637 220.756866 80.793938 223.094604
