-39.729824 102.553261 101.616096 34.035667 96.526909
-37.853722 105.526268 79.431984 25.533722 85.696648
-37.015636 108.828072 59.303093 13.948730 68.416649
-34.738621 108.642357 44.758766 6.623634 55.183342
-32.223984 106.494301 39.581627 4.430931 49.087013
-30.187847 104.851173 41.256859 5.296501 48.443703
-28.701790 104.803947 46.505920 7.275986 51.052834
-27.700558 106.038826 52.076073 9.069633 54.570351
-27.272449 107.615898 55.931816 10.234962 57.552315
-27.502335 108.815880 57.350334 10.842606 59.415337
-28.321110 109.391792 56.534065 11.090355 60.072945
-29.529739 109.440132 54.124458 11.108154 59.670982
-30.896996 109.190575 50.826874 10.932114 58.461998
-32.233826 108.857719 47.225647 10.549545 56.743050
-33.418880 108.581627 43.745232 9.944138 54.810890
-34.390266 108.430016 40.672424 9.116989 52.924126
-35.125801 108.422340 38.193459 8.089722 51.283348
-35.625156 108.550972 36.416054 6.900360 50.022995
-35.899231 108.792107 35.378860 5.597847 49.212585
-35.965370 109.109749 35.052612 4.237038 48.862167
-35.846661 109.455788 35.346085 2.873436 48.934082
-35.572456 109.773659 36.117073 1.557961 49.355316
-35.178318 110.004555 37.193932 0.331955 50.031998
-34.703712 110.097252 38.397263 -0.777435 50.861160
-34.188786 110.015617 39.567932 -1.756531 51.745079
-33.669941 109.744194 40.583191 -2.603363 52.599205
-33.176720 109.288124 41.367241 -3.322929 53.359459
-32.729958 108.669228 41.890549 -3.922653 53.984917
-32.342117 107.920174 42.160477 -4.409927 54.456459
-32.018234 107.077751 42.211586 -4.790794 54.774971
-31.757729 106.178551 42.091858 -5.070885 54.955437
-31.556538 105.262459 41.867828 -5.261589 55.027031
-31.408752 104.376259 41.621178 -5.386368 55.030663
-31.307346 103.570854 41.422859 -5.477646 55.006340
-31.245228 102.893288 41.320976 -5.571259 54.980522
-31.206017 102.385735 41.294571 -5.703011 54.946587
-31.176159 102.059471 41.252495 -5.888962 54.858772
-31.145855 101.904259 41.141808 -6.129814 54.695915
-31.106945 101.907143 41.001152 -6.428070 54.482201
-31.054676 102.046043 40.852585 -6.763985 54.250404
-30.986679 102.298988 40.694565 -7.124397 54.008812
-30.899239 102.647453 40.486031 -7.501122 53.738701
-30.788769 103.056999 40.196533 -7.880661 53.430489
-30.657333 103.506432 39.845787 -8.259659 53.082909
-30.505207 103.982399 39.454865 -8.641228 52.696144
-30.337070 104.460030 39.045837 -9.007256 52.289879
-30.162834 104.915550 38.661217 -9.339836 51.891457
-29.990509 105.331047 38.343346 -9.622169 51.532265
-29.827854 105.699303 38.120697 -9.846947 51.240471
-29.680153 106.020744 37.995796 -10.015602 51.024651
-29.551327 106.292931 37.965508 -10.125999 50.891861
-29.440777 106.525688 37.984802 -10.195770 50.809052
-29.347263 106.724129 38.043320 -10.239273 50.762230
-29.272186 106.905403 38.170341 -10.271721 50.766533
-29.201244 107.127846 38.297203 -10.365753 50.746994
-29.124073 107.416756 38.395584 -10.549339 50.659615
-29.055180 107.766884 38.590591 -10.855217 50.537773
-29.000851 108.177025 38.864532 -11.250603 50.356956
-28.971249 108.679848 39.319679 -11.725929 50.139488
-28.984818 109.270546 40.080177 -12.250946 49.971184
-29.049969 109.951637 41.310921 -12.768669 50.019829
-29.146538 110.795921 42.918793 -13.284985 50.294937
-29.257812 111.882301 44.767303 -13.848991 50.753036
-29.347767 113.251717 46.752319 -14.475029 51.400063
-29.392406 114.891365 48.677299 -15.129070 52.174049
-29.409134 116.740471 50.612465 -15.766350 53.150520
-29.370644 118.795128 52.192863 -16.441227 54.097252
-29.257393 120.942024 53.380333 -17.096653 55.006950
-29.085693 123.125450 54.188057 -17.743565 55.795815
-28.851124 125.290535 54.479668 -18.397789 56.300377
-28.566856 127.342644 54.263817 -19.040203 56.422127
-28.244717 129.188995 53.637566 -19.632751 56.152855
-27.900822 130.762817 52.790001 -20.131592 55.585243
-27.550087 132.041443 51.864021 -20.511913 54.827873
-27.204662 133.037811 50.953331 -20.769978 53.974937
-26.868736 133.799194 50.087189 -20.934387 53.062431
-26.538345 134.359253 49.269112 -21.016064 52.151772
-26.212624 134.770477 48.482674 -21.051128 51.252922
-25.890190 135.067078 47.734077 -21.059132 50.386475
-25.573357 135.274567 47.088120 -21.043182 49.616196
-25.266441 135.428101 46.561409 -21.011002 48.962914
-24.966576 135.556335 46.113197 -20.972401 48.421509
-24.675343 135.678986 45.749725 -20.930618 48.010361
-24.389751 135.815796 45.441444 -20.888805 47.723282
-24.108349 135.974457 45.139839 -20.849152 47.533142
-23.847504 136.136505 44.938316 -20.783882 47.511795
-23.625496 136.297424 44.908218 -20.671738 47.708458
-23.453503 136.465912 45.053368 -20.511913 48.116837
-23.340534 136.646179 45.365814 -20.307209 48.716980
-23.296623 136.838654 45.842453 -20.062321 49.482040
-23.333302 137.038971 46.495216 -19.779961 50.389145
-23.455765 137.235901 47.292572 -19.461231 51.393944
-23.660183 137.405701 48.140915 -19.103661 52.422661
-23.939499 137.508972 48.957207 -18.696247 53.421104
-24.279758 137.500671 49.680046 -18.225750 54.362846
-24.656456 137.334229 50.265869 -17.675705 55.258690
-25.035435 136.958893 50.680504 -17.013466 56.161858
-25.369137 136.335144 50.839455 -16.214211 57.115196
-25.611626 135.432343 50.798553 -15.262180 58.266792
