-37.358505 107.541191 215.979034 110.931679 217.040619
-37.518826 107.217598 216.692810 111.164894 218.252594
-41.760414 111.220055 217.782532 115.174095 217.615417
-44.405132 114.802818 216.592468 112.874352 214.967163
-46.241371 117.416786 212.125946 105.920845 209.112823
-47.286934 119.075691 202.010345 94.619637 198.009644
-47.220146 119.472923 182.022705 78.470024 178.579742
-45.512539 118.499290 147.360565 56.117424 147.265656
-41.859421 116.706993 100.702614 29.833313 105.648445
-36.859024 115.622643 58.735161 7.134026 66.898552
-31.836750 116.565086 35.944199 -6.893562 44.840652
-27.765762 119.929100 30.455826 -13.274647 39.005821
-24.877678 124.966637 33.956627 -14.767513 41.648956
-23.329044 129.855194 39.769798 -13.967270 46.253250
-23.126984 133.199493 44.735748 -12.551437 49.756409
-23.905384 134.864868 48.301361 -11.202995 51.681725
-25.127033 135.490204 50.434334 -10.217819 52.105370
-26.411449 135.665192 51.436256 -9.769035 51.384377
-27.575459 135.626129 51.760765 -9.854874 50.164169
-28.537846 135.469788 51.565926 -10.398087 48.824417
-29.284363 135.253998 50.972084 -11.313354 47.562477
-29.816540 134.999359 50.147041 -12.500778 46.511047
-30.135284 134.716187 49.252312 -13.856865 45.737701
-30.244736 134.411469 48.400558 -15.295406 45.240852
-30.158775 134.076447 47.661247 -16.738697 44.989677
-29.905731 133.686340 47.165718 -18.099518 45.019127
-29.522095 133.224335 46.971619 -19.316963 45.324600
-29.047523 132.685822 47.006157 -20.377258 45.815094
-28.517059 132.071014 47.142921 -21.291687 46.376534
-27.976517 131.361969 47.374435 -22.037724 47.006882
-27.462543 130.558441 47.621468 -22.610695 47.671715
-27.016483 129.663574 47.867348 -22.998249 48.353905
-26.673569 128.678314 48.168175 -23.187538 49.086098
-26.451050 127.632698 48.512840 -23.198204 49.851707
-26.359245 126.548515 48.936508 -23.046665 50.671776
-26.393772 125.455971 49.423393 -22.759907 51.527733
-26.530415 124.416939 49.840775 -22.406757 52.297279
-26.741245 123.458702 50.105652 -22.026619 52.913033
-26.999638 122.600014 50.201530 -21.637218 53.351646
-27.284809 121.859825 50.146278 -21.257355 53.614479
-27.591343 121.212929 50.010345 -20.878094 53.764153
-27.930752 120.595345 49.896629 -20.468407 53.905312
-28.273079 119.999229 49.672737 -20.090282 53.912727
-28.584682 119.412605 49.362274 -19.789452 53.700981
-28.795834 118.851952 48.759781 -19.573296 53.137321
-28.888229 118.283775 47.753006 -19.368671 52.196220
-28.890282 117.612556 46.715416 -19.073448 51.096199
-28.854271 116.826714 45.940880 -18.685642 49.849609
-28.906227 115.643822 46.124123 -17.875538 49.263412
-29.090893 114.180534 47.135101 -16.665619 49.448662
-29.214645 112.810997 47.865410 -15.413517 49.610794
-29.233616 111.629021 48.184868 -14.264297 49.581635
-29.187592 110.577736 48.254044 -13.185429 49.591736
-29.148022 109.623650 48.381912 -12.103836 49.954643
-29.171680 108.799126 48.655724 -11.036743 50.710556
-29.274715 108.090782 49.145203 -9.997917 51.837914
-29.456806 107.477272 49.832153 -8.995003 53.265038
-29.679577 106.975868 50.450073 -8.122971 54.740089
-29.928024 106.566689 50.953133 -7.422363 56.162575
-30.182663 106.251366 51.260384 -6.926460 57.395912
-30.433640 106.010155 51.337746 -6.608887 58.368416
-30.675709 105.812996 51.184807 -6.404953 59.059563
-30.906368 105.636559 50.818916 -6.252869 59.478142
-31.127132 105.457222 50.323959 -6.099197 59.695168
-31.341965 105.254433 49.790390 -5.902328 59.790413
-31.543163 105.015068 49.210396 -5.635254 59.794579
-31.727104 104.735191 48.619469 -5.302582 59.740166
-31.888615 104.408348 48.032021 -4.908684 59.651115
-32.028343 104.032722 47.427315 -4.465813 59.517464
-32.131889 103.617607 46.753899 -4.015259 59.286034
-32.202927 103.133080 46.089035 -3.519547 59.033974
-32.234348 102.598488 45.362160 -3.004845 58.696983
-32.221951 102.015129 44.544212 -2.471863 58.271980
-32.167019 101.383171 43.644569 -1.920769 57.769981
-32.079365 100.685585 42.721825 -1.313461 57.255928
-31.958149 99.928551 41.733391 -0.647301 56.699364
-31.803009 99.104301 40.658691 0.081688 56.093605
-31.620571 98.218636 39.591438 0.855225 55.491035
-31.427650 97.305412 38.702148 1.627701 54.982368
-31.243809 96.408440 38.114609 2.351753 54.633888
-31.084358 95.573631 37.842506 2.985130 54.453987
-30.955441 94.838173 37.817116 3.501099 54.408806
-30.858238 94.225441 37.952499 3.885567 54.451317
-30.790745 93.743385 38.171997 4.137245 54.540184
-30.748428 93.388557 38.415535 4.264687 54.641579
-30.725201 93.149849 38.639252 4.282860 54.729958
-30.715195 93.010765 38.820374 4.211075 54.790688
-30.712612 92.953041 38.946793 4.069473 54.817223
-0.000000 0.000000 0.000000 0.000000 0.000000
-0.000000 0.000000 0.000000 0.000000 0.000000
-0.000000 0.000000 0.000000 0.000000 0.000000
-0.000000 0.000000 0.000000 0.000000 0.000000
-0.000000 0.000000 0.000000 0.000000 0.000000
-0.000000 0.000000 0.000000 0.000000 0.000000
-0.000000 0.000000 0.000000 0.000000 0.000000
-0.000000 0.000000 0.000000 0.000000 0.000000
-0.000000 0.000000 0.000000 0.000000 0.000000
-0.000000 0.000000 0.000000 -0.000000 0.000000
-0.000000 0.000000 0.000000 -0.000000 0.000000
