-36.157703 111.421822 210.910736 111.085838 207.506714
-36.752281 110.356117 216.762878 117.747078 215.353394
-39.548210 111.119652 221.625000 124.096291 219.907013
-41.408081 111.919426 224.191193 126.535973 222.523682
-42.720585 112.542213 225.366638 126.457481 223.784332
-43.621174 113.164207 225.691162 124.998878 224.099518
-44.275536 113.898338 225.404816 123.274834 223.690338
-44.810623 114.556526 224.579620 121.921928 222.665558
-45.383926 114.634361 223.228424 121.030159 221.120056
-46.061157 113.834694 221.428284 120.319847 219.242859
-46.862282 112.292656 219.358765 119.547874 217.290894
-47.751106 110.439491 217.254547 118.571190 215.506927
-48.666203 108.656044 215.430084 117.546104 214.148346
-49.627373 107.246529 214.065216 116.506126 213.291718
-50.659164 106.312111 213.265930 115.605049 212.949860
-51.815590 105.878044 212.989197 114.885506 213.024750
-53.106766 105.864311 213.107178 114.274239 213.384705
-54.535950 106.162071 213.427948 113.654732 213.843109
-56.055256 106.645836 213.835388 113.075249 214.275757
-57.593296 107.127678 214.179352 112.336861 214.552673
-59.049698 107.429115 214.405060 111.418831 214.615692
-60.363213 107.504768 214.442261 110.331886 214.374512
-61.483089 107.293861 214.260284 109.125206 213.791351
-62.384537 106.848061 213.846161 107.889610 212.854401
-63.062721 106.308907 213.226685 106.785713 211.611847
-63.527733 105.849068 212.446960 105.869270 210.165741
-63.794102 105.582649 211.594421 105.135948 208.673370
-63.886368 105.538017 210.774292 104.586174 207.290405
-63.834740 105.637932 210.087799 104.191673 206.153259
-63.673626 105.776985 209.612152 103.955650 205.339386
-63.438507 105.859840 209.385773 103.898781 204.870209
-63.167389 105.829048 209.377899 103.977882 204.698639
-62.891994 105.659248 209.528412 104.132286 204.749542
-62.632465 105.354622 209.780121 104.308495 204.950958
-62.400715 104.938332 210.078827 104.446800 205.238983
-62.197594 104.431007 210.398468 104.516411 205.581390
-62.025280 103.864876 210.701843 104.473915 205.933533
-61.881660 103.267403 210.970093 104.293282 206.266693
-61.764427 102.651558 211.191437 103.963661 206.566589
-61.667789 102.023216 211.368347 103.481087 206.837006
-61.588898 101.392738 211.499451 102.845161 207.073181
-61.520554 100.755272 211.597229 102.065788 207.285767
-61.458450 100.110405 211.664307 101.154518 207.470184
-61.401066 99.465904 211.706573 100.170723 207.620422
-61.341583 98.826271 211.752441 99.189903 207.758636
-61.277000 98.198250 211.811768 98.244728 207.894165
-61.209610 97.596153 211.886810 97.362511 208.030182
-61.140148 97.023903 211.981232 96.560005 208.173004
-61.070778 96.489876 212.092407 95.843193 208.320618
-61.003201 95.995461 212.215637 95.211067 208.470886
-60.940578 95.542641 212.344604 94.664680 208.619537
-60.877846 95.124641 212.486298 94.207344 208.772949
-60.801964 94.730736 212.662964 93.879234 208.948151
-60.695900 94.354881 212.921082 93.758598 209.191223
-60.549194 93.969261 213.270752 93.799156 209.543945
-60.351181 93.523216 213.723206 93.986809 210.038818
-60.114426 93.018120 214.227020 94.150673 210.649506
-59.842346 92.416222 214.751587 94.131096 211.356049
-59.523270 91.666389 215.333740 93.961693 212.178436
-59.187897 90.810432 215.882446 93.551994 213.004639
-58.857235 89.913506 216.334320 92.714684 213.753967
-58.523880 88.960899 216.693878 91.458733 214.426910
-58.220825 88.076897 216.889618 89.772789 214.897949
-57.923561 87.215736 216.988678 87.818962 215.228973
-57.608917 86.362206 217.041443 85.682182 215.466064
-57.277710 85.552391 217.047089 83.459099 215.583832
-56.915844 84.753044 217.060364 81.460732 215.635345
-56.533760 83.953148 217.058807 79.592506 215.626160
-56.139305 83.154793 217.066559 77.997826 215.583740
-55.739609 82.400337 217.105621 76.764320 215.534821
-55.338959 81.719582 217.190033 75.914314 215.508240
-54.945175 81.139732 217.316803 75.412193 215.516205
-54.566582 80.662285 217.475983 75.189903 215.564026
-54.206017 80.271233 217.664490 75.207848 215.660461
-53.863037 79.954063 217.870880 75.385765 215.804047
-53.538551 79.704781 218.089264 75.698158 215.989258
-53.230850 79.530937 218.313202 76.126534 216.208069
-52.934864 79.435371 218.538055 76.647499 216.457367
-52.651917 79.413567 218.754517 77.239983 216.728943
-52.382782 79.474007 218.947540 77.830208 217.002899
-52.131863 79.603920 219.117462 78.428337 217.273315
-51.902184 79.815361 219.253937 79.000740 217.526703
-51.693237 80.086205 219.355072 79.525948 217.764282
-51.497131 80.388283 219.425903 79.981194 217.995605
-51.311996 80.712166 219.462982 80.351677 218.218384
-51.145470 81.063347 219.459442 80.618797 218.421265
-50.996277 81.426460 219.416077 80.763939 218.604309
-50.862755 81.791588 219.332336 80.768700 218.763489
-50.747761 82.163429 219.206696 80.645439 218.892944
-50.654240 82.545433 219.039001 80.411278 218.988617
-50.583961 82.928551 218.827789 80.064293 219.047302
-50.533653 83.298576 218.580536 79.630898 219.072876
-50.498688 83.645699 218.308990 79.147499 219.072998
-50.474968 83.965874 218.025543 78.646034 219.055908
-50.459686 84.257973 217.741638 78.150520 219.028992
-50.451740 84.522270 217.466919 77.677055 218.998077
-50.451374 84.758919 217.208771 77.235283 218.967590
-50.459888 84.967873 216.972382 76.828789 218.940338
-50.479050 85.149178 216.761078 76.457176 218.918030
