-40.595951 91.750038 138.716949 52.631325 140.780884
-40.012444 87.129677 174.528931 62.395958 172.328583
-42.581295 84.149055 203.271637 72.980965 197.888672
-45.357651 81.346733 218.122864 81.976707 213.525940
-47.696491 79.902733 224.457886 87.254524 221.469849
-49.140297 79.591820 226.989777 88.501747 225.153290
-49.709732 79.573708 227.995758 87.180336 226.815155
-49.721542 79.307640 228.363434 85.103310 227.548370
-49.575920 78.780083 228.405884 83.452583 227.816193
-49.588303 78.254601 228.215240 82.699669 227.800446
-49.895393 78.040199 227.791626 82.734306 227.560455
-50.451454 78.380730 227.100922 83.016228 227.103088
-51.105087 79.348671 226.118927 82.892754 226.420532
-51.702778 80.754555 224.862823 81.988533 225.517883
-52.152992 82.218712 223.395691 80.335838 224.433228
-52.434639 83.369240 221.814178 78.220451 223.244537
-52.576439 83.992867 220.238464 75.994591 222.058411
-52.629799 84.064003 218.801239 73.976753 220.984253
-52.646713 83.687416 217.628021 72.404976 220.105255
-52.666813 83.021996 216.808685 71.409050 219.462585
-52.712990 82.225533 216.375946 71.007195 219.056244
-52.793175 81.429283 216.302460 71.128532 218.857239
-52.904007 80.732964 216.516235 71.649986 218.822784
-53.035454 80.206215 216.925598 72.432899 218.907806
-53.174259 79.891914 217.440216 73.348991 219.071472
-53.307159 79.807091 217.985565 74.297539 219.279999
-53.422543 79.946571 218.507660 75.210411 219.507019
-53.511589 80.286324 218.972412 76.051353 219.732758
-53.568672 80.787926 219.361664 76.809563 219.942657
-53.591240 81.403908 219.668701 77.492027 220.126617
-53.579567 82.082924 219.894562 78.115395 220.277985
-53.535904 82.776283 220.042816 78.695305 220.391418
-53.465897 83.439323 220.114288 79.238518 220.459076
-53.374374 84.035286 220.112579 79.755547 220.474335
-53.267342 84.543434 220.039978 80.250633 220.429230
-53.150352 84.950523 219.899872 80.720528 220.317169
-53.025841 85.234657 219.701477 81.164818 220.139923
-52.895332 85.393211 219.453247 81.575554 219.899414
-52.763519 85.426765 219.157684 81.938576 219.595154
-52.638805 85.349403 218.819427 82.243462 219.227020
-52.529316 85.174767 218.439728 82.469704 218.793427
-52.442066 84.912102 218.021393 82.611259 218.292480
-52.380989 84.575661 217.583221 82.677910 217.737091
-52.346630 84.199669 217.131042 82.643227 217.131134
-52.343773 83.763847 216.678436 82.525200 216.488129
-52.370697 83.269753 216.251434 82.349236 215.835083
-52.424553 82.746895 215.870331 82.139442 215.194427
-52.504700 82.221718 215.556793 81.919899 214.591156
-52.605663 81.708855 215.322937 81.706779 214.049561
-52.721836 81.209358 215.185120 81.544273 213.597443
-52.845779 80.741737 215.151306 81.455269 213.258698
-52.969242 80.338692 215.224457 81.476128 213.048798
-53.082008 80.023491 215.414459 81.664162 212.989960
-53.172913 79.833870 215.736389 82.066551 213.105835
-53.259254 79.837273 216.167542 82.678658 213.378906
-53.370201 80.094307 216.632324 83.404213 213.758026
-53.514526 80.570549 217.118439 84.269905 214.226044
-53.705536 81.279686 217.587799 85.199455 214.737030
-53.964817 82.295311 217.980865 86.126396 215.208374
-54.282417 83.601616 218.288849 87.074348 215.611481
-54.652603 85.266441 218.480957 88.029274 215.892242
-55.061714 87.154579 218.561096 89.020821 216.040466
-55.523628 89.262047 218.507080 90.111626 216.017609
-56.054176 91.538719 218.290833 91.264626 215.786469
-56.655281 93.900017 217.907440 92.469933 215.330475
-57.314568 96.198830 217.369965 93.666084 214.667877
-58.032249 98.330620 216.662842 94.782616 213.795227
-58.776787 100.159554 215.810822 95.798424 212.754456
-59.519737 101.629387 214.827728 96.682014 211.575409
-60.222530 102.719337 213.754395 97.408257 210.315094
-60.846268 103.438210 212.649719 97.989738 209.041229
-61.366066 103.846870 211.573700 98.443138 207.815186
-61.774971 104.039085 210.574646 98.794960 206.678680
-62.074665 104.108696 209.696747 99.084267 205.666199
-62.273319 104.132133 208.974579 99.355843 204.802460
-62.385025 104.165092 208.427399 99.651863 204.099396
-62.428730 104.252357 208.050476 99.998711 203.559174
-62.420071 104.412605 207.838379 100.421120 203.181030
-62.370411 104.639244 207.793671 100.919197 202.975586
-62.292225 104.926613 207.900421 101.491814 202.935425
-62.196182 105.268440 208.133240 102.109306 203.047363
-62.089588 105.639290 208.468414 102.738472 203.299103
-61.980648 106.022087 208.867462 103.340538 203.665527
-61.874043 106.391655 209.303741 103.876640 204.132507
-61.775211 106.734428 209.748291 104.321037 204.675232
-61.687447 107.048866 210.180725 104.642616 205.267517
-61.614983 107.332436 210.578308 104.821877 205.880096
-61.559090 107.573601 210.935852 104.850685 206.498474
-61.522301 107.770317 211.241150 104.727135 207.101562
-61.504997 107.918022 211.492096 104.456673 207.675323
-61.508533 108.017128 211.682404 104.051872 208.203278
-61.531960 108.067223 211.812805 103.532249 208.675781
-61.572090 108.065575 211.889404 102.925499 209.090942
-61.622955 108.000786 211.929413 102.256599 209.460022
-61.676918 107.859322 211.953033 101.546196 209.800995
-61.728127 107.630119 211.974182 100.812630 210.131439
-61.770432 107.313164 212.005951 100.068733 210.467712
-61.798676 106.904366 212.063446 99.313835 210.829590
-61.807686 106.396568 212.165344 98.550560 211.238617
