-47.699467 120.459084 94.536354 41.650108 101.715599
-43.245895 123.443932 80.741188 32.919243 91.144096
-40.004951 127.291603 68.260078 22.453751 78.585701
-36.027279 129.004425 53.674019 12.784851 65.377998
-31.419060 129.051300 41.849106 5.881775 55.109520
-26.584743 128.136719 35.167709 2.517242 49.319962
-22.239079 126.947990 33.383461 2.111168 47.657066
-18.954327 125.957817 34.626984 3.478477 48.676788
-16.902882 125.304192 37.010620 5.438148 50.849754
-15.935825 124.865669 39.379303 7.266510 53.154305
-15.759399 124.485695 41.294624 8.663116 55.088966
-16.092197 124.052528 42.676453 9.617226 56.506310
-16.715881 123.522865 43.613144 10.222305 57.451759
-17.480309 122.906944 44.185120 10.571724 58.013741
-18.289352 122.248009 44.488319 10.721176 58.282280
-19.075417 121.590019 44.556702 10.736191 58.325294
-19.792072 120.954536 44.423248 10.698578 58.219612
-20.416962 120.361900 44.159988 10.637794 58.024483
-20.932137 119.830009 43.820984 10.575073 57.785591
-21.335148 119.360405 43.458817 10.532738 57.542122
-21.634007 118.941475 43.122452 10.539314 57.332985
-21.842117 118.565834 42.834206 10.592506 57.164009
-21.971237 118.231987 42.615501 10.687119 57.042183
-22.037933 117.933144 42.487610 10.817818 56.977211
-22.063313 117.655937 42.480049 10.979485 56.986275
-22.066425 117.392769 42.595589 11.153595 57.069572
-22.063339 117.138832 42.832977 11.319534 57.227470
-22.063652 116.892433 43.172432 11.463982 57.451515
-22.075085 116.654076 43.584557 11.569130 57.723961
-22.103725 116.423073 44.044380 11.617889 58.029686
-22.153721 116.197960 44.528938 11.599197 58.354149
-22.225052 115.979942 45.011719 11.505836 58.680824
-22.314857 115.772270 45.468529 11.331757 58.993813
-22.416389 115.581505 45.884346 11.073624 59.283882
-22.519260 115.417168 46.248917 10.729378 59.541771
-22.617863 115.288078 46.555389 10.285362 59.753349
-22.704315 115.213692 46.811150 9.716782 59.906273
-22.773293 115.199287 47.025711 9.024406 60.008522
-22.823723 115.244453 47.207199 8.207489 60.066872
-22.852890 115.342644 47.319893 7.288658 60.074394
-22.866074 115.491432 47.375008 6.261696 60.038414
-22.869141 115.677467 47.360947 5.138458 59.965706
-22.868114 115.890953 47.288803 3.931648 59.875435
-22.869610 116.125496 47.149223 2.648308 59.774361
-22.875340 116.376930 46.926819 1.313705 59.667351
-22.890793 116.641380 46.621544 -0.052788 59.560814
-22.925110 116.915520 46.247643 -1.439659 59.460793
-22.989662 117.196739 45.818192 -2.840302 59.361992
-23.095352 117.490303 45.342514 -4.251778 59.243752
-23.258217 117.793053 44.823761 -5.663376 59.071373
-23.498966 118.088692 44.266869 -7.045525 58.802940
-23.841572 118.372490 43.640160 -8.390747 58.332176
-24.318100 118.642525 42.862000 -9.706352 57.484901
-24.966824 118.882164 41.855301 -10.988213 56.086571
-25.827366 119.072227 40.572769 -12.252686 53.995537
-26.912544 119.207314 38.909973 -13.516102 51.105110
-28.207928 119.247169 36.944672 -14.755192 47.615768
-29.631336 119.200584 34.945213 -15.914951 44.016846
-31.097443 119.054100 33.456017 -16.948044 41.119926
-32.427811 118.822868 33.355865 -17.478077 40.062035
-33.429520 118.450813 35.567917 -16.993645 42.038879
-33.882298 117.865700 41.415764 -14.786842 48.508270
-33.497471 116.968483 53.334389 -9.572304 61.534691
-32.060524 115.593681 75.691719 0.939087 84.142937
-29.873688 113.542763 114.539711 20.435318 119.874107
-28.686783 110.527534 168.686066 52.518150 167.274200
-31.142460 106.888847 211.320526 91.512932 207.147278
-36.841751 106.095207 226.088440 116.525063 223.927490
-42.770493 110.429085 229.103333 119.170433 228.330597
-46.723503 114.785347 229.732758 111.181587 229.444855
-47.411797 115.626976 229.903534 105.720406 229.778107
-45.279976 113.735664 229.960358 105.997414 229.894653
-41.758110 111.910301 229.977478 106.930382 229.933899
-37.791714 111.446877 229.974579 106.045570 229.935577
-34.234818 111.427650 229.957977 104.712914 229.908051
-31.974537 110.947563 229.926758 104.540520 229.841278
-31.495480 110.206123 229.869812 106.207848 229.700378
-32.639317 110.093803 229.758057 109.634422 229.392212
-34.728184 111.426811 229.520386 113.771797 228.678589
-37.538784 113.771355 228.953369 117.067757 226.947754
-41.690552 115.011513 227.290619 117.689369 222.465668
-45.513153 115.463448 220.394287 108.512596 209.120850
-45.107349 118.758919 182.392914 72.734749 167.182343
-42.507679 122.664986 87.870598 13.766220 94.806725
-40.914120 121.029549 38.260826 -21.181107 52.493340
-38.944981 117.852501 33.298523 -33.304230 43.374153
-36.837830 116.054268 38.781761 -37.650471 43.901917
-34.923744 115.942696 43.241791 -39.928131 44.294312
-33.651173 117.410088 44.284492 -41.855156 42.204948
-33.424477 119.462364 42.674469 -43.382198 38.865944
-34.212963 120.675011 39.841148 -43.799530 36.891655
-35.243099 120.404884 36.520714 -42.396156 37.677887
-35.298042 118.944649 33.814934 -38.119942 41.059608
-35.047962 117.182884 38.009071 -28.930271 49.712410
-36.152386 116.286919 59.491356 -11.689476 70.689095
-37.805481 116.784142 104.135094 17.255867 109.440132
-39.904205 118.049324 163.123749 59.158699 161.535645
-44.179287 119.323021 206.825043 104.547890 204.022797
-50.308945 122.299904 223.769714 137.787567 222.600769
