-38.137859 110.745964 209.685760 102.051628 210.227966
-37.402168 110.379814 218.305328 103.917595 217.796753
-38.220009 110.692513 222.871307 107.535271 221.413513
-38.746124 110.484657 224.105835 108.012032 222.142120
-39.563015 109.925056 223.096710 104.915154 220.281097
-40.889820 109.428185 218.533875 96.966957 213.996368
-42.105831 110.101128 204.224670 81.187782 197.202118
-42.006145 112.979073 164.298889 52.739998 158.680267
-40.194908 116.788353 97.446617 16.794289 102.087730
-37.542484 119.732918 50.971199 -8.865791 59.655754
-34.270752 122.033653 37.763184 -20.436180 43.070061
-30.274235 124.946037 38.444191 -23.743397 40.183731
-26.675236 128.310760 42.033806 -22.554344 41.540657
-24.887234 130.979736 45.252693 -19.129551 44.168297
-24.775951 132.384979 46.996391 -15.096405 47.106133
-25.339931 132.799286 47.337845 -11.552727 49.578262
-25.906898 132.738373 47.030197 -8.972328 51.170525
-26.317280 132.530914 46.693146 -7.418152 51.890984
-26.639046 132.320831 46.537521 -6.715492 51.976967
-26.932491 132.165833 46.560539 -6.658264 51.659691
-27.223679 132.086456 46.691101 -7.077774 51.118645
-27.507122 132.096680 46.849327 -7.848358 50.465187
-27.762272 132.205231 46.966042 -8.874664 49.761475
-27.966705 132.411530 46.995667 -10.078011 49.043983
-28.103218 132.702209 46.914757 -11.390320 48.338638
-28.171371 133.044495 46.750084 -12.751114 47.687302
-28.182213 133.394867 46.565369 -14.104172 47.148697
-28.145462 133.705292 46.387711 -15.398350 46.757271
-28.072529 133.933685 46.265060 -16.600826 46.547852
-27.981308 134.047546 46.259026 -17.696861 46.552452
-27.880817 134.020264 46.389427 -18.662243 46.789810
-27.787918 133.836121 46.673027 -19.490501 47.255066
-27.718582 133.493896 47.128448 -20.191303 47.934723
-27.687546 133.000580 47.718330 -20.782875 48.772751
-27.701115 132.368225 48.398628 -21.284885 49.713165
-27.761303 131.608337 49.134407 -21.706097 50.714119
-27.862579 130.754364 49.865585 -22.065334 51.702003
-27.999195 129.839142 50.544937 -22.370678 52.620277
-28.163967 128.888458 51.140068 -22.617661 53.436546
-28.352154 127.932411 51.626686 -22.811745 54.115700
-28.562252 126.988091 51.930016 -22.950668 54.603035
-28.795742 126.059120 51.917793 -23.021477 54.812645
-29.056358 125.133537 51.429466 -23.027264 54.639549
-29.327862 124.207954 50.520493 -22.943840 54.124275
-29.603748 123.302406 49.376343 -22.715321 53.381660
-29.858269 122.465935 48.011154 -22.260609 52.441505
-30.117550 121.671852 46.625763 -21.536583 51.443733
-30.440041 120.910194 45.460251 -20.574326 50.503242
-30.789501 120.181374 44.610512 -19.355541 49.802155
-31.165211 119.406731 44.125740 -17.907135 49.483231
-31.523315 118.605019 44.063011 -16.283337 49.639130
-31.853832 117.840462 44.324959 -14.641747 50.147995
-32.150192 117.110100 44.777428 -13.026146 50.938774
-32.418884 116.417961 45.329918 -11.529503 51.892738
-32.665081 115.766289 45.890472 -10.230530 52.890724
-32.911205 115.103477 46.437561 -9.142326 53.898491
-33.167641 114.398064 46.931908 -8.267006 54.872185
-33.420227 113.660042 47.308815 -7.627342 55.738716
-33.657444 112.908073 47.552719 -7.223450 56.470970
-33.867588 112.171928 47.652306 -7.031525 57.047401
-34.041878 111.481117 47.582886 -7.018608 57.440605
-34.177616 110.853477 47.347855 -7.131424 57.651802
-34.276016 110.299904 46.965279 -7.316818 57.694893
-34.339794 109.820900 46.476166 -7.525513 57.605888
-34.373951 109.409019 45.926552 -7.713394 57.428307
-34.384811 109.051689 45.356598 -7.850174 57.200706
-34.376041 108.734413 44.798134 -7.906448 56.963753
-34.352043 108.446526 44.262703 -7.882065 56.726433
-34.317032 108.185341 43.764221 -7.791405 56.493187
-34.275414 107.935524 43.307533 -7.623909 56.281197
-34.227676 107.685829 42.874809 -7.367050 56.091835
-34.170887 107.433647 42.484001 -7.018089 55.937538
-34.107147 107.169502 42.156883 -6.566490 55.840874
-34.038509 106.896828 41.926178 -6.035385 55.809807
-33.964825 106.620979 41.768013 -5.435898 55.834831
-33.886364 106.334770 41.634911 -4.765984 55.893211
-33.797089 106.039665 41.515259 -4.032257 55.974739
-33.695492 105.743813 41.412346 -3.270607 56.060966
-33.580994 105.463371 41.340698 -2.522354 56.139122
-33.456032 105.217827 41.304207 -1.833130 56.191429
-33.324680 105.020638 41.295311 -1.232018 56.205116
-33.190838 104.876320 41.298492 -0.729362 56.173866
-33.057648 104.783165 41.300270 -0.324692 56.097359
-32.927044 104.736305 41.290642 -0.011185 55.979057
-32.800362 104.729393 41.263847 0.221603 55.824989
-32.677982 104.755928 41.217537 0.385727 55.642372
-32.560196 104.809090 41.153252 0.493958 55.439720
-32.446800 104.882744 41.073853 0.558372 55.224739
-0.000000 0.000000 0.000000 0.000000 0.000000
-0.000000 0.000000 0.000000 0.000000 0.000000
-0.000000 0.000000 0.000000 0.000000 0.000000
-0.000000 0.000000 0.000000 0.000000 0.000000
-0.000000 0.000000 0.000000 0.000000 0.000000
-0.000000 0.000000 0.000000 0.000000 0.000000
-0.000000 0.000000 0.000000 0.000000 0.000000
-0.000000 0.000000 0.000000 0.000000 0.000000
-0.000000 0.000000 0.000000 0.000000 0.000000
-0.000000 0.000000 0.000000 0.000000 0.000000
-0.000000 0.000000 0.000000 0.000000 0.000000
