-50.504227 80.670464 220.482880 77.906059 221.785675
-49.664433 80.929832 220.106415 78.815865 221.190369
-50.096138 81.933220 219.457611 79.095284 220.498718
-50.669090 81.693413 220.342682 79.106850 221.193512
-50.316132 81.657219 220.976685 79.109352 221.641418
-49.821129 81.684944 221.349884 78.958488 221.859375
-49.461685 81.729897 221.553680 78.842720 221.941681
-49.273643 81.781654 221.621429 78.812202 221.924805
-49.238632 81.832924 221.589325 78.852699 221.842377
-49.314651 81.872108 221.499146 78.931526 221.730255
-49.454178 81.893181 221.390381 79.017540 221.620056
-49.615204 81.895363 221.292236 79.088585 221.533447
-49.765774 81.882378 221.221954 79.133476 221.480835
-49.885746 81.860283 221.185852 79.150291 221.463043
-49.965736 81.835167 221.182098 79.143181 221.474426
-50.004883 81.812111 221.204315 79.119194 221.506409
-50.008118 81.794380 221.244019 79.085915 221.549622
-49.983696 81.783897 221.292236 79.049812 221.595428
-49.941135 81.780876 221.341492 79.015984 221.637177
-49.889534 81.784676 221.385406 78.988106 221.669891
-49.837093 81.793968 221.419495 78.967995 221.690430
-49.790127 81.807289 221.440918 78.957008 221.697235
-49.753212 81.822411 221.448761 78.954140 221.690674
-49.728668 81.837868 221.443176 78.958885 221.671631
-49.717316 81.852379 221.425232 78.969582 221.642151
-49.718666 81.864677 221.397034 78.984657 221.604584
-49.731037 81.874016 221.361237 79.002205 221.561737
-49.751949 81.879753 221.320709 79.020226 221.516602
-49.778454 81.882469 221.278076 79.038033 221.471558
-49.807762 81.882439 221.235870 79.054176 221.428772
-49.837139 81.880211 221.196106 79.068001 221.389984
-49.864342 81.876503 221.159973 79.079979 221.355743
-49.897125 81.870750 221.109802 79.083595 221.310913
-49.952103 81.855461 221.022705 79.074348 221.237427
-50.060833 81.833763 220.883820 79.080360 221.121216
-50.238831 81.797096 220.688232 79.087807 220.958282
-50.504227 81.750343 220.395447 79.095848 220.714661
-50.862926 81.686531 220.042694 79.095940 220.419861
-51.289459 81.587944 219.656494 79.048790 220.102661
-51.774933 81.430016 219.242706 78.906609 219.776276
-52.283642 81.241295 218.811310 78.730064 219.446472
-52.807236 81.048454 218.383057 78.536278 219.131256
-53.311974 80.875526 217.974823 78.333611 218.840057
-53.783623 80.716942 217.613861 78.121407 218.589508
-54.222137 80.565804 217.312958 77.927895 218.386292
-54.624863 80.454536 217.078156 77.798790 218.222382
-54.977570 80.384544 216.881836 77.699913 218.072510
-55.257629 80.372429 216.689056 77.645836 217.903046
-55.468773 80.466072 216.504425 77.702766 217.706299
-55.605453 80.644524 216.332214 77.836296 217.488007
-55.659103 80.882713 216.174835 78.024239 217.255920
-55.647209 81.157784 216.028656 78.230598 217.012146
-55.608940 81.498543 215.884674 78.528389 216.738373
-55.594971 82.050896 215.759613 79.136864 216.407288
-55.582180 82.803322 215.659668 79.997169 215.993622
-55.522652 83.706001 215.620789 80.999077 215.523407
-55.371834 84.729759 215.714691 82.073738 215.077606
-55.100395 85.769142 215.752533 82.983742 214.593445
-54.837914 86.901131 215.671234 83.970070 214.057953
-54.614025 88.122643 215.345062 85.050819 213.372223
-54.637062 89.633293 214.806793 86.617378 212.469543
-55.042755 91.536308 214.075684 88.605492 211.316803
-55.789299 93.597603 213.286743 90.853401 210.026886
-56.953735 95.412300 212.613739 92.920906 208.771484
-58.271034 96.781029 212.148407 94.438255 207.726837
-59.281120 97.823006 211.787689 95.385735 206.905029
-59.870579 98.606590 211.499054 95.956718 206.296265
-60.125732 99.274132 211.202026 96.475945 205.728638
-60.204521 99.878593 210.711609 96.989983 205.024200
-60.247616 100.398064 210.147797 97.500099 204.330902
-60.342979 100.776588 209.753204 97.937263 203.895447
-60.513699 101.055000 209.582611 98.272102 203.753693
-60.755775 101.280540 209.573151 98.514061 203.820160
-61.041946 101.489204 209.655548 98.723198 204.006989
-61.337135 101.730614 209.758423 98.963615 204.242035
-61.611038 102.025566 209.840149 99.267677 204.479950
-61.854946 102.423698 209.869904 99.664360 204.686035
-62.066479 102.898628 209.846741 100.144218 204.845886
-62.238884 103.433601 209.760162 100.702721 204.969147
-62.390671 103.998390 209.632294 101.297325 205.073151
-62.534897 104.571251 209.477875 101.920021 205.162262
-62.667072 105.092384 209.306305 102.513756 205.253693
-62.802700 105.564049 209.127899 103.062614 205.352234
-62.947437 105.980583 208.950836 103.545525 205.450439
-63.094254 106.372673 208.772949 103.980766 205.526733
-63.242115 106.723305 208.588257 104.349434 205.576416
-63.384701 107.017296 208.414948 104.632545 205.609344
-63.504223 107.249290 208.269409 104.821861 205.636505
-63.596024 107.417137 208.166565 104.930534 205.666718
-63.654079 107.525078 208.122986 104.976982 205.712311
-63.668983 107.569588 208.135254 104.970009 205.776184
-63.651974 107.568413 208.194183 104.937401 205.849701
-63.601444 107.540474 208.282196 104.895393 205.927368
-63.518242 107.500633 208.394989 104.854408 206.013489
-63.403397 107.458565 208.543427 104.827034 206.117432
-63.236160 107.431969 208.736084 104.813713 206.247284
-63.005192 107.421486 208.957001 104.807228 206.382019
-62.725979 107.385735 209.213226 104.770302 206.533722
-62.396927 107.351723 209.471802 104.708534 206.690979
