-42.827522 95.924934 131.492462 40.398941 139.345184
-41.880085 99.199593 94.831825 24.021439 115.808952
-42.114838 107.059303 55.916603 7.811295 79.621468
-39.017982 109.620811 24.917747 -2.982346 49.565727
-34.792290 107.473076 11.852982 -5.951668 34.499519
-31.122555 104.701790 12.686302 -3.517822 31.636627
-28.270836 104.455421 20.599045 1.085167 35.832085
-26.042271 106.718452 29.945717 5.482086 42.373917
-24.551250 109.729057 37.549179 8.717590 48.375015
-23.967667 112.107964 42.358162 10.821701 52.752724
-24.222919 113.371574 44.526306 12.124092 55.416023
-25.055138 113.631813 44.678017 12.888367 56.606514
-26.161499 113.235924 43.493065 13.235260 56.631721
-27.300594 112.536369 41.533028 13.194649 55.796638
-28.322372 111.792076 39.213806 12.772034 54.386909
-29.153343 111.155388 36.838661 11.987106 52.661400
-29.768711 110.696114 34.636612 10.884933 50.846329
-30.169781 110.428963 32.785751 9.534012 49.131157
-30.370918 110.333717 31.416374 8.018387 47.663910
-30.392506 110.368340 30.600647 6.427132 46.542641
-30.259220 110.476219 30.348160 4.844528 45.815445
-29.999538 110.592949 30.606163 3.341980 45.481216
-29.645618 110.652901 31.272499 1.972343 45.499100
-29.231960 110.596931 32.214897 0.767387 45.800949
-28.792675 110.380836 33.290733 -0.262413 46.302078
-28.358418 109.980644 34.367973 -1.124275 46.914513
-27.953491 109.394112 35.340988 -1.836311 47.557899
-27.594994 108.637840 36.141174 -2.420341 48.168854
-27.292347 107.742531 36.735138 -2.896812 48.702431
-27.048702 106.745781 37.120377 -3.281746 49.134033
-26.862446 105.686668 37.316002 -3.586632 49.456177
-26.733822 104.597511 37.413681 -3.820023 49.703239
-26.668415 103.507820 37.597878 -3.997093 49.965729
-26.671894 102.458183 38.056229 -4.156662 50.336220
-26.740616 101.500481 38.827606 -4.342300 50.848289
-26.869247 100.679070 39.843102 -4.577118 51.482597
-27.044209 100.029289 40.937935 -4.878380 52.157524
-27.258442 99.546227 42.036469 -5.215500 52.868706
-27.499863 99.231285 43.091003 -5.589096 53.592278
-27.743980 99.091515 43.959259 -6.006447 54.259239
-27.970779 99.119576 44.577995 -6.487755 54.788063
-28.176105 99.276695 45.006172 -6.988907 55.214684
-28.348713 99.562370 45.194839 -7.521667 55.477669
-28.482956 99.954796 45.122948 -8.075798 55.550545
-28.584930 100.409935 44.865700 -8.613670 55.471596
-28.657310 100.910133 44.501343 -9.127586 55.276192
-28.703701 101.430672 44.066017 -9.595207 54.995995
-28.736874 101.940742 43.651733 -9.991264 54.689430
-28.766556 102.422783 43.332489 -10.300125 54.422798
-28.797024 102.872536 43.119614 -10.520271 54.220116
-28.831120 103.282234 43.010124 -10.647987 54.097389
-28.868820 103.656914 42.963348 -10.702576 54.033989
-28.898281 104.017967 42.927505 -10.746597 53.960396
-28.910301 104.391396 42.897339 -10.831932 53.853981
-28.887798 104.801155 42.735649 -11.023537 53.592186
-28.826302 105.230217 42.545677 -11.296364 53.226387
-28.706249 105.685753 42.351784 -11.667427 52.723732
-28.548355 106.157082 42.210693 -12.151802 52.057884
-28.445629 106.597618 42.570602 -12.645340 51.575218
-28.482563 106.990425 43.692726 -13.001938 51.614143
-28.695827 107.444893 45.656029 -13.234554 52.269264
-28.993671 108.189964 47.943214 -13.515507 53.183327
-29.312382 109.307076 50.293098 -13.892059 54.202431
-29.692127 110.772011 52.820091 -14.335224 55.452019
-30.105171 112.563576 55.352028 -14.788052 56.938759
-30.556763 114.592415 57.959099 -15.206917 58.742851
-31.039268 116.812172 60.428566 -15.630409 60.771492
-31.453960 119.214439 62.145241 -16.119022 62.641579
-31.765812 121.721138 62.969551 -16.733807 64.082191
-31.920521 124.244774 62.695473 -17.486416 64.761009
-31.943802 126.598396 61.618538 -18.282211 64.688530
-31.869938 128.633942 60.097511 -19.012875 64.006172
-31.729439 130.286041 58.431923 -19.613094 62.887566
-31.548985 131.546173 56.836296 -20.043953 61.522774
-31.347904 132.453094 55.388283 -20.307949 60.039268
-31.120869 133.093109 54.001289 -20.481281 58.408928
-30.851822 133.510132 52.620171 -20.593700 56.652901
-30.553219 133.733124 51.331093 -20.657860 54.867500
-30.230434 133.794220 50.161095 -20.691597 53.091408
-29.886726 133.719940 49.153679 -20.709122 51.365501
-29.523174 133.548218 48.308174 -20.725994 49.709213
-29.141945 133.304779 47.621704 -20.739407 48.159683
-28.753269 133.013580 47.128555 -20.739040 46.766449
-28.351448 132.716461 46.774071 -20.741871 45.522461
-27.931831 132.442383 46.542381 -20.761345 44.439491
-27.492756 132.217987 46.446068 -20.807743 43.542091
-27.040710 132.059937 46.507401 -20.872463 42.872536
-26.580158 131.990204 46.702034 -20.955235 42.436768
-26.115089 132.027069 46.997993 -21.063828 42.222305
-25.655308 132.177124 47.394676 -21.198311 42.228729
-25.217270 132.441620 47.906097 -21.354687 42.457855
-24.806934 132.824768 48.479332 -21.541878 42.860306
-24.419415 133.317322 49.014679 -21.773754 43.351944
-24.045170 133.894073 49.415016 -22.056171 43.847878
-23.679886 134.513977 49.628532 -22.381588 44.291443
-23.319412 135.128845 49.639961 -22.734089 44.650215
-22.957920 135.696228 49.461586 -23.083790 44.917580
-22.584023 136.199310 49.067261 -23.417145 45.062012
-22.197548 136.608459 48.484123 -23.714386 45.103615
