-45.602654 87.190178 186.754913 64.484810 191.693542
-47.090122 81.538490 211.165985 71.050545 210.971924
-50.998749 82.318398 223.170349 79.157799 221.666382
-53.478088 84.741722 227.190643 82.698463 226.216675
-54.371132 87.540123 228.554321 82.413033 228.018097
-53.939922 89.111946 229.062012 80.628899 228.766785
-52.696796 88.922203 229.256042 78.797722 229.095459
-51.157921 87.391716 229.309937 77.393776 229.235992
-49.736256 85.259819 229.280548 76.526161 229.275726
-48.683113 83.151009 229.182526 76.273933 229.248260
-48.089676 81.449562 229.011322 76.670982 229.164581
-47.927727 80.343559 228.751587 77.629601 229.025024
-48.097092 79.906242 228.384827 78.904839 228.824707
-48.466896 80.128578 227.899872 80.145042 228.558350
-48.911629 80.901985 227.304016 81.031593 228.224213
-49.335976 82.018456 226.625610 81.409233 227.827393
-49.682770 83.225334 225.906250 81.309822 227.380402
-49.929260 84.301308 225.188507 80.881157 226.901489
-50.078514 85.104424 224.507141 80.295189 226.410675
-50.149284 85.577812 223.885803 79.693596 225.925995
-50.166679 85.731163 223.337158 79.168221 225.460388
-50.155136 85.612831 222.864227 78.765907 225.020996
-50.134598 85.287056 222.462158 78.497490 224.609589
-50.119484 84.817955 222.121277 78.350883 224.224243
-50.118923 84.260841 221.829163 78.300255 223.860779
-50.137810 83.658379 221.573273 78.314171 223.514160
-50.178059 83.040077 221.342560 78.361839 223.179688
-50.239765 82.424934 221.128174 78.415230 222.853210
-50.321716 81.822487 220.923828 78.451332 222.531769
-50.422169 81.236229 220.725769 78.452492 222.213531
-50.539028 80.665062 220.532440 78.406227 221.897705
-50.671021 80.106575 220.346558 78.320351 221.586273
-50.816566 79.562370 220.175171 78.217873 221.284149
-50.974586 79.058739 220.024261 78.124336 220.995605
-51.141426 78.636330 219.899384 78.071053 220.725128
-51.313599 78.357292 219.797058 78.072212 220.469299
-51.479965 78.249184 219.722443 78.138054 220.232483
-51.639771 78.339867 219.664856 78.250145 220.007721
-51.786083 78.609474 219.607697 78.353493 219.784821
-51.920437 79.016457 219.551270 78.487099 219.559601
-52.038670 79.533501 219.489044 78.606514 219.325867
-52.158981 80.125954 219.408539 78.738457 219.067535
-52.282597 80.769371 219.313110 78.879356 218.782043
-52.393539 81.419609 219.201843 78.974907 218.462921
-52.502708 82.017708 219.058685 79.033546 218.088745
-52.608154 82.506599 218.894989 79.082863 217.666199
-52.712708 82.860451 218.714844 79.125862 217.197540
-52.816063 83.057961 218.533539 79.165108 216.695099
-52.916634 83.079597 218.367981 79.194527 216.179260
-53.012161 82.918510 218.240326 79.223656 215.679871
-53.096344 82.586678 218.174316 79.257942 215.237396
-53.164085 82.129967 218.191010 79.313911 214.897461
-53.230026 81.669029 218.283447 79.411110 214.677917
-53.305401 81.357933 218.437073 79.558250 214.586548
-53.407181 81.298393 218.622467 79.770439 214.616211
-53.530449 81.560081 218.819550 80.053139 214.755005
-53.690025 82.196388 218.991211 80.480217 214.938599
-53.889221 83.139214 219.139648 81.152107 215.147583
-54.132187 84.478188 219.217621 82.041008 215.329376
-54.405621 86.179390 219.219574 83.183479 215.452972
-54.727039 88.229393 219.121399 84.553856 215.458038
-55.163322 90.488365 218.877075 86.129204 215.242737
-55.692814 92.908455 218.490356 87.941872 214.794678
-56.309181 95.302727 217.960541 89.913322 214.120453
-57.034241 97.617027 217.219055 91.882225 213.147614
-57.815079 99.731041 216.290649 93.675423 211.933197
-58.618618 101.422859 215.188568 95.258873 210.531586
-59.417992 102.626518 213.920929 96.520454 208.993073
-60.185287 103.341805 212.507355 97.409859 207.372101
-60.869186 103.652336 211.021271 97.953789 205.717834
-61.423370 103.667870 209.555084 98.247948 204.078979
-61.816044 103.511024 208.214417 98.401711 202.537567
-62.042393 103.282158 207.082184 98.509880 201.167603
-62.117844 103.053474 206.219818 98.671837 200.028748
-62.070114 102.880516 205.661285 98.964577 199.156433
-61.934441 102.799706 205.409027 99.452019 198.563873
-61.748787 102.833733 205.425629 100.143791 198.237518
-61.544670 102.976906 205.661469 101.036125 198.150726
-61.345348 103.210197 206.072144 102.082664 198.286316
-61.167007 103.519951 206.605774 103.216057 198.621063
-61.017483 103.881599 207.221313 104.349922 199.140656
-60.900917 104.264503 207.884491 105.406975 199.816193
-60.821304 104.661583 208.549011 106.296959 200.606415
-60.778950 105.060265 209.184753 106.950661 201.481079
-60.772972 105.444252 209.768829 107.343422 202.401031
-60.802689 105.809975 210.287476 107.482506 203.327362
-60.869057 106.165413 210.715942 107.377602 204.215515
-60.968273 106.498680 211.059814 107.080620 205.053772
-61.098938 106.804527 211.305176 106.629295 205.814728
-61.259865 107.078514 211.444092 106.071312 206.471741
-61.448837 107.314461 211.472778 105.453087 207.007629
-61.663074 107.505287 211.390533 104.823738 207.407928
-61.898178 107.644569 211.201080 104.235130 207.665436
-62.145592 107.726891 210.920380 103.726616 207.792206
-62.394482 107.735069 210.574860 103.352150 207.813538
-62.632183 107.661736 210.194214 103.137260 207.767395
-62.845757 107.495369 209.811920 103.099159 207.695953
-63.026054 107.226402 209.458160 103.204124 207.637115
-63.164146 106.848946 209.174866 103.441795 207.635468
