-53.207390 120.933205 147.970398 51.852394 157.270721
-49.786842 126.132149 105.166679 34.582672 124.102791
-46.689407 133.590515 63.627357 13.364761 82.560356
-41.409664 137.157623 29.804733 -2.165474 48.841431
-34.767788 136.715973 13.635048 -8.301018 31.225945
-28.435394 134.937073 12.059181 -7.533287 26.862175
-23.356869 134.250336 18.048538 -3.856712 30.273880
-19.605431 134.956177 25.743889 -0.177467 36.582901
-17.003845 135.988525 32.029205 2.269897 42.598579
-15.399677 136.477448 36.004997 3.458817 47.035004
-14.619236 136.151184 37.935478 3.766487 49.790749
-14.448551 135.135559 38.240654 3.552048 51.115471
-14.684475 133.644775 37.430870 3.085640 51.402306
-15.154980 131.900879 35.881523 2.510300 50.934822
-15.726002 130.052612 33.971573 1.931084 49.997643
-16.317383 128.176300 32.033775 1.462135 48.895332
-16.862568 126.345528 30.205582 1.115608 47.731979
-17.330730 124.569328 28.638329 0.917770 46.667458
-17.712399 122.849663 27.413910 0.876610 45.804634
-18.008766 121.197746 26.551949 0.964554 45.170860
-18.230888 119.628807 26.036728 1.153412 44.769775
-18.405773 118.149849 25.866707 1.426605 44.613411
-18.555447 116.773643 25.990265 1.753937 44.668129
-18.694782 115.507027 26.347038 2.104439 44.895180
-18.842556 114.355675 26.886833 2.454880 45.259827
-19.015621 113.318810 27.578743 2.792084 45.742538
-19.225216 112.395866 28.371811 3.094231 46.304321
-19.477264 111.586311 29.231300 3.335335 46.905556
-19.776955 110.885262 30.135956 3.500252 47.523102
-20.123459 110.290398 31.068382 3.579590 48.140892
-20.514652 109.803627 31.994385 3.565292 48.733322
-20.946072 109.425758 32.875931 3.451767 49.273140
-21.407303 109.157707 33.692215 3.232719 49.742210
-21.888088 108.994331 34.471870 2.910011 50.156731
-22.374538 108.940315 35.220230 2.479149 50.520142
-22.858696 109.000496 35.952560 1.944237 50.846642
-23.324867 109.189568 36.652405 1.305565 51.128899
-23.761463 109.511192 37.300743 0.585777 51.381630
-24.159016 109.970848 37.876694 -0.205574 51.598335
-24.515656 110.568184 38.322845 -1.056221 51.759575
-24.827213 111.293541 38.671021 -1.972519 51.876244
-25.094101 112.125069 38.900146 -2.934006 51.953331
-25.316128 113.044548 39.029510 -3.920235 52.009239
-25.489273 114.044197 39.052902 -4.930870 52.029427
-25.619347 115.110146 38.978546 -5.944908 52.025108
-25.717484 116.220772 38.861511 -6.933197 52.032967
-25.802326 117.350700 38.751526 -7.858467 52.089943
-25.894695 118.477867 38.685646 -8.686920 52.226433
-26.012321 119.591042 38.666069 -9.405365 52.432350
-26.174492 120.675224 38.673164 -10.001434 52.678505
-26.399548 121.712044 38.667007 -10.457947 52.921806
-26.711903 122.669487 38.704681 -10.757126 53.163811
-27.145584 123.501884 38.997726 -10.876167 53.496925
-27.726082 124.165886 39.653435 -10.783424 53.959511
-28.506870 124.579109 41.057816 -10.370575 54.829430
-29.490635 124.749428 43.217331 -9.598557 56.090034
-30.684368 124.620247 46.340157 -8.325432 57.990593
-32.031219 124.280617 50.307060 -6.544067 60.474831
-33.471405 123.681862 55.414818 -4.075089 63.948387
-34.924053 122.808769 62.283897 -0.589172 69.235085
-36.246685 121.678383 71.433266 4.221519 77.085915
-37.248787 120.404671 83.134636 10.453682 87.903740
-37.740425 119.113472 97.722466 18.232674 102.086647
-37.606415 117.980171 115.712227 27.594162 119.961647
-36.978741 117.143562 138.141846 38.696838 141.979736
-36.326538 116.950157 164.742401 52.046593 166.942993
-36.443657 117.432503 191.861847 68.510597 191.371826
-38.036510 117.773979 212.779449 88.925133 210.538300
-41.100174 116.741051 223.723663 111.201958 221.705566
-44.456940 114.278557 227.735748 128.452637 226.548950
-46.476765 112.154533 228.957245 134.574280 228.311554
-46.335957 112.518044 229.290070 129.590576 228.917297
-44.386471 115.576088 229.315613 118.847389 229.072266
-41.772381 119.148460 229.212341 110.096291 228.974884
-39.355362 121.315117 229.029083 106.810265 228.657959
-37.508434 121.688072 228.736115 107.639397 228.081085
-36.708595 120.648720 228.250488 110.748299 227.130432
-37.579315 118.862785 227.418030 115.264687 225.589874
-40.300224 116.945580 225.950806 120.851341 223.090881
-44.051212 115.238289 223.213745 125.818810 218.882294
-46.942207 113.688393 217.625214 124.824638 211.208649
-46.377007 111.643776 204.499084 107.090416 195.430450
-40.520061 109.124977 171.242584 61.979179 162.282318
-32.648766 110.599861 112.388908 8.355019 113.805611
-27.419735 117.618141 63.225685 -23.765747 73.981071
-24.165920 124.438332 42.826614 -38.106327 51.997597
-22.560734 128.335785 39.694626 -44.437778 42.247986
-22.873398 129.603058 41.915886 -46.882790 38.634277
-25.001667 128.766541 43.839699 -46.917789 38.279648
-28.567150 126.227516 44.393944 -45.077328 40.529900
-32.984459 122.490456 44.890320 -41.470272 45.446091
-37.516399 118.358452 47.529198 -35.932152 53.163063
-41.402649 115.011818 54.557076 -28.074379 64.060509
-44.049828 113.766685 68.108665 -17.183144 79.064339
-45.199287 115.510857 90.393837 -1.935951 99.722603
-45.090641 120.063133 122.824944 19.605064 127.580482
-44.606907 125.805138 162.446075 49.171112 161.914948
-44.771839 129.829102 198.298676 86.111198 195.691925
-45.514572 128.670990 219.145569 123.320824 217.692047
