-38.137859 110.745964 209.685760 102.051628 210.227966
-37.402168 110.379814 218.305328 103.917595 217.796753
-38.220009 110.692513 222.871307 107.535271 221.413513
-38.746124 110.484657 224.105835 108.012032 222.142120
-39.563015 109.925056 223.096710 104.915154 220.281097
-40.889820 109.428185 218.533875 96.966957 213.996368
-42.105831 110.101128 204.224670 81.187782 197.202118
-42.006145 112.979073 164.298889 52.739998 158.680267
-40.194927 116.788368 97.446663 16.794327 102.087791
-37.542477 119.732964 50.971245 -8.865746 59.655800
-34.270744 122.033607 37.763191 -20.436180 43.070084
-30.274246 124.946037 38.444168 -23.743435 40.183723
-26.675228 128.310760 42.033821 -22.554352 41.540649
-24.887234 130.979736 45.252701 -19.129578 44.168289
-24.775944 132.384979 46.996384 -15.096413 47.106117
-25.339931 132.799286 47.337837 -11.552750 49.578247
-25.906925 132.738373 47.030174 -8.972343 51.170525
-26.317268 132.530914 46.693123 -7.418175 51.890984
-26.639046 132.320831 46.537514 -6.715492 51.976967
-26.932503 132.165833 46.560509 -6.658241 51.659691
-27.223679 132.086456 46.691093 -7.077774 51.118645
-27.507103 132.096649 46.849312 -7.848358 50.465210
-27.762272 132.205231 46.966019 -8.874649 49.761482
-27.966705 132.411530 46.995667 -10.077995 49.043991
-28.103210 132.702148 46.914772 -11.390320 48.338654
-28.171364 133.044495 46.750084 -12.751076 47.687302
-28.182194 133.394867 46.565384 -14.104172 47.148705
-28.145481 133.705292 46.387718 -15.398350 46.757294
-28.072521 133.933685 46.265068 -16.600807 46.547859
-27.981289 134.047546 46.259041 -17.696873 46.552452
-27.880817 134.020264 46.389427 -18.662231 46.789810
-27.787918 133.836121 46.673019 -19.490494 47.255074
-27.718575 133.493896 47.128456 -20.191319 47.934731
-27.687546 133.000549 47.718330 -20.782848 48.772766
-27.701115 132.368225 48.398643 -21.284859 49.713188
-27.761284 131.608337 49.134422 -21.706104 50.714134
-27.862587 130.754364 49.865585 -22.065353 51.702003
-27.999207 129.839142 50.544945 -22.370686 52.620277
-28.163967 128.888458 51.140068 -22.617680 53.436546
-28.352154 127.932411 51.626686 -22.811729 54.115715
-28.562244 126.988091 51.930000 -22.950668 54.603020
-28.795742 126.059120 51.917793 -23.021442 54.812645
-29.056358 125.133522 51.429497 -23.027256 54.639519
-29.327862 124.207985 50.520500 -22.943840 54.124245
-29.603741 123.302406 49.376358 -22.715321 53.381645
-29.858280 122.465935 48.011162 -22.260593 52.441505
-30.117561 121.671852 46.625771 -21.536613 51.443733
-30.440060 120.910194 45.460251 -20.574318 50.503227
-30.789528 120.181358 44.610512 -19.355572 49.802155
-31.165230 119.406715 44.125748 -17.907135 49.483231
-31.523342 118.604988 44.063011 -16.283363 49.639137
-31.853840 117.840462 44.324951 -14.641739 50.147972
-32.150192 117.110100 44.777443 -13.026146 50.938774
-32.418884 116.417946 45.329910 -11.529518 51.892738
-32.665073 115.766289 45.890480 -10.230530 52.890724
-32.911232 115.103462 46.437553 -9.142334 53.898491
-33.167641 114.398064 46.931908 -8.267006 54.872200
-33.420227 113.660042 47.308800 -7.627342 55.738716
-33.657444 112.908073 47.552719 -7.223473 56.470955
-33.867596 112.171928 47.652306 -7.031532 57.047401
-34.041878 111.481133 47.582886 -7.018616 57.440605
-34.177624 110.853493 47.347847 -7.131424 57.651802
-34.276016 110.299904 46.965279 -7.316818 57.694893
-34.339813 109.820885 46.476173 -7.525513 57.605904
-34.373951 109.409004 45.926552 -7.713387 57.428307
-34.384811 109.051689 45.356598 -7.850174 57.200722
-34.376049 108.734413 44.798157 -7.906464 56.963768
-34.352043 108.446526 44.262703 -7.882050 56.726433
-34.317032 108.185341 43.764221 -7.791405 56.493202
-34.275440 107.935509 43.307518 -7.623901 56.281197
-34.227684 107.685829 42.874817 -7.367073 56.091820
-34.170906 107.433617 42.484047 -7.018074 55.937614
-34.107155 107.169456 42.156960 -6.566444 55.840981
-34.038536 106.896782 41.926270 -6.035378 55.809929
-33.964836 106.620934 41.768082 -5.435898 55.834938
-33.886391 106.334724 41.634979 -4.765999 55.893288
-33.797108 106.039619 41.515305 -4.032242 55.974815
-33.695511 105.743752 41.412392 -3.270607 56.061012
-33.581005 105.463341 41.340714 -2.522354 56.139168
-33.456043 105.217812 41.304222 -1.833130 56.191475
-33.324718 105.020622 41.295334 -1.232018 56.205147
-33.190876 104.876289 41.298508 -0.729370 56.173882
-33.057629 104.783165 41.300285 -0.324669 56.097389
-32.927063 104.736290 41.290672 -0.011185 55.979057
-32.800369 104.729378 41.263855 0.221581 55.824989
-32.678001 104.755898 41.217560 0.385719 55.642387
-32.560226 104.809074 41.153267 0.493935 55.439735
-32.446808 104.882744 41.073875 0.558388 55.224739
-0.000000 0.000000 0.000000 0.000000 0.000000
-0.000000 0.000000 0.000000 0.000000 0.000000
-0.000000 0.000000 0.000000 0.000000 0.000000
-0.000000 0.000000 0.000000 0.000000 0.000000
-0.000000 0.000000 0.000000 0.000000 0.000000
-0.000000 0.000000 0.000000 0.000000 0.000000
-0.000000 0.000000 0.000000 0.000000 0.000000
-0.000000 0.000000 0.000000 0.000000 0.000000
-0.000000 0.000000 0.000000 0.000000 0.000000
-0.000000 0.000000 0.000000 0.000000 0.000000
-0.000000 0.000000 0.000000 0.000000 0.000000
