-43.365444 96.580467 89.168007 33.701515 102.165916
-42.132931 100.361717 70.358925 23.859314 86.364479
-42.123764 105.205772 51.733864 12.348145 67.693336
-40.493877 107.621864 34.595886 2.930763 51.151665
-37.648960 107.890175 26.018044 -1.595154 41.744614
-34.350140 107.264702 25.502960 -1.589226 39.185173
-31.377487 106.877754 29.687431 1.184898 41.121552
-29.186962 107.105965 35.109917 4.892799 45.076790
-27.887428 107.697731 39.725914 8.251549 49.309708
-27.348396 108.300285 42.912102 10.690575 52.917488
-27.356068 108.725883 44.818268 12.158302 55.603905
-27.718796 108.935432 45.802521 12.835594 57.402809
-28.293697 108.961830 46.176094 12.942123 58.479134
-28.977165 108.860497 46.151703 12.658150 59.019310
-29.692959 108.685555 45.865913 12.114365 59.185463
-30.385483 108.480354 45.406395 11.402473 59.101463
-31.016426 108.274956 44.833199 10.588844 58.857201
-31.562527 108.086479 44.192986 9.724480 58.517479
-32.013008 107.922127 43.524246 8.849648 58.128929
-32.366634 107.782478 42.859428 7.996094 57.725304
-32.629402 107.663612 42.227005 7.188828 57.332008
-32.811768 107.560234 41.648994 6.445930 56.967216
-32.926945 107.466133 41.142822 5.779465 56.644310
-32.988743 107.376518 40.718399 5.194839 56.370674
-33.010723 107.287529 40.380295 4.693031 56.150352
-33.005112 107.196556 40.127899 4.270432 55.983635
-32.982555 107.102379 39.956055 3.920471 55.868126
-32.951408 107.004646 39.856483 3.634575 55.799110
-32.918118 106.903923 39.818535 3.403137 55.770454
-32.887566 106.800652 39.832130 3.216919 55.776436
-32.862610 106.696053 39.885735 3.066597 55.810265
-32.848179 106.590767 39.978127 2.931290 55.862892
-32.853252 106.486473 40.128075 2.773697 55.929375
-32.888462 106.390617 40.363068 2.541939 56.008308
-32.965736 106.308525 40.695854 2.189613 56.097343
-33.093727 106.247444 41.139404 1.679886 56.201805
-33.273640 106.211372 41.634789 1.013168 56.309654
-33.505398 106.193108 42.138374 0.209816 56.417625
-33.784088 106.190086 42.622467 -0.715912 56.522453
-34.103184 106.202385 43.081467 -1.746635 56.628883
-34.446674 106.240166 43.508652 -2.853577 56.742989
-34.797516 106.315590 43.852089 -4.023491 56.827782
-35.130772 106.442085 44.055130 -5.208397 56.855507
-35.429348 106.625053 44.096817 -6.383232 56.795662
-35.686314 106.858650 43.960686 -7.535118 56.612816
-35.893635 107.138405 43.665520 -8.629738 56.308266
-36.048454 107.450447 43.261543 -9.622673 55.914940
-36.155819 107.774727 42.818794 -10.489838 55.472878
-36.220695 108.099663 42.397469 -11.217529 55.023079
-36.251026 108.414833 42.035339 -11.804520 54.593498
-36.254688 108.710365 41.750145 -12.247871 54.207054
-36.238491 108.981041 41.528610 -12.558662 53.864326
-36.207756 109.227684 41.378777 -12.766129 53.566032
-36.166485 109.463310 41.280602 -12.919273 53.284706
-36.103340 109.724892 41.226418 -13.060600 53.001930
-36.018040 110.034370 41.176025 -13.251476 52.656471
-35.925175 110.386925 41.209068 -13.536976 52.256325
-35.837082 110.784523 41.349342 -13.908245 51.820793
-35.765682 111.239281 41.592651 -14.376965 51.346825
-35.719555 111.750816 41.940849 -14.932770 50.871429
-35.693874 112.330299 42.411819 -15.589569 50.416870
-35.649189 113.014595 43.002182 -16.295521 50.033882
-35.567459 113.812172 43.782852 -17.036228 49.768311
-35.455315 114.728035 44.895638 -17.826126 49.708458
-35.302032 115.736885 46.326614 -18.541912 49.977272
-35.106308 116.804893 47.996399 -19.200626 50.545212
-34.870743 117.917152 49.787109 -19.867439 51.319710
-34.592655 119.025536 51.668434 -20.480045 52.327065
-34.289127 120.116692 53.511360 -21.107590 53.454018
-33.952713 121.187233 55.048820 -21.756039 54.551979
-33.571583 122.208504 56.138603 -22.419312 55.510414
-33.134083 123.162285 56.732445 -23.082893 56.255745
-32.635170 124.041054 56.856758 -23.726223 56.750679
-32.075466 124.838966 56.576210 -24.308174 56.998802
-31.458248 125.554054 55.956001 -24.787815 57.013039
-30.789764 126.195808 55.042854 -25.152676 56.781975
-30.074978 126.764107 53.928139 -25.367901 56.355888
-29.330132 127.258507 52.713188 -25.426376 55.784416
-28.577778 127.673012 51.492683 -25.322948 55.125099
-27.834087 128.014740 50.337105 -25.069721 54.421410
-27.115417 128.296509 49.282433 -24.691391 53.697563
-26.436489 128.513580 48.388557 -24.187252 53.025414
-25.799706 128.675568 47.677269 -23.573997 52.448555
-25.196411 128.799561 47.137062 -22.874443 51.985100
-24.618862 128.897827 46.724854 -22.111416 51.622002
-24.070503 128.969299 46.447083 -21.307507 51.365990
-23.552132 129.016327 46.296417 -20.476692 51.221519
-23.064114 129.043549 46.255310 -19.640312 51.178612
-22.608452 129.055267 46.299149 -18.824623 51.215187
-22.188980 129.057800 46.413116 -18.060936 51.307137
-21.810596 129.058838 46.588234 -17.377960 51.434624
-21.475170 129.065582 46.800362 -16.793575 51.574944
-21.178589 129.080811 47.008301 -16.307716 51.704247
-20.915298 129.101624 47.177017 -15.909420 51.805412
-20.680538 129.120789 47.284966 -15.581913 51.868919
-20.467072 129.131439 47.325745 -15.303764 51.895882
-20.263271 129.125580 47.284058 -15.041042 51.889290
-20.057240 129.096161 47.155060 -14.761765 51.854240
-19.850658 129.032562 46.977318 -14.449669 51.813240
