-53.960972 116.378609 188.253571 83.737160 188.791473
-52.457428 114.614616 194.723572 93.478752 194.662323
-52.733253 115.563560 204.821320 99.831566 200.770966
-52.886246 114.754280 212.634552 103.129463 207.014282
-53.196735 112.530739 218.018219 104.738625 212.275970
-53.784409 109.605278 221.437439 105.209694 216.322784
-54.665752 106.925331 223.404144 104.823326 219.131927
-55.590675 105.301216 224.375549 103.669502 220.830811
-56.323830 104.859566 224.665985 101.991585 221.646149
-56.792503 105.242104 224.533173 100.372108 221.893433
-57.016289 106.009483 224.184418 99.187965 221.846039
-57.029316 106.775490 223.776306 98.482475 221.699158
-56.850540 107.336876 223.418457 98.115013 221.574371
-56.491234 107.608513 223.185760 98.075005 221.550293
-55.951508 107.642265 223.117126 98.319557 221.663574
-55.267105 107.505318 223.199463 98.871422 221.890594
-54.453575 107.271156 223.403015 99.624275 222.200592
-53.551086 107.025352 223.674683 100.466591 222.534912
-52.584927 106.773369 223.972443 101.254204 222.857971
-51.566017 106.501411 224.276978 101.945030 223.159912
-50.516525 106.223259 224.571442 102.493568 223.432739
-49.438744 105.942268 224.854584 102.904091 223.681183
-48.340454 105.690956 225.121002 103.142296 223.902710
-47.222763 105.471657 225.369171 103.201042 224.099792
-46.092121 105.282936 225.598969 103.112511 224.275665
-44.961018 105.113274 225.810394 102.922661 224.434418
-43.855606 104.949257 226.001129 102.679024 224.576172
-42.811371 104.774178 226.168213 102.428307 224.698822
-41.864494 104.567863 226.307770 102.192818 224.800659
-41.045921 104.299232 226.417725 101.993919 224.882233
-40.381844 103.936241 226.497559 101.841774 224.944946
-39.892094 103.449486 226.547791 101.738899 224.990662
-39.591202 102.818489 226.568146 101.668694 225.018860
-39.492168 102.029243 226.556122 101.593346 225.026794
-39.596119 101.066277 226.509155 101.480034 225.012543
-39.899052 99.929039 226.423920 101.293709 224.973877
-40.384125 98.637749 226.296509 100.986885 224.909607
-41.047531 97.227562 226.119324 100.541771 224.813446
-41.864777 95.746971 225.885590 99.939857 224.682648
-42.811089 94.251122 225.583618 99.168587 224.510071
-43.858509 92.848289 225.197571 98.222939 224.286591
-44.948383 91.609291 224.723419 97.153709 224.021515
-46.051125 90.629829 224.149078 96.006264 223.709930
-47.130058 89.974678 223.466003 94.833260 223.352722
-48.128571 89.662697 222.689209 93.726006 222.971222
-49.020782 89.723930 221.835236 92.710930 222.575623
-49.780319 90.131721 220.939514 91.819954 222.185577
-50.388680 90.820808 220.058533 91.115303 221.826080
-50.844479 91.717522 219.236023 90.573006 221.503693
-51.160927 92.714211 218.508240 90.184456 221.217163
-51.349617 93.712242 217.896179 89.918983 220.956573
-51.433243 94.623482 217.406250 89.782875 220.706726
-51.440403 95.393074 217.040985 89.813011 220.461761
-51.408634 95.993782 216.809784 90.029518 220.234344
-51.355255 96.404823 216.770172 90.538063 220.073456
-51.336086 96.680962 216.899994 91.114082 219.988708
-51.446068 96.857155 217.066010 91.435493 219.897614
-51.833553 96.917534 217.130585 91.372002 219.709534
-52.574608 96.931618 216.871674 90.329033 219.260559
-53.744072 96.684822 216.102234 87.834862 218.366882
-55.276863 96.057869 215.079132 84.842491 217.104980
-56.998360 95.431633 213.763214 81.223122 215.364288
-58.839043 94.414055 212.191315 77.783134 213.087738
-60.659069 92.702950 210.402679 75.017479 210.305237
-62.346901 90.099281 208.366425 73.270683 207.088196
-63.830044 86.901665 205.966614 72.344124 203.608185
-65.061157 83.371254 203.373657 72.243263 200.360901
-66.031090 79.990303 200.844360 72.716682 197.825806
-66.778473 76.900093 198.555878 73.541954 196.116516
-67.341370 74.336906 196.653687 74.510658 195.213745
-67.755325 72.393089 195.123199 75.354195 194.874847
-68.039131 71.077599 194.043884 76.051262 194.988800
-68.208534 70.374596 193.459381 76.616188 195.454865
-68.282051 70.257927 193.276886 77.014015 196.116730
-68.275871 70.644524 193.357086 77.238304 196.827637
-68.204292 71.448784 193.560822 77.263039 197.477783
-68.082581 72.524529 193.765289 77.165016 197.978455
-67.923172 73.767128 193.934174 77.019234 198.309448
-67.728149 75.122154 194.017212 76.857430 198.460571
-67.501434 76.520683 194.030457 76.675209 198.472900
-67.243393 77.921379 194.037079 76.500938 198.410339
-66.959892 79.304161 194.049194 76.417992 198.261414
-66.657265 80.624641 194.085938 76.483498 198.062469
-66.340050 81.861580 194.197296 76.726234 197.878387
-66.019012 82.993935 194.400055 77.159950 197.730194
-65.704216 84.007957 194.691833 77.801689 197.623749
-65.399872 84.905983 195.089203 78.671837 197.585968
-65.108765 85.713799 195.588715 79.743172 197.625824
-64.833839 86.448997 196.186096 80.972099 197.756378
-64.577827 87.123344 196.872620 82.298790 197.988068
-0.000000 0.000000 0.000000 0.000000 0.000000
-0.000000 0.000000 0.000000 0.000000 0.000000
-0.000000 0.000000 0.000000 0.000000 0.000000
-0.000000 0.000000 0.000000 0.000000 0.000000
-0.000000 0.000000 0.000000 0.000000 0.000000
-0.000000 0.000000 0.000000 0.000000 0.000000
-0.000000 0.000000 0.000000 0.000000 0.000000
-0.000000 0.000000 0.000000 0.000000 0.000000
-0.000000 0.000000 0.000000 0.000000 0.000000
