-41.581566 88.676445 176.319336 60.434639 169.211456
-42.954788 82.562752 201.706909 72.221306 197.412445
-46.881775 82.675056 217.022278 81.864128 213.195129
-49.370720 83.068871 223.885925 87.684669 221.446228
-50.749756 83.395805 226.739746 89.527580 225.306580
-51.181004 83.107735 227.886902 87.879677 227.003479
-50.982094 82.633430 228.297577 84.475044 227.665192
-50.546707 82.953819 228.337524 81.285164 227.781647
-50.220192 84.373131 228.128784 79.404716 227.539001
-50.217976 86.180382 227.705078 78.803917 227.004669
-50.596306 87.434517 227.082977 78.803001 226.225525
-51.272785 87.732231 226.296600 78.744133 225.272858
-52.095619 87.257469 225.406281 78.354408 224.242432
-52.920433 86.409233 224.488403 77.707619 223.230316
-53.650723 85.512764 223.617340 77.021858 222.311127
-54.240211 84.741829 222.850891 76.500557 221.530457
-54.678295 84.149803 222.223022 76.269447 220.906921
-54.975014 83.721870 221.743530 76.370399 220.439087
-55.149544 83.415596 221.403107 76.779305 220.113770
-55.223602 83.186836 221.180878 77.428185 219.913269
-55.217686 83.002861 221.051941 78.225014 219.819855
-55.148994 82.844261 220.993042 79.071831 219.818054
-55.030888 82.702538 220.985657 79.880394 219.894592
-54.873352 82.575569 221.016815 80.581398 220.037476
-54.683395 82.463661 221.078217 81.128929 220.234985
-54.466011 82.366783 221.164978 81.500404 220.475372
-54.225452 82.284416 221.274017 81.693031 220.746948
-53.965752 82.215309 221.402832 81.718452 221.038177
-53.691429 82.158348 221.548706 81.597603 221.337952
-53.407730 82.111977 221.708344 81.356239 221.636444
-53.120937 82.075478 221.877838 81.021080 221.925018
-52.838638 82.050865 222.050964 80.617058 222.195129
-52.574638 82.038628 222.214844 80.161919 222.434143
-52.336494 82.043098 222.360046 79.680473 222.635162
-52.138474 82.088036 222.472717 79.197151 222.787628
-51.996300 82.194740 222.540588 78.746315 222.883270
-51.916859 82.356636 222.559662 78.353004 222.924622
-51.907482 82.582893 222.520813 78.022316 222.908234
-51.968887 82.846306 222.411743 77.731712 222.830566
-52.103252 83.116844 222.223358 77.485497 222.688690
-52.321739 83.385643 221.936554 77.267555 222.469971
-52.624123 83.625191 221.533722 77.078163 222.163727
-52.999062 83.809990 221.017578 76.958168 221.776062
-53.445011 83.952538 220.375366 76.882347 221.297302
-53.938503 84.039040 219.615570 76.847069 220.736877
-54.451572 84.053749 218.759827 76.841469 220.110992
-54.959908 83.998940 217.840790 76.888741 219.438354
-55.432343 83.873283 216.910706 77.008385 218.752869
-55.838539 83.667900 216.020508 77.181862 218.088379
-56.156715 83.395561 215.219788 77.409035 217.476379
-56.374725 83.081688 214.543182 77.676506 216.939453
-56.487766 82.776466 214.013123 77.989326 216.490723
-56.501556 82.547600 213.638367 78.389000 216.133820
-56.425957 82.448647 213.450897 78.979851 215.895142
-56.301483 82.574409 213.448944 79.878914 215.774445
-56.162125 82.901634 213.581390 80.919838 215.757355
-56.032578 83.404976 213.833405 82.158806 215.831421
-55.945171 84.066826 214.150757 83.491814 215.960297
-55.917862 84.962120 214.463348 84.871727 216.079803
-55.967712 86.120216 214.702942 86.263680 216.128021
-56.114830 87.543816 214.792389 87.587379 216.032959
-56.367931 89.176399 214.666962 88.730568 215.716919
-56.722511 90.982063 214.301758 89.760521 215.134277
-57.176735 92.882561 213.662811 90.618752 214.245453
-57.685654 94.775383 212.799133 91.288063 213.083710
-58.205856 96.598732 211.795990 91.790489 211.728424
-58.717529 98.319664 210.688080 92.112465 210.214172
-59.191891 99.891319 209.556335 92.366234 208.617645
-59.603737 101.284126 208.494629 92.685341 207.029205
-59.928307 102.443657 207.594391 93.151146 205.571930
-60.151009 103.368034 206.937225 93.861443 204.355713
-60.279305 104.071190 206.546143 94.809181 203.438232
-60.333885 104.569557 206.402710 95.930275 202.828186
-60.334766 104.885429 206.471863 97.140877 202.508667
-60.301277 105.057228 206.707184 98.358177 202.438263
-60.248615 105.125969 207.063812 99.519951 202.572113
-60.195568 105.119576 207.475433 100.539223 202.840607
-60.148773 105.070137 207.913422 101.398048 203.203156
-60.109772 105.019402 208.359863 102.104286 203.622314
-60.081627 105.003868 208.785614 102.653389 204.058014
-60.065605 105.045372 209.168427 103.055580 204.477783
-60.061394 105.149681 209.498871 103.340630 204.861877
-60.069489 105.310539 209.765167 103.519646 205.196472
-60.085793 105.512581 209.972900 103.585915 205.489655
-60.107063 105.737663 210.134155 103.555534 205.750061
-60.130463 105.987755 210.257965 103.446648 205.980255
-60.158005 106.251930 210.339264 103.237907 206.176666
-60.186485 106.513832 210.384918 102.934807 206.344543
-60.215096 106.756691 210.400665 102.547737 206.486084
-60.242325 106.973763 210.393921 102.093987 206.605194
-60.267292 107.158043 210.369812 101.586433 206.705597
-60.287910 107.306450 210.334961 101.037102 206.792450
-60.300938 107.416985 210.297852 100.462486 206.873444
-60.298904 107.495277 210.283478 99.906227 206.971497
-60.273766 107.548897 210.316650 99.407204 207.112762
-60.220928 107.582573 210.407196 98.969063 207.315094
-60.132084 107.596977 210.570557 98.583549 207.602417
-60.005913 107.582390 210.807953 98.208260 207.986877
-59.840935 107.552391 211.123169 97.851845 208.468842
