-45.857899 122.605400 84.302467 41.668167 87.995064
-40.277657 125.656715 70.972420 34.182030 78.687416
-36.048828 129.225616 59.938194 24.925240 68.553246
-31.373814 130.771454 48.337204 16.562584 58.411842
-26.392628 130.841431 39.425316 10.630409 50.863663
-21.527550 130.075775 34.421021 7.592934 46.644966
-17.400082 128.971985 33.048943 7.036179 45.535065
-14.422649 127.913094 33.947266 7.983734 46.447914
-12.645523 127.057411 35.745438 9.470543 48.225418
-11.891953 126.347542 37.567909 10.911827 50.101692
-11.881416 125.706734 39.067162 12.041992 51.680672
-12.354362 125.062813 40.161110 12.831421 52.845589
-13.117165 124.381676 40.914993 13.329559 53.629860
-14.039570 123.658150 41.407333 13.591812 54.111855
-15.027473 122.911263 41.694527 13.670372 54.368401
-16.018661 122.162056 41.803871 13.612099 54.459526
-16.968925 121.417641 41.752319 13.472755 54.440804
-17.851303 120.685631 41.596611 13.298271 54.374016
-18.648315 119.981941 41.404144 13.111244 54.309669
-19.352283 119.318916 41.212448 12.931015 54.272469
-19.966923 118.703636 41.050346 12.769890 54.276512
-20.499966 118.133247 40.920212 12.639870 54.322411
-20.957718 117.602440 40.825249 12.553627 54.413124
-21.349037 117.111473 40.787285 12.507423 54.553825
-21.688747 116.659554 40.838058 12.489616 54.755608
-21.989227 116.244591 40.985329 12.487633 55.020210
-22.260033 115.865242 41.225449 12.485939 55.344200
-22.509911 115.521843 41.550865 12.463646 55.718636
-22.747227 115.212959 41.935150 12.400070 56.124290
-22.977818 114.935097 42.351448 12.282051 56.545174
-23.207077 114.682549 42.777969 12.101257 56.967827
-23.436630 114.451088 43.185089 11.855812 57.375420
-23.663700 114.237694 43.544617 11.548256 57.752495
-23.880802 114.044930 43.840393 11.182030 58.088661
-24.079777 113.884026 44.093216 10.753952 58.387703
-24.252831 113.766685 44.300751 10.260239 58.640877
-24.391361 113.712547 44.475311 9.692497 58.844658
-24.493782 113.724129 44.633171 9.056572 59.012794
-24.555489 113.803108 44.782166 8.356102 59.159996
-24.576180 113.932106 44.895241 7.610062 59.289803
-24.556698 114.103218 44.960159 6.824860 59.403923
-24.501053 114.312126 44.999954 5.996704 59.518684
-24.415249 114.551323 45.034592 5.128777 59.657539
-24.300247 114.824272 45.034081 4.210037 59.806313
-24.160213 115.126823 44.982414 3.251404 59.964149
-24.003456 115.459312 44.876915 2.248436 60.129738
-23.838367 115.823051 44.715057 1.192978 60.300484
-23.676804 116.217979 44.492920 0.078186 60.464928
-23.530949 116.646919 44.209976 -1.097206 60.608437
-23.416470 117.108742 43.867455 -2.325638 60.709099
-23.354092 117.591270 43.467041 -3.583557 60.737068
-23.366333 118.097328 42.992477 -4.864410 60.613564
-23.481327 118.642281 42.413216 -6.175301 60.206825
-23.735909 119.230400 41.686073 -7.508278 59.349068
-24.185062 119.841850 40.824898 -8.842560 57.903831
-24.877117 120.454826 39.734474 -10.161964 55.674904
-25.868362 121.025627 38.459404 -11.446381 52.673393
-27.161404 121.538918 37.088387 -12.690445 49.135246
-28.691837 121.908455 35.873398 -13.861691 45.751099
-30.216583 122.139503 35.686005 -14.580414 43.881607
-31.431877 122.140297 37.424950 -14.313049 44.982162
-31.998184 121.833672 42.509689 -12.272408 50.756516
-31.593014 120.985893 53.449409 -7.072052 63.471474
-30.046898 119.357948 74.820549 3.728760 86.134789
-27.784290 116.749947 113.373222 24.198227 122.090355
-26.702026 112.859596 168.126617 57.880989 169.224945
-29.374153 108.011406 211.010468 97.222786 207.989288
-35.166431 105.967873 225.874420 120.698845 224.064789
-41.035271 109.378807 229.019470 122.044502 228.330841
-44.991020 112.896309 229.701599 113.360954 229.435150
-45.745628 112.898506 229.889343 107.587029 229.770966
-43.508873 110.750755 229.951111 107.604195 229.889252
-39.676624 109.566826 229.968964 108.134727 229.928680
-35.416786 110.162117 229.965698 106.996925 229.929077
-31.652397 111.339561 229.949066 105.845711 229.898407
-29.162937 112.327736 229.918182 106.101982 229.825500
-28.409897 113.296059 229.861572 108.138725 229.671570
-29.407852 114.617699 229.749878 111.733727 229.333221
-31.683376 116.271294 229.512238 115.945763 228.545227
-35.049465 117.257713 228.954987 119.430550 226.643677
-40.220032 115.599083 227.400635 120.615639 221.889832
-45.762280 112.335899 221.527496 113.162712 208.672760
-47.281551 112.987556 190.571625 80.901711 168.639557
-44.946754 116.729668 98.792656 20.845749 95.331535
-42.896591 115.623451 40.302254 -18.496632 49.074081
-40.638103 112.657433 32.530861 -32.159439 39.531227
-38.127808 111.389076 37.754097 -36.701004 41.595345
-35.754887 111.794136 42.579460 -38.621765 44.194084
-34.035797 113.496452 44.144470 -39.884266 44.440613
-33.452736 115.676994 43.134521 -40.651707 42.921890
-34.025341 117.067604 41.102684 -40.306091 41.789703
-35.002670 117.005455 39.046059 -38.101841 42.600021
-34.989681 115.826805 37.800880 -33.001736 45.565155
-33.994930 114.528511 42.422783 -22.987778 52.979378
-33.874592 114.318977 63.202538 -4.925957 71.782219
-34.701927 115.678658 106.306602 24.311501 108.026192
-36.597080 117.709419 162.847260 64.807045 158.312744
-41.223881 119.272606 205.492401 107.559166 201.226440
-48.012215 121.760963 222.978149 139.363037 221.304199
