-37.340343 107.567253 215.939758 110.878120 217.007965
-37.473415 107.322151 216.572571 110.985481 218.153473
-41.689774 111.448982 217.552979 114.834343 217.394806
-44.306728 115.223595 216.168976 112.331139 214.520172
-46.090683 118.095314 211.288788 105.037590 208.211487
-47.026180 120.033562 200.246063 93.121330 196.185944
-46.747543 120.689262 178.336731 75.927864 174.992279
-44.697361 119.956993 140.720245 52.265144 141.003784
-40.665962 118.437721 92.325859 25.466377 97.554787
-35.473515 117.650322 52.253517 3.662903 60.156395
-30.531822 118.831184 32.922981 -9.001114 41.122787
-26.670017 122.302666 30.071281 -14.298904 37.627037
-24.048996 127.153664 34.845253 -15.222309 41.301826
-22.838982 131.541016 40.891762 -14.369797 45.940331
-22.949883 134.336578 45.594711 -13.216419 49.025581
-23.916409 135.609039 48.787598 -12.242699 50.459274
-25.197163 136.012543 50.586342 -11.647499 50.471809
-26.459133 136.074341 51.308266 -11.559204 49.456505
-27.559151 135.978973 51.380180 -11.951988 48.043533
-28.432217 135.795074 50.948433 -12.738586 46.586044
-29.066704 135.567444 50.143089 -13.831120 45.260056
-29.465019 135.311798 49.144836 -15.130451 44.180260
-29.632149 135.035004 48.126213 -16.535484 43.403419
-29.579517 134.740997 47.206276 -17.964008 42.922859
-29.330341 134.418457 46.454842 -19.343914 42.706207
-28.922836 134.041962 45.990005 -20.598339 42.781128
-28.402519 133.594421 45.855026 -21.676910 43.138298
-27.815464 133.071106 45.966415 -22.574409 43.687119
-27.200077 132.472382 46.188820 -23.310852 44.314621
-26.602791 131.781586 46.505745 -23.874630 45.015862
-26.057228 130.999390 46.832710 -24.269703 45.755394
-25.599998 130.129700 47.149620 -24.492676 46.513687
-25.260921 129.173004 47.509056 -24.537910 47.319077
-25.051456 128.157867 47.899368 -24.428936 48.152374
-24.977451 127.103630 48.356049 -24.183231 49.032532
-25.030964 126.038567 48.864197 -23.827126 49.939461
-25.185299 125.021370 49.297775 -23.426155 50.753700
-25.411480 124.076897 49.578583 -23.016041 51.410057
-25.682995 123.221931 49.692337 -22.610886 51.886772
-25.979977 122.474403 49.658081 -22.225819 52.185265
-26.298401 121.810051 49.545341 -21.848866 52.365303
-26.651588 121.166466 49.456612 -21.446312 52.526619
-27.011833 120.533913 49.268799 -21.076279 52.550789
-27.345253 119.901176 49.003189 -20.783318 52.351982
-27.578873 119.287895 48.453873 -20.577145 51.799904
-27.692516 118.664604 47.510635 -20.386173 50.873169
-27.716312 117.942451 46.534912 -20.110744 49.785797
-27.702972 117.114311 45.809296 -19.752045 48.551750
-27.774586 115.906151 46.010635 -18.982262 47.965385
-27.975098 114.434517 47.004265 -17.824333 48.133812
-28.107807 113.063881 47.699104 -16.635258 48.278191
-28.128578 111.881905 47.973061 -15.551662 48.235130
-28.080009 110.829750 47.993431 -14.533676 48.230453
-28.036743 109.870781 48.070580 -13.504311 48.569695
-28.057480 109.036354 48.291855 -12.478706 49.290192
-28.159893 108.311623 48.728233 -11.468666 50.372879
-28.343632 107.674980 49.362389 -10.483818 51.748360
-28.569157 107.141563 49.936340 -9.617393 53.176170
-28.820324 106.692680 50.404182 -8.912544 54.558220
-29.076786 106.331688 50.687080 -8.405167 55.762474
-29.327686 106.042137 50.749893 -8.073174 56.718605
-29.567715 105.796654 50.592140 -7.855247 57.407265
-29.794750 105.574409 50.231361 -7.692932 57.837074
-30.010727 105.353554 49.749321 -7.534348 58.076942
-30.220356 105.114922 49.233513 -7.338425 58.203163
-30.416153 104.846107 48.675163 -7.078209 58.243828
-30.595196 104.542259 48.109291 -6.757149 58.230309
-30.751999 104.198280 47.545959 -6.379372 58.181282
-30.888515 103.810936 46.967522 -5.955208 58.088737
-30.990700 103.388496 46.323402 -5.524147 57.899651
-31.061909 102.902412 45.686028 -5.049507 57.686638
-31.095684 102.370872 44.987892 -4.555679 57.387291
-31.087673 101.794975 44.199905 -4.043472 56.999138
-31.038738 101.175728 43.328957 -3.512962 56.530281
-30.958893 100.496284 42.433769 -2.925400 56.046532
-30.847584 99.763191 41.472229 -2.277557 55.518639
-30.704273 98.968681 40.423805 -1.564369 54.940529
-30.535950 98.117134 39.380592 -0.802773 54.363014
-30.359509 97.240395 38.509010 -0.036568 53.874046
-30.193844 96.380791 37.928383 0.687279 53.535927
-30.053654 95.581932 37.652855 1.327110 53.357674
-29.944275 94.878685 37.615700 1.856659 53.307014
-29.866310 94.292427 37.734612 2.261780 53.339897
-29.817272 93.829887 37.935936 2.540672 53.417473
-29.791939 93.487572 38.160530 2.700439 53.506401
-29.784267 93.254433 38.366966 2.755035 53.582939
-29.788277 93.114693 38.533142 2.722137 53.633553
-29.798138 93.051140 38.647278 2.620636 53.651558
-0.000000 0.000000 0.000000 0.000000 0.000000
-0.000000 0.000000 0.000000 0.000000 0.000000
-0.000000 0.000000 0.000000 0.000000 0.000000
-0.000000 0.000000 0.000000 0.000000 0.000000
-0.000000 0.000000 0.000000 0.000000 0.000000
-0.000000 0.000000 0.000000 0.000000 0.000000
-0.000000 0.000000 0.000000 0.000000 0.000000
-0.000000 0.000000 0.000000 -0.000000 0.000000
-0.000000 0.000000 0.000000 -0.000000 0.000000
-0.000000 0.000000 0.000000 -0.000000 0.000000
-0.000000 0.000000 0.000000 -0.000000 0.000000
