-36.333176 117.972847 224.031281 114.645607 225.340454
-38.653507 117.278908 225.638977 115.016289 226.358154
-39.576599 116.305717 225.166138 113.558388 225.624207
-40.510075 116.309395 226.261627 113.896111 226.369354
-40.605206 115.943687 227.541473 113.527748 227.285950
-41.031837 115.273842 228.389160 112.726372 227.878265
-42.008736 114.396431 228.767273 112.167549 228.090424
-42.826805 113.616890 228.762726 111.688774 227.906860
-43.262035 113.182411 228.391541 111.074852 227.280579
-43.516941 112.939552 227.600739 110.610527 226.164124
-43.804081 112.591606 226.438416 110.182777 224.678711
-44.515324 112.280037 225.288696 110.238762 223.253845
-45.726646 111.903603 224.436981 109.987465 222.169434
-47.257553 111.503029 223.613953 109.291588 221.129913
-48.879799 111.195305 222.526367 108.595436 219.853058
-50.644020 111.039513 221.256897 108.253471 218.431366
-52.361828 110.990303 219.782959 108.146065 216.801117
-53.898460 110.857613 218.206268 108.021278 215.104553
-55.351013 110.642921 216.733032 107.928017 213.585754
-56.678967 110.237541 215.427277 107.636223 212.320404
-57.943977 109.763252 214.303162 107.271416 211.281708
-59.108292 109.312004 213.257782 106.903862 210.310974
-60.126446 108.885185 212.255768 106.509102 209.372192
-60.974098 108.479958 211.308685 106.062523 208.511047
-61.746674 108.289940 210.412689 105.813728 207.680725
-62.399498 108.144188 209.610199 105.582573 206.965271
-62.981377 108.032982 208.926697 105.371819 206.371155
-63.471283 107.933632 208.387421 105.171120 205.907562
-63.851036 107.830177 208.024872 104.998177 205.587067
-64.101875 107.703728 207.836090 104.840446 205.409973
-64.216927 107.567101 207.786987 104.702217 205.349823
-64.219582 107.419899 207.843933 104.585411 205.367767
-64.124344 107.231285 207.975922 104.455208 205.437897
-63.957020 107.005653 208.163879 104.310310 205.533630
-63.741356 106.738213 208.383942 104.144447 205.626740
-63.488403 106.431023 208.616852 103.940025 205.697968
-63.208374 106.068230 208.855347 103.668419 205.734894
-62.911129 105.674156 209.062988 103.339943 205.708801
-62.609688 105.303749 209.215179 102.996300 205.599823
-62.325138 104.945686 209.319427 102.620842 205.422058
-62.062927 104.588707 209.387329 102.216179 205.208038
-61.815750 104.201729 209.447418 101.761604 205.006836
-61.592361 103.792366 209.497375 101.297920 204.819733
-61.402863 103.357918 209.537048 100.832970 204.650970
-61.241261 102.894157 209.581238 100.367180 204.529419
-61.109512 102.386116 209.639008 99.875740 204.447205
-61.001495 101.890205 209.709625 99.390190 204.400940
-60.902107 101.403358 209.791138 98.904915 204.386566
-60.803246 100.965843 209.878143 98.449287 204.401062
-60.699661 100.583244 209.974915 98.015923 204.441895
-60.594212 100.281105 210.071747 97.628304 204.494354
-60.475632 100.024437 210.169128 97.280952 204.548279
-60.310387 99.668129 210.270691 96.889656 204.636688
-60.031410 99.117561 210.402344 96.366249 204.873535
-59.629974 98.302406 210.662750 95.597160 205.426300
-59.135494 97.450645 211.151062 94.842934 206.345947
-58.514977 96.560692 212.055817 93.999184 207.752594
-57.612469 95.379433 213.209320 92.834145 209.458191
-56.526688 93.849205 214.102295 91.193123 210.914520
-55.537373 92.109108 214.570862 89.254494 211.893127
-54.799896 90.228142 214.707611 87.240257 212.524353
-54.477837 88.444511 214.786560 85.441963 213.059021
-54.569687 86.753288 215.276367 84.149620 213.892822
-54.796181 85.296562 215.897919 82.971169 214.773132
-55.058472 84.137917 216.425232 81.946724 215.518463
-55.290779 83.364830 216.684814 81.170540 215.992645
-55.484062 82.789207 216.708405 80.433342 216.274200
-55.646027 82.212669 216.519684 79.541008 216.428131
-55.804142 81.522758 216.203491 78.550423 216.530151
-55.966091 80.901604 215.920380 77.792503 216.675262
-56.051483 80.484627 215.746674 77.388374 216.879639
-56.017776 80.289482 215.714600 77.256523 217.142303
-55.841232 80.268272 215.824219 77.301720 217.455872
-55.537209 80.346748 216.068207 77.426826 217.820557
-55.123322 80.502159 216.422302 77.631645 218.218445
-54.607994 80.692711 216.845459 77.870033 218.624573
-54.025471 80.880440 217.307343 78.088066 219.026001
-53.425591 81.063728 217.765442 78.267204 219.400818
-52.853081 81.200920 218.224976 78.428368 219.756104
-52.324081 81.290672 218.667847 78.533989 220.082245
-51.843506 81.364311 219.048676 78.600410 220.348450
-51.451973 81.419029 219.373718 78.662468 220.563660
-51.140610 81.476753 219.665619 78.763573 220.744080
-50.892078 81.528175 219.938934 78.873863 220.905609
-50.677780 81.575737 220.201752 78.973595 221.060333
-50.477226 81.611214 220.479523 79.049721 221.233215
-50.284363 81.636299 220.733582 79.081841 221.397247
-50.101723 81.648338 220.950836 79.079063 221.540863
-49.953018 81.654579 221.116364 79.063042 221.651550
-49.847824 81.659142 221.222809 79.032219 221.722687
-49.795280 81.659538 221.272827 78.987053 221.754639
-49.790779 81.656120 221.287842 78.937141 221.763000
-49.817078 81.650383 221.286621 78.885429 221.761566
-49.858086 81.644066 221.281769 78.831703 221.759247
-49.901493 81.638634 221.280426 78.777184 221.760590
-49.939453 81.635521 221.285095 78.723747 221.766541
-49.968739 81.635185 221.295502 78.673180 221.776031
-49.988926 81.637947 221.309021 78.627373 221.786499
-50.002220 81.643013 221.322632 78.587227 221.795258
