-52.182518 120.581886 135.916626 50.477150 135.078369
-48.230526 125.121223 108.734444 41.974174 116.131371
-44.959114 130.487427 86.032188 27.208282 93.484123
-40.612679 132.801056 65.490746 14.751656 73.557823
-35.597752 132.592590 52.161598 7.553978 60.002373
-30.668411 131.602081 46.470840 4.832146 53.150093
-26.414555 131.302979 46.568916 4.640556 51.649025
-23.065041 132.032928 49.330521 5.304504 53.190773
-20.691616 133.220520 52.116310 5.909775 55.717613
-19.310791 134.117706 53.438911 6.256592 57.995384
-18.812126 134.351166 52.980019 6.445107 59.538307
-18.958393 133.925415 51.030724 6.604691 60.259651
-19.460106 133.037048 48.190193 6.800003 60.292931
-20.078609 131.908142 44.968956 7.033463 59.803703
-20.666355 130.686005 41.811218 7.309166 59.008949
-21.152424 129.448212 38.879898 7.618286 58.041191
-21.517799 128.205933 36.220238 7.948204 57.008888
-21.775826 126.949226 33.948639 8.294037 56.053917
-21.938416 125.681389 32.109192 8.632858 55.265663
-22.021793 124.406273 30.736145 8.947556 54.716728
-22.042995 123.128181 29.850571 9.227356 54.456367
-22.020374 121.864586 29.443863 9.442940 54.479866
-21.965248 120.638100 29.491470 9.563255 54.758583
-21.890156 119.464333 29.969475 9.568382 55.262184
-21.809368 118.344444 30.881409 9.456650 55.981956
-21.739185 117.289055 32.188499 9.216278 56.874550
-21.694489 116.306938 33.841431 8.839394 57.894981
-21.687374 115.414330 35.732475 8.319298 58.962822
-21.731358 114.630516 37.738815 7.651390 59.990639
-21.839031 113.968422 39.753731 6.841797 60.913292
-22.020393 113.438408 41.680008 5.911278 61.681190
-22.281029 113.052269 43.416946 4.884262 62.248238
-22.621517 112.820000 44.879471 3.788696 62.584114
-23.035686 112.747917 46.011353 2.654671 62.681496
-23.509312 112.839027 46.778717 1.511429 62.543694
-24.027985 113.089745 47.198982 0.383408 62.200050
-24.569626 113.501457 47.320976 -0.719849 61.686974
-25.112164 114.049660 47.201805 -1.780472 61.060265
-25.638409 114.707954 46.910019 -2.787010 60.373589
-26.132744 115.452080 46.406464 -3.733757 59.609505
-26.589870 116.258842 45.773819 -4.618050 58.813850
-27.009068 117.093452 45.047310 -5.429817 58.009743
-27.394867 117.928322 44.286110 -6.158340 57.230431
-27.757309 118.746681 43.518326 -6.801445 56.489098
-28.104668 119.539070 42.720184 -7.352417 55.763557
-28.449017 120.289955 41.905312 -7.800186 55.054680
-28.804813 120.983253 41.115471 -8.131905 54.381248
-29.184902 121.605385 40.385445 -8.337280 53.756050
-29.597012 122.151802 39.724609 -8.412460 53.174660
-30.046146 122.610405 39.134361 -8.347633 52.637444
-30.532032 122.956917 38.610527 -8.124283 52.158989
-31.044754 123.187721 38.099945 -7.748497 51.707130
-31.566235 123.303154 37.519920 -7.238586 51.231407
-32.075603 123.283592 36.835533 -6.598328 50.741188
-32.554153 123.101860 36.116638 -5.828278 50.333992
-32.976055 122.751961 35.359520 -4.931129 50.067184
-33.331749 122.152840 34.846397 -3.834999 50.280052
-33.601212 121.276634 34.956902 -2.441055 51.366570
-33.780361 120.061592 36.554794 -0.588875 54.090569
-33.799454 118.534584 40.341019 2.026215 59.086891
-33.594234 116.785851 46.920876 5.670036 66.862831
-33.124516 114.988304 57.125877 10.566284 78.009422
-32.390327 113.431648 72.084358 17.032845 93.137871
-31.568760 112.498589 93.314415 25.531616 112.893654
-31.095932 112.570686 122.012367 36.571503 137.427612
-31.604229 113.674278 157.136810 50.906898 165.492706
-33.628860 115.126045 191.745178 69.426567 192.898254
-37.213112 115.428017 215.265442 92.026146 213.211304
-41.530449 113.383446 225.379150 113.837151 223.625397
-44.970264 109.567955 228.419373 125.811897 227.481171
-46.217274 106.565453 229.224579 124.664940 228.719666
-44.829849 106.797981 229.402527 114.634254 229.086426
-41.319988 109.907066 229.360046 103.695000 229.091949
-36.893394 113.353447 229.212219 98.139290 228.837708
-32.690872 115.632698 228.978729 97.875893 228.298676
-29.757221 117.006371 228.623169 100.217445 227.392120
-29.039551 118.164574 228.073120 103.647881 225.988800
-30.945599 119.352242 227.198944 107.938820 223.893066
-35.145805 120.501244 225.727661 113.255486 220.748199
-40.657455 121.607079 223.016205 118.918694 215.803345
-45.843231 122.693672 217.412567 121.177528 207.409912
-48.339828 123.137733 204.096375 109.921227 191.719574
-45.324486 121.788704 168.992432 69.639946 159.647858
-37.070038 121.791634 101.722343 10.806000 106.284584
-30.129379 127.192909 46.633369 -25.270634 58.960762
-26.300220 132.106171 26.895103 -38.870903 34.947159
-24.864281 133.453369 25.341370 -43.489464 26.193733
-25.606602 132.075012 28.268661 -44.434235 24.432167
-28.137470 128.859253 30.385986 -43.266365 26.227592
-31.975929 124.336815 31.338455 -40.444630 30.626167
-36.486328 119.079796 32.809982 -35.984650 37.405998
-40.896137 114.051277 36.782692 -29.659241 46.660042
-44.481159 110.535072 45.058754 -21.015652 58.917839
-46.771980 109.664970 59.521172 -9.190697 75.224663
-47.645195 111.920113 82.318581 7.213249 97.030785
-47.416813 116.660118 114.792549 29.571655 125.428413
-46.850204 122.058723 154.607452 58.253639 159.445129
-46.710842 125.643669 192.279846 91.728233 192.883484
-47.035564 124.813026 216.114899 124.380669 215.669037
