-41.581566 88.676445 176.319336 60.434639 169.211456
-42.954788 82.562752 201.706909 72.221306 197.412445
-46.881775 82.675056 217.022278 81.864128 213.195129
-49.370720 83.068871 223.885925 87.684669 221.446228
-50.749756 83.395805 226.739746 89.527580 225.306580
-51.181004 83.107735 227.886902 87.879677 227.003479
-50.982094 82.633430 228.297577 84.475044 227.665192
-50.546707 82.953819 228.337524 81.285164 227.781647
-50.220192 84.373131 228.128784 79.404716 227.539001
-50.217976 86.180382 227.705078 78.803917 227.004669
-50.596306 87.434517 227.082977 78.803001 226.225525
-51.272785 87.732231 226.296600 78.744133 225.272858
-52.095619 87.257469 225.406281 78.354408 224.242432
-52.920433 86.409233 224.488403 77.707619 223.230316
-53.650723 85.512764 223.617340 77.021858 222.311127
-54.240211 84.741829 222.850891 76.500557 221.530457
-54.678295 84.149803 222.223022 76.269447 220.906921
-54.975014 83.721870 221.743530 76.370399 220.439087
-55.149544 83.415596 221.403107 76.779305 220.113770
-55.223602 83.186836 221.180878 77.428185 219.913269
-55.217686 83.002861 221.051941 78.225014 219.819855
-55.148994 82.844261 220.993042 79.071831 219.818054
-55.030888 82.702538 220.985657 79.880394 219.894592
-54.873352 82.575569 221.016815 80.581398 220.037476
-54.683395 82.463661 221.078217 81.128929 220.234985
-54.466011 82.366783 221.164978 81.500404 220.475372
-54.225452 82.284416 221.274017 81.693031 220.746948
-53.965752 82.215309 221.402832 81.718452 221.038177
-53.691429 82.158348 221.548706 81.597603 221.337952
-53.407730 82.111977 221.708344 81.356239 221.636444
-53.120937 82.075478 221.877838 81.021080 221.925018
-52.838638 82.050865 222.050964 80.617058 222.195129
-52.574638 82.038628 222.214844 80.161919 222.434143
-52.336494 82.043098 222.360046 79.680473 222.635162
-52.138474 82.088036 222.472717 79.197151 222.787628
-51.996300 82.194740 222.540588 78.746315 222.883270
-51.916859 82.356636 222.559662 78.353004 222.924622
-51.907482 82.582893 222.520813 78.022316 222.908234
-51.968887 82.846306 222.411743 77.731712 222.830566
-52.103252 83.116844 222.223358 77.485497 222.688690
-52.321739 83.385643 221.936554 77.267555 222.469971
-52.624123 83.625191 221.533722 77.078163 222.163727
-52.999062 83.809990 221.017578 76.958168 221.776062
-53.445011 83.952538 220.375366 76.882347 221.297302
-53.938503 84.039040 219.615570 76.847069 220.736877
-54.451572 84.053749 218.759827 76.841469 220.110992
-54.959908 83.998940 217.840790 76.888741 219.438354
-55.432343 83.873283 216.910706 77.008385 218.752869
-55.838539 83.667900 216.020508 77.181862 218.088379
-56.156715 83.395638 215.219788 77.409050 217.476379
-56.374695 83.081764 214.543182 77.676552 216.939453
-56.487766 82.776451 214.013123 77.989311 216.490723
-56.501564 82.547646 213.638367 78.389030 216.133850
-56.425957 82.448662 213.450867 78.979897 215.895142
-56.301491 82.574409 213.448944 79.878960 215.774445
-56.162148 82.901665 213.581360 80.919853 215.757355
-56.032585 83.405022 213.833374 82.158821 215.831451
-55.945152 84.066856 214.150726 83.491844 215.960327
-55.917862 84.962090 214.463348 84.871758 216.079834
-55.967705 86.120247 214.702972 86.263725 216.128052
-56.114822 87.543831 214.792389 87.587456 216.032959
-56.367920 89.176384 214.666992 88.730629 215.716919
-56.722511 90.982048 214.301788 89.760567 215.134338
-57.176727 92.882561 213.662842 90.618797 214.245544
-57.685646 94.775398 212.799164 91.288109 213.083740
-58.205856 96.598732 211.796021 91.790520 211.728455
-58.717522 98.319664 210.688110 92.112495 210.214203
-59.191891 99.891319 209.556335 92.366310 208.617645
-59.603737 101.284126 208.494690 92.685356 207.029266
-59.928307 102.443703 207.594452 93.151100 205.571930
-60.151009 103.368050 206.937225 93.861412 204.355743
-60.279305 104.071190 206.546173 94.809181 203.438232
-60.333885 104.569557 206.402679 95.930260 202.828186
-60.334778 104.885429 206.471863 97.140877 202.508698
-60.301270 105.057274 206.707214 98.358162 202.438232
-60.248596 105.125984 207.063782 99.519936 202.572113
-60.195568 105.119591 207.475403 100.539238 202.840607
-60.148758 105.070183 207.913422 101.398048 203.203125
-60.109779 105.019417 208.359863 102.104301 203.622314
-60.081627 105.003929 208.785614 102.653404 204.057983
-60.065617 105.045357 209.168427 103.055626 204.477783
-60.061394 105.149681 209.498871 103.340706 204.861877
-60.069496 105.310585 209.765167 103.519707 205.196472
-60.085793 105.512611 209.972900 103.585976 205.489624
-60.107056 105.737648 210.134155 103.555595 205.750031
-60.130463 105.987770 210.257965 103.446693 205.980255
-60.157967 106.251945 210.339264 103.237953 206.176697
-60.186493 106.513863 210.384918 102.934883 206.344513
-60.215088 106.756660 210.400665 102.547752 206.486084
-60.242325 106.973824 210.393921 102.094032 206.605164
-60.267311 107.158073 210.369812 101.586510 206.705597
-60.287926 107.306465 210.334961 101.037148 206.792450
-60.300957 107.417030 210.297821 100.462517 206.873413
-60.298897 107.495338 210.283508 99.906273 206.971497
-60.273754 107.548943 210.316650 99.407234 207.112762
-60.220917 107.582603 210.407196 98.969093 207.315094
-60.132084 107.596947 210.570557 98.583565 207.602417
-60.005898 107.582375 210.807953 98.208321 207.986877
-59.840916 107.552376 211.123169 97.851875 208.468842
