-50.864014 117.506020 169.201904 80.312920 158.652161
-48.012142 114.701012 186.844177 98.806786 179.055817
-47.309227 111.489967 204.710052 111.241722 196.705566
-47.601387 107.663490 216.392303 120.419975 209.789276
-48.585724 104.638084 222.597778 125.628517 217.763885
-49.803009 102.881111 225.467560 126.547707 221.969849
-50.953583 102.419334 226.667358 124.193825 223.925598
-51.955494 103.313072 227.039642 120.345146 224.602142
-52.890469 105.173775 226.945068 116.515938 224.510925
-53.826672 107.093513 226.553162 113.363930 223.938324
-54.737202 108.258308 225.968109 110.741661 223.081055
-55.541199 108.371330 225.275818 108.358131 222.105713
-56.156322 107.679543 224.553711 106.094643 221.145905
-56.528976 106.568428 223.883759 104.067406 220.317169
-56.651756 105.383507 223.332733 102.408241 219.693298
-56.537827 104.321388 222.945953 101.191444 219.311157
-56.224201 103.470970 222.723175 100.355995 219.149261
-55.757561 102.841179 222.634705 99.825798 219.152161
-55.178764 102.357552 222.646118 99.527946 219.273315
-54.525764 101.946541 222.725861 99.398247 219.473358
-53.828751 101.562584 222.848236 99.379494 219.720093
-53.113594 101.171364 222.992188 99.419777 219.989410
-52.403145 100.777138 223.139771 99.469460 220.258850
-51.714256 100.385475 223.280975 99.522774 220.516083
-51.067589 100.010155 223.404968 99.564995 220.750336
-50.467194 99.645958 223.509857 99.580803 220.964691
-49.916645 99.297035 223.594208 99.550697 221.160583
-49.420952 98.974480 223.656647 99.461586 221.337738
-48.981644 98.696297 223.698456 99.320229 221.498322
-48.598003 98.478859 223.721558 99.132774 221.646423
-48.263100 98.334770 223.730621 98.909492 221.790070
-47.972610 98.278877 223.728424 98.653252 221.934113
-47.727089 98.327156 223.715240 98.360359 222.078308
-47.534508 98.492882 223.686768 98.022423 222.216766
-47.397964 98.772041 223.640533 97.648720 222.345856
-47.321312 99.149162 223.574890 97.262459 222.462280
-47.302288 99.592995 223.488434 96.884361 222.563202
-47.341042 100.066261 223.376556 96.534386 222.640442
-47.440414 100.527611 223.236115 96.260674 222.685059
-47.595242 100.930702 223.058533 96.058723 222.685150
-47.801468 101.221031 222.837006 95.945122 222.629822
-48.044121 101.336235 222.575134 95.937096 222.519501
-48.314003 101.261879 222.271851 95.996819 222.346771
-48.613350 101.004082 221.924011 96.065056 222.102417
-48.933372 100.567207 221.549591 96.150352 221.796661
-49.273369 99.996712 221.151367 96.167336 221.425293
-49.641819 99.336617 220.740723 96.135841 220.989563
-50.054581 98.638969 220.323364 96.062920 220.488281
-50.530613 97.949806 219.897766 95.948174 219.915619
-51.089046 97.294167 219.459839 95.803352 219.265839
-51.746574 96.673973 219.003876 95.639214 218.533783
-52.522507 96.071251 218.515533 95.438118 217.707031
-53.425987 95.458214 217.987457 95.212563 216.781616
-54.465965 94.780647 217.412506 94.938148 215.757538
-55.634583 94.006203 216.802094 94.643135 214.650818
-56.890602 93.095299 216.198975 94.335167 213.528076
-58.167183 91.835548 215.645569 93.829811 212.493530
-59.461113 90.171425 215.126465 93.121513 211.528992
-60.756657 88.264015 214.471741 91.773109 210.454163
-61.980721 86.081581 213.679504 89.847527 209.315399
-63.113800 83.650368 212.764069 87.509300 208.098450
-64.081116 81.459114 211.770142 85.051262 206.917603
-64.877563 79.509224 210.799255 82.795784 205.935944
-65.499008 77.881630 209.972565 80.718224 205.317139
-65.965660 76.660057 209.367432 79.035469 205.079712
-66.275566 75.962227 209.006622 77.651222 205.199799
-66.433846 75.701973 208.919464 76.579597 205.659698
-66.454865 75.848549 209.122314 75.996025 206.423492
-66.383095 76.400734 209.389191 75.660530 207.193726
-66.262604 77.182777 209.584381 75.511620 207.865173
-66.127113 78.073051 209.631500 75.469978 208.367737
-66.001884 78.985207 209.513428 75.505821 208.687103
-65.902359 79.859138 209.233704 75.568733 208.829895
-65.839668 80.664238 208.794861 75.619270 208.798126
-65.818832 81.358864 208.210480 75.636360 208.615234
-65.839508 81.943321 207.485535 75.581276 208.290955
-65.904121 82.383476 206.612732 75.430779 207.822174
-66.006409 82.683327 205.595367 75.149742 207.210663
-66.144386 82.833702 204.399872 74.734383 206.431274
-66.307098 82.817497 203.031616 74.206322 205.514069
-66.480911 82.642998 201.501465 73.608849 204.481964
-66.646736 82.326332 199.850433 72.976509 203.380280
-66.784248 81.878700 198.146973 72.374458 202.282227
-66.875900 81.348412 196.441650 71.806190 201.240448
-66.908081 80.776375 194.794342 71.281685 200.300964
-66.873360 80.196144 193.252167 70.782814 199.490967
-66.759781 79.657768 191.912109 70.323753 198.864349
-66.558411 79.225212 190.882538 69.924706 198.460175
-66.268196 78.948174 190.263977 69.607414 198.303070
-65.894791 78.879036 190.163177 69.432457 198.412292
-0.000000 0.000000 0.000000 0.000000 0.000000
-0.000000 0.000000 0.000000 0.000000 0.000000
-0.000000 0.000000 0.000000 0.000000 0.000000
-0.000000 0.000000 0.000000 0.000000 0.000000
-0.000000 0.000000 0.000000 0.000000 0.000000
-0.000000 0.000000 0.000000 0.000000 0.000000
-0.000000 0.000000 0.000000 0.000000 0.000000
-0.000000 0.000000 0.000000 0.000000 0.000000
-0.000000 0.000000 0.000000 0.000000 0.000000
