-46.551830 118.191322 127.534615 60.546165 123.859108
-43.138290 116.009392 155.719360 71.579597 149.520691
-42.494587 113.404060 185.960236 83.819267 175.548889
-43.100819 108.851570 207.169678 96.635811 196.870148
-44.630116 104.492287 218.920959 107.554527 211.274933
-46.340031 101.878166 224.446655 114.294487 219.503052
-47.653664 101.136391 226.876068 116.404976 223.762817
-48.387840 101.432152 227.950592 115.131752 225.912170
-48.662849 101.865715 228.434814 112.196114 227.013519
-48.688850 102.044319 228.642731 108.954628 227.587677
-48.636467 101.993523 228.700775 106.102257 227.875183
-48.618935 101.843086 228.657288 103.920937 227.986359
-48.687214 101.728569 228.525696 102.484474 227.972351
-48.856201 101.726143 228.303192 101.839073 227.858093
-49.131523 101.917519 227.976135 101.934944 227.653473
-49.494949 102.371819 227.529724 102.599449 227.363098
-49.911758 103.139183 226.954559 103.515602 226.987823
-50.328758 104.191368 226.260529 104.370308 226.531311
-50.691154 105.375298 225.486816 104.939583 226.008667
-50.962940 106.478737 224.694397 105.123329 225.445648
-51.124916 107.297737 223.949219 104.941551 224.875702
-51.175087 107.683922 223.302948 104.481468 224.333130
-51.119076 107.595924 222.784546 103.830070 223.844513
-50.962940 107.059044 222.404999 103.078026 223.428833
-50.716816 106.167534 222.155518 102.287193 223.092468
-50.380676 105.031075 222.022675 101.501198 222.839813
-49.953239 103.773720 221.986206 100.752434 222.668213
-49.434631 102.514595 222.023895 100.069969 222.569305
-48.825176 101.350533 222.116547 99.482414 222.533020
-48.129349 100.347939 222.247162 99.007042 222.548004
-47.355042 99.536293 222.402985 98.649483 222.604736
-46.517086 98.922325 222.572021 98.402153 222.691864
-45.635532 98.500740 222.743530 98.248634 222.796722
-44.735100 98.261299 222.906799 98.168861 222.905151
-43.838238 98.172905 223.055695 98.144493 223.006805
-42.969624 98.199516 223.185577 98.159309 223.093475
-42.150700 98.302238 223.293976 98.192207 223.160248
-41.403648 98.451103 223.377686 98.224770 223.201294
-40.755383 98.629784 223.435089 98.252464 223.210999
-40.226402 98.833138 223.463013 98.249794 223.183777
-39.838543 99.047829 223.458954 98.212181 223.114471
-39.610081 99.236504 223.423279 98.132195 223.003448
-39.555122 99.387489 223.353638 97.993767 222.847778
-39.687023 99.487144 223.246704 97.781502 222.643494
-40.012608 99.479836 223.106384 97.493462 222.394836
-40.524971 99.360939 222.929779 97.100883 222.100952
-41.213017 99.107307 222.718384 96.625038 221.763336
-42.065125 98.718636 222.471619 96.075340 221.382141
-43.062969 98.209343 222.187592 95.459557 220.955750
-44.184357 97.590691 221.864258 94.789330 220.481659
-45.404285 96.877968 221.498047 94.074913 219.956238
-46.701511 96.103111 221.080780 93.323738 219.370636
-48.051556 95.292076 220.606171 92.563454 218.718811
-49.444153 94.462822 220.062958 91.810631 217.992035
-50.878021 93.617485 219.442200 91.096107 217.181030
-52.340324 92.739967 218.750214 90.421684 216.298248
-53.799625 91.744972 217.996368 89.719063 215.379974
-55.300606 90.611809 217.157593 89.046242 214.398773
-56.868362 89.578194 216.160065 88.223732 213.263458
-58.450497 88.596062 215.001099 87.287437 211.977020
-60.037949 87.595695 213.652710 86.278038 210.483704
-61.548759 86.754326 212.129669 85.237770 208.813416
-62.953617 85.941460 210.430786 84.253990 206.999054
-64.232452 85.095177 208.582397 83.276054 205.110992
-65.378120 84.176903 206.617645 82.441002 203.194824
-66.365364 83.268394 204.637909 81.698128 201.368408
-67.178490 82.303673 202.796387 81.035805 199.777557
-67.816223 81.243004 201.292480 80.495796 198.578156
-68.299637 80.281944 200.138672 79.955940 197.735443
-68.663620 79.403328 199.328522 79.436211 197.254913
-68.936691 78.631386 198.814453 78.930840 197.093933
-69.140411 77.969337 198.559906 78.448433 197.212585
-69.289467 77.422920 198.524902 77.973732 197.564240
-69.396332 77.005104 198.654633 77.496941 198.083282
-69.470528 76.701851 198.901245 77.031425 198.720001
-69.519188 76.529793 199.213959 76.571693 199.418854
-69.549423 76.481560 199.532776 76.144875 200.121643
-69.563423 76.566490 199.823029 75.749306 200.784363
-69.566574 76.777962 200.022827 75.405785 201.352997
-69.561890 77.062111 200.107117 75.126945 201.811981
-69.548973 77.387825 200.071411 74.917519 202.155701
-69.522530 77.725792 199.949005 74.764397 202.405121
-69.476662 78.033867 199.793671 74.678429 202.602203
-69.407501 78.312172 199.643768 74.635384 202.776550
-69.313950 78.555611 199.530853 74.630211 202.948914
-69.198570 78.772652 199.461548 74.666206 203.126862
-69.061668 78.975563 199.464813 74.755241 203.335052
-68.903893 79.180138 199.560120 74.896294 203.589569
-68.728554 79.393272 199.745331 75.088112 203.893860
-68.539093 79.620827 200.019043 75.339348 204.247223
-0.000000 0.000000 0.000000 0.000000 0.000000
-0.000000 0.000000 0.000000 0.000000 0.000000
-0.000000 0.000000 0.000000 0.000000 0.000000
-0.000000 0.000000 0.000000 0.000000 0.000000
-0.000000 0.000000 0.000000 0.000000 0.000000
-0.000000 0.000000 0.000000 0.000000 0.000000
-0.000000 0.000000 0.000000 0.000000 0.000000
-0.000000 0.000000 0.000000 0.000000 0.000000
-0.000000 0.000000 0.000000 0.000000 0.000000
