-41.703083 99.879906 79.476448 32.888412 90.524010
-39.821049 103.712242 60.926033 22.800125 76.160912
-39.303623 107.651665 44.776596 11.603966 61.105782
-37.560429 109.091011 31.996239 3.188454 48.949806
-35.022411 108.716148 26.833824 -0.582512 42.890114
-32.373592 107.852211 27.836227 -0.562180 41.954201
-30.197487 107.365303 32.172676 1.655457 44.322479
-28.772827 107.455452 37.227165 4.547920 48.081238
-28.118553 107.849922 41.529709 7.125031 51.914253
-28.097435 108.235008 44.630142 8.958778 55.144051
-28.522381 108.442406 46.617722 10.003281 57.548119
-29.223682 108.435509 47.742310 10.386086 59.154747
-30.068516 108.248650 48.238365 10.271690 60.094719
-30.958599 107.941643 48.282677 9.803986 60.519814
-31.823242 107.574852 48.002647 9.094994 60.567131
-32.614353 107.197777 47.492081 8.229881 60.347557
-33.302387 106.844917 46.824951 7.275284 59.947929
-33.872997 106.536430 46.063324 6.284882 59.436028
-34.323608 106.280281 45.260971 5.302231 58.865349
-34.660076 106.076012 44.463654 4.362038 58.277885
-34.894062 105.917763 43.709198 3.490860 57.706520
-35.040390 105.796928 43.026108 2.706757 57.175545
-35.115292 105.704247 42.433548 2.020065 56.701714
-35.134609 105.631584 41.941010 1.433990 56.294273
-35.113121 105.571800 41.550407 0.946098 55.956795
-35.063644 105.519722 41.257317 0.549545 55.688118
-34.996883 105.471596 41.052483 0.234543 55.483391
-34.921162 105.425163 40.924156 -0.010147 55.335564
-34.842644 105.379250 40.858498 -0.196381 55.235863
-34.765701 105.333366 40.842125 -0.335297 55.175514
-34.692970 105.287682 40.862221 -0.437225 55.145912
-34.626614 105.246162 40.915016 -0.521553 55.137581
-34.569412 105.219185 41.008743 -0.623863 55.139778
-34.524212 105.222527 41.157715 -0.784843 55.146172
-34.495499 105.271538 41.366516 -1.048370 55.145271
-34.478489 105.384651 41.630150 -1.433403 55.133003
-34.471657 105.560783 41.879570 -1.935463 55.080650
-34.471336 105.792763 42.067986 -2.536133 54.971413
-34.471245 106.080666 42.197777 -3.235329 54.798088
-34.469322 106.418907 42.281219 -4.005043 54.576424
-34.461605 106.801872 42.329773 -4.813385 54.324104
-34.443871 107.220222 42.322365 -5.633171 54.038689
-34.410583 107.656548 42.241241 -6.425789 53.723503
-34.357666 108.104912 42.088890 -7.185875 53.370857
-34.281345 108.565132 41.867256 -7.911316 52.968956
-34.181168 109.029945 41.591942 -8.575783 52.533302
-34.061798 109.487663 41.289772 -9.160500 52.082695
-33.928001 109.928352 40.995720 -9.649406 51.642708
-33.784676 110.342995 40.743309 -10.031776 51.241600
-33.637028 110.724663 40.546661 -10.307777 50.894371
-33.491329 111.065041 40.412582 -10.478752 50.613289
-33.349857 111.364235 40.320381 -10.561409 50.385559
-33.211849 111.625313 40.265701 -10.576035 50.204132
-33.076141 111.858620 40.259270 -10.549713 50.066681
-32.926769 112.097404 40.262283 -10.530617 49.917938
-32.751198 112.369926 40.245628 -10.547714 49.716331
-32.560215 112.672203 40.193222 -10.648438 49.398293
-32.352654 113.031822 40.098900 -10.825089 48.957008
-32.124958 113.494301 40.042961 -11.096031 48.412781
-31.887093 114.069099 40.090118 -11.454544 47.823029
-31.648186 114.753487 40.356033 -11.879410 47.292007
-31.398518 115.574211 40.900253 -12.348541 46.910500
-31.143074 116.538643 41.692558 -12.891624 46.695488
-30.856846 117.641212 42.768150 -13.474747 46.731056
-30.541775 118.837822 44.074486 -14.059319 47.054207
-30.230289 120.053963 45.623161 -14.654408 47.700851
-29.916084 121.254356 47.233521 -15.276390 48.584282
-29.585575 122.385704 48.856857 -15.902744 49.690285
-29.241875 123.435097 50.407921 -16.590103 50.916878
-28.866905 124.400063 51.742455 -17.341057 52.151909
-28.452763 125.266350 52.726219 -18.148872 53.269035
-27.994839 126.019707 53.283302 -18.978981 54.169991
-27.495018 126.654182 53.433495 -19.786331 54.810753
-26.961655 127.168526 53.240181 -20.513241 55.189705
-26.407467 127.569893 52.790749 -21.113430 55.328682
-25.848797 127.884514 52.145851 -21.579845 55.224342
-25.295044 128.126526 51.397209 -21.878784 54.938667
-24.755974 128.315918 50.599251 -22.009899 54.504570
-24.245747 128.468781 49.785110 -21.984226 53.944160
-23.769730 128.601837 49.026672 -21.814461 53.313866
-23.334007 128.735565 48.353134 -21.523777 52.646034
-22.934246 128.881348 47.765289 -21.125317 51.971642
-22.561394 129.046112 47.278336 -20.635979 51.327309
-22.201401 129.234589 46.887817 -20.067474 50.738457
-21.844170 129.441772 46.563698 -19.429874 50.208855
-21.491329 129.651459 46.332809 -18.731411 49.772125
-21.148800 129.853302 46.212036 -17.987125 49.449783
-20.818127 130.045502 46.190712 -17.221901 49.240288
-20.499352 130.228424 46.252869 -16.463367 49.134438
-20.194332 130.405487 46.382156 -15.743095 49.115463
-19.907867 130.582886 46.566551 -15.094856 49.163231
-19.642365 130.764313 46.782730 -14.540379 49.256454
-19.394070 130.946625 46.991783 -14.081833 49.372620
-19.158886 131.121796 47.161903 -13.711067 49.493225
-18.933262 131.281616 47.270218 -13.417095 49.600266
-18.712360 131.418976 47.305420 -13.182518 49.683006
-18.492062 131.523041 47.266289 -12.972618 49.745430
-18.264423 131.581879 47.138802 -12.744186 49.788170
-18.030895 131.592987 46.946938 -12.485771 49.813690
