-1.145602 4.250216 -23.700575 -12.617950 -21.047731 -0.856222 -0.344860 -14.864390 16.705553 18.728630
-1.976911 4.236093 -22.589518 -13.841622 -20.697189 -0.545447 -0.869447 -14.467967 17.101236 18.404171
-2.699218 4.155712 -21.513237 -14.973403 -20.326633 -0.056355 -1.520793 -14.005724 17.389347 18.006584
-3.327795 3.949184 -20.263594 -16.363731 -19.973482 0.417558 -2.118716 -13.593029 17.777578 17.445633
-3.851968 3.564842 -19.151987 -17.713650 -19.300962 0.835121 -3.005678 -12.849878 17.774044 16.506981
-4.565666 4.014575 -17.895536 -19.741098 -18.460308 1.049246 -2.548977 -12.546160 17.510767 16.471851
-4.637514 3.410595 -16.535223 -21.069590 -17.668840 1.949554 -3.415797 -11.457693 17.483677 15.400419
-4.825738 2.885646 -15.526401 -22.144072 -16.942837 2.557157 -4.398219 -10.573840 17.271812 14.309250
-5.047750 2.566654 -14.763407 -22.893623 -16.350790 3.088469 -5.338475 -9.928066 17.040592 13.462885
-5.456125 2.075568 -13.608552 -23.892550 -15.452094 3.982078 -7.089469 -8.796046 16.462652 12.045777
-5.846618 1.679458 -12.687894 -24.706812 -14.699711 4.759360 -8.841120 -7.823042 15.868403 10.797244
-6.268909 1.284865 -11.574053 -25.643768 -14.027868 5.560688 -10.507590 -6.857967 15.417581 9.632905
-6.427902 0.903221 -10.795401 -26.330971 -13.517244 6.061939 -11.672312 -6.083229 15.047380 8.715826
-6.626905 0.625310 -10.184723 -26.866137 -12.979119 6.418285 -12.694461 -5.368776 14.598034 7.921623
-6.936842 0.442581 -9.516346 -27.388329 -12.552264 6.810427 -13.614463 -4.726758 14.245358 7.225473
-7.412261 0.354065 -8.763680 -28.012217 -12.187391 7.239215 -14.578821 -4.161425 13.993609 6.632455
-8.200752 0.393002 -7.906393 -28.847975 -11.671527 7.674512 -15.503567 -3.472374 13.804482 6.235264
-8.818120 0.373021 -7.238594 -29.596506 -10.994795 8.014818 -16.167065 -2.761705 13.575437 5.869985
-9.497542 0.438698 -6.826977 -30.176941 -10.277047 8.144299 -16.524054 -2.004891 13.330678 5.698267
-10.077474 0.460315 -6.356961 -30.730883 -9.654840 8.328105 -16.837990 -1.283941 13.153989 5.529750
-10.624249 0.437345 -5.856860 -31.306725 -9.050651 8.499738 -17.192247 -0.613160 12.942623 5.297269
-11.226772 0.460006 -5.288733 -31.855003 -8.471887 8.747655 -17.659624 0.026963 12.743342 5.065187
-11.815235 0.495684 -4.736205 -32.412453 -7.874738 8.982995 -18.017017 0.627160 12.612535 4.885914
-12.258437 0.492740 -4.304031 -32.858440 -7.379655 9.107533 -18.183804 1.152188 12.502793 4.745045
-12.492058 0.416477 -4.021013 -33.170029 -6.925815 9.144693 -18.236795 1.635749 12.334746 4.572067
-12.702648 0.347374 -3.777630 -33.441620 -6.523548 9.130449 -18.247557 2.070483 12.173052 4.432529
-12.861339 0.274228 -3.615842 -33.653984 -6.204890 9.080112 -18.189507 2.420384 12.033648 4.320063
-12.890363 0.189384 -3.564256 -33.766430 -5.973551 8.987073 -18.036537 2.650724 11.934913 4.251813
-12.908406 0.142035 -3.542767 -33.827698 -5.843855 8.918229 -17.946140 2.782586 11.870805 4.211110
-12.946758 0.125687 -3.561031 -33.871967 -5.741700 8.850785 -17.852718 2.863247 11.837706 4.218161
-12.934637 0.107415 -3.579484 -33.876854 -5.688438 8.819003 -17.794561 2.903925 11.819255 4.216289
-12.968309 0.126056 -3.554144 -33.910530 -5.684227 8.830449 -17.759809 2.891161 11.871154 4.260883
-13.064697 0.190930 -3.512022 -33.982029 -5.684016 8.874059 -17.675346 2.839324 12.035396 4.408604
-13.202447 0.318602 -3.538080 -34.069431 -5.682460 8.863969 -17.391998 2.716798 12.334550 4.727471
-13.153272 0.429370 -3.775589 -34.044003 -5.717238 8.683894 -16.687290 2.477303 12.756553 5.253041
-13.112694 0.586887 -4.033605 -33.963333 -5.888146 8.448534 -15.851435 2.121632 13.269071 5.876343
-12.936812 0.751802 -4.417899 -33.780113 -6.189654 8.107472 -14.645117 1.586141 13.939983 6.670179
-12.646506 0.836302 -4.819535 -33.614994 -6.476775 7.685781 -13.372554 1.080808 14.573012 7.399091
-12.457631 1.059409 -5.388238 -33.323845 -6.753673 7.154838 -11.944036 0.511025 15.230957 8.314696
-12.401730 1.266981 -5.727486 -33.198631 -6.975971 6.785538 -10.864672 0.014702 15.803600 9.067552
-12.395703 1.443833 -6.064066 -33.097641 -7.189503 6.395393 -9.870880 -0.474118 16.328997 9.752599
-12.287272 1.552586 -6.437216 -32.891903 -7.353703 5.945134 -8.822260 -0.831069 16.736469 10.340953
-12.143590 1.650245 -6.860809 -32.653545 -7.418696 5.511416 -7.823891 -1.107373 17.078102 10.910614
-12.111844 1.813951 -7.262556 -32.429371 -7.523043 5.185746 -6.943209 -1.454045 17.465347 11.500305
-12.017570 1.917171 -7.606062 -32.289013 -7.605379 4.871753 -6.096056 -1.826379 17.839525 12.032495
-11.891493 2.015166 -7.979870 -32.082771 -7.690928 4.583166 -5.332731 -2.149223 18.141783 12.502151
-11.820354 2.110846 -8.337888 -31.884579 -7.679401 4.326917 -4.658094 -2.348377 18.336664 12.911636
-11.748112 2.186876 -8.640469 -31.683094 -7.678781 4.117531 -4.160896 -2.496113 18.450422 13.210793
-11.696690 2.262295 -8.921953 -31.493420 -7.696529 3.923140 -3.751725 -2.621469 18.527826 13.479321
-11.636533 2.321588 -9.137259 -31.331881 -7.732166 3.775421 -3.454381 -2.737129 18.592466 13.667842
-11.600385 2.329248 -9.213340 -31.276562 -7.726441 3.724192 -3.337020 -2.762783 18.610106 13.729983
-11.656118 2.466040 -9.313292 -31.134291 -7.944833 3.669389 -3.297594 -2.959523 18.724701 13.875285
-11.823023 2.864641 -9.572260 -30.700907 -8.664893 3.529071 -3.331397 -3.552018 19.006767 14.235891
-12.073211 3.455081 -9.841960 -30.066027 -9.834413 3.392550 -3.520933 -4.450230 19.423685 14.676578
-12.285195 4.178917 -10.469831 -28.943640 -11.380662 3.139811 -4.084868 -5.529469 19.657822 15.015709
-12.545140 5.169466 -11.206971 -27.386118 -13.697784 3.136725 -5.461559 -7.139426 19.835340 15.340650
-12.008878 5.862952 -12.573863 -24.886896 -16.455357 3.149192 -7.553964 -8.987828 19.266136 15.136869
-10.838446 6.498608 -14.612815 -21.510305 -19.764929 3.247216 -10.537759 -11.280042 18.122381 14.679040
-9.645964 7.367578 -17.882492 -16.381824 -21.218281 5.056834 -15.058098 -11.479597 15.458250 14.470490
-7.198177 7.429785 -21.802011 -11.519763 -21.399656 5.370889 -17.660988 -11.248056 12.294625 13.911418
-5.050797 7.044073 -24.751272 -7.684373 -20.067398 6.372950 -20.407406 -9.421117 8.878433 12.993613
-3.695428 6.492663 -27.588936 -5.072818 -18.566320 6.357835 -21.584255 -7.554094 5.753396 12.375274
-2.889754 5.703837 -30.504890 -2.874430 -16.423786 6.619408 -22.472633 -4.656671 2.377351 12.128898
-1.740045 5.033721 -33.094017 -1.320630 -14.402308 6.514657 -21.933214 -2.991866 0.091725 12.086614
-0.664489 4.346985 -35.685753 0.518098 -12.519004 6.398857 -21.223249 -0.619503 -2.300837 12.486606
1.152020 3.403498 -37.960281 1.592957 -10.261387 5.584565 -18.906975 -0.232478 -3.661541 11.803177
3.261370 2.475806 -39.892773 2.559555 -8.560406 4.689435 -16.078812 0.288473 -4.620036 11.512139
4.705005 1.545617 -41.430115 2.924318 -6.820476 3.437734 -13.752236 1.090941 -5.673358 11.125446
4.847877 1.192471 -42.989605 2.831388 -5.335738 2.115020 -11.495403 1.602579 -6.301113 11.390504
4.838928 1.092689 -43.102940 2.620860 -4.832639 1.788294 -10.538399 1.739458 -6.305094 11.623724
4.791179 1.070771 -43.062489 2.486747 -4.765327 1.723403 -10.242452 1.780981 -6.248658 11.767705
4.732206 1.105953 -43.080551 2.491735 -4.689924 1.755788 -10.212651 1.825421 -6.243670 11.832423
4.571420 1.200215 -43.109966 2.500028 -4.538100 1.867046 -10.196511 1.926341 -6.251206 11.993365
4.283607 1.348629 -43.132877 2.482960 -4.349425 2.062788 -10.198271 2.035292 -6.248684 12.240448
3.834630 1.592030 -43.050755 2.412984 -4.179993 2.355261 -10.148359 2.105289 -6.112273 12.663910
3.233445 1.880683 -42.774139 2.219469 -4.038759 2.775285 -10.042591 2.196506 -5.807566 13.263993
2.321804 2.330631 -42.417816 1.919750 -3.982496 3.277490 -9.943174 2.154095 -5.297172 14.078637
1.157060 2.778832 -41.823708 1.426888 -3.782893 3.907253 -10.111041 2.301011 -4.827620 14.819985
-0.012318 3.178569 -41.105370 0.783414 -3.372727 4.579947 -10.232162 2.621969 -4.348307 15.512587
-1.127741 3.535375 -40.445076 0.182618 -2.982573 5.162620 -10.256062 2.993137 -3.967539 16.202251
-2.528409 3.979321 -39.584335 -0.626745 -2.707741 5.755488 -10.554132 3.377258 -3.528928 16.853487
-4.106629 4.552184 -38.578640 -1.540261 -2.496273 6.466218 -10.659317 3.771143 -2.787868 17.835781
-5.398477 5.087564 -37.880733 -2.212016 -2.238150 7.018025 -10.487373 4.136051 -2.138837 18.814505
-6.663403 5.513118 -37.007038 -3.072299 -2.031413 7.523499 -10.640550 4.502394 -1.546368 19.409042
-7.643368 5.896646 -36.515480 -3.699651 -1.955956 7.729013 -10.549712 4.653759 -1.012120 20.058357
-8.607746 6.223310 -35.960056 -4.468056 -1.866338 7.885923 -10.369376 4.747035 -0.434687 20.615095
-9.379138 6.515111 -35.542271 -5.031150 -1.718648 8.050607 -10.209345 4.807809 0.017866 21.016924
-9.981424 6.727180 -35.280445 -5.480507 -1.626990 8.041950 -10.031208 4.820352 0.328960 21.305569
-10.331894 6.828670 -35.083199 -5.801027 -1.685360 8.032156 -9.947702 4.751669 0.542691 21.466969
-10.547851 6.877457 -34.927734 -6.048972 -1.706062 8.023804 -9.894026 4.722527 0.685375 21.553040
-10.610349 6.893097 -34.856445 -6.129450 -1.765555 8.044618 -9.887249 4.691864 0.749312 21.595343
-10.586267 6.873158 -34.959976 -6.106989 -1.658072 7.975532 -9.773891 4.744972 0.704776 21.598618
-10.487505 6.802226 -35.230789 -6.026845 -1.445060 7.803370 -9.545001 4.834131 0.552372 21.570951
-10.240170 6.634236 -35.601124 -5.894530 -1.189059 7.600894 -9.202863 4.988476 0.323662 21.498419
-9.780667 6.314600 -36.162437 -5.705186 -0.927862 7.289994 -8.691978 5.084413 -0.020027 21.303612
-9.219196 5.969320 -37.002346 -5.351509 -0.651716 6.881765 -8.071776 5.116739 -0.479970 21.080132
-8.441297 5.390886 -38.020172 -5.007415 -0.341931 6.047189 -7.104212 5.061957 -1.090828 20.664602
-7.384130 4.807226 -39.315109 -4.573185 -0.061014 4.905985 -5.659141 4.804099 -1.675406 20.394051
-6.251842 3.993185 -40.402943 -4.507342 0.463218 3.716415 -4.253929 4.724053 -2.329093 19.809025
-4.958622 3.154202 -41.637688 -4.385921 0.701790 2.030832 -2.284239 4.323865 -2.856581 19.305103
