22.336809 -7.548831 -5.565704 -20.915703 -6.711713 4.535038 11.181500 0.637642 29.043013 9.030057
22.446671 -8.190960 -6.451734 -21.073952 -4.431545 3.838647 11.935128 1.561698 28.354971 8.141018
22.343971 -8.672073 -7.524452 -21.159437 -2.264066 3.083726 12.487311 2.303572 27.436443 7.277895
21.987181 -8.959498 -8.765132 -21.184322 -0.316203 2.269994 12.699735 2.870318 26.369768 6.449362
21.430185 -9.170563 -10.464367 -21.028294 1.866764 1.122829 12.860178 3.340838 25.017538 5.683901
20.048803 -8.268472 -12.355942 -21.714281 3.811543 -0.773697 14.669792 2.945697 23.303190 6.416533
19.368761 -8.281953 -14.110857 -21.681564 6.337371 -2.095943 15.322166 3.444850 21.619083 6.227420
18.597490 -8.628390 -15.411206 -22.116394 8.399493 -3.335853 15.601789 4.303555 19.861597 5.702274
17.668959 -8.962852 -16.387955 -22.728493 9.938426 -4.332925 15.521686 4.900160 18.249010 4.909569
17.412441 -9.447761 -17.116037 -23.048664 11.078565 -5.074091 15.682678 5.480787 16.971224 4.156584
16.801304 -9.670800 -18.065165 -23.419081 11.944500 -5.806973 16.184246 5.831144 15.769760 3.872869
16.001869 -9.905605 -18.865170 -23.887583 12.826096 -6.350779 16.054155 6.290582 14.366352 3.395919
14.702056 -9.836804 -20.058500 -24.229969 13.536447 -7.024801 15.825367 6.489534 12.980560 3.115057
13.812255 -9.960296 -21.527622 -24.302368 14.196766 -7.786178 15.893681 6.864080 11.487914 2.899776
13.225932 -10.217407 -23.039370 -24.258463 14.589809 -8.483150 16.150911 7.077193 10.307544 2.548324
12.798722 -10.497342 -24.601303 -24.239817 14.798015 -9.314323 16.549206 7.138891 9.011969 2.304987
11.861356 -10.521598 -25.947853 -24.336271 14.705826 -10.032761 16.590195 7.076920 7.826997 2.356195
10.487986 -10.304180 -27.037560 -24.596243 14.642591 -10.561680 16.764643 6.988971 6.941140 2.823164
9.059865 -10.169971 -27.957455 -24.961901 14.917540 -11.007181 16.747522 7.041959 5.941045 3.115504
7.779966 -10.084425 -28.738319 -25.307072 15.061771 -11.486761 16.417650 7.165219 4.883927 3.319012
6.638572 -9.976115 -29.592594 -25.476742 15.096624 -11.989923 16.116961 7.176124 3.811185 3.521823
5.693601 -10.040734 -30.385843 -25.563602 15.057696 -12.292981 15.771806 7.278378 2.773677 3.537728
4.825560 -9.948086 -31.241688 -25.410006 14.812682 -12.599084 15.526206 7.220918 1.879401 3.725631
4.219657 -9.831714 -32.071411 -25.151316 14.601367 -12.910770 15.481603 7.052823 1.173004 3.982247
3.829472 -9.748239 -32.578232 -24.912138 14.342111 -12.964298 15.291495 6.904298 0.758653 4.108350
3.551746 -9.788727 -33.025990 -24.745815 14.157464 -13.069650 14.936917 6.930983 0.316217 4.042967
3.316050 -9.845340 -33.403866 -24.588902 14.034802 -13.097911 14.477482 6.999962 -0.140586 3.912362
3.116921 -9.869158 -33.663979 -24.410439 13.946752 -13.036363 14.056811 7.031626 -0.520402 3.800977
2.972371 -9.853882 -33.866322 -24.262196 13.863931 -12.993087 13.865879 6.990577 -0.734848 3.775100
2.875212 -9.831459 -33.948723 -24.182545 13.766465 -12.940422 13.770558 6.937345 -0.821946 3.784942
2.839819 -9.823442 -33.990330 -24.152954 13.731186 -12.926614 13.737892 6.916843 -0.853529 3.788451
2.788864 -9.814107 -33.952198 -24.176722 13.701119 -12.840736 13.771842 6.871089 -0.841093 3.815692
2.624352 -9.784037 -33.870441 -24.271843 13.549119 -12.632249 13.940218 6.757747 -0.767412 3.963118
2.288082 -9.673582 -33.694206 -24.417091 13.254592 -12.241190 14.201013 6.496804 -0.583892 4.210616
1.830139 -9.526983 -33.555248 -24.600552 12.942883 -11.819132 14.604853 6.155094 -0.417813 4.546836
1.361430 -9.389366 -33.421917 -24.788816 12.546606 -11.355365 15.040470 5.748289 -0.258533 4.904465
0.768548 -9.252075 -33.297909 -25.119165 12.151692 -10.951674 15.437988 5.320736 -0.137046 5.248142
0.026314 -9.031171 -33.145626 -25.530256 11.662182 -10.551167 15.874906 4.775330 0.005101 5.696087
-0.577014 -8.798054 -33.040508 -25.864031 10.761809 -10.170849 16.452633 4.037584 0.297397 6.285152
-1.380257 -8.433032 -32.877110 -26.200277 9.661107 -9.824035 16.979189 3.161996 0.656237 7.034244
-2.028583 -8.006732 -32.528927 -26.473993 8.561554 -9.423893 17.419956 2.225679 1.170160 7.782400
-2.326330 -7.752039 -32.149269 -26.660244 7.669702 -9.023088 17.644592 1.478947 1.565178 8.260402
-2.640106 -7.475090 -31.658703 -26.844437 6.795141 -8.553455 17.962158 0.851704 2.091347 8.769330
-2.979462 -7.170035 -31.175459 -26.962931 5.951296 -8.063397 18.158239 0.242567 2.628652 9.236427
-2.816432 -7.072007 -31.094601 -26.721043 5.266577 -7.888281 18.179209 -0.306804 2.721897 9.401950
-2.995264 -6.921538 -31.018961 -26.649759 4.738959 -7.693386 18.051878 -0.686189 2.732979 9.587684
-2.863721 -6.890495 -30.926357 -26.547178 4.496837 -7.553124 18.080936 -0.890475 2.812404 9.638090
-2.593101 -6.941451 -30.786022 -26.454510 4.326978 -7.396658 18.073452 -0.986871 2.923446 9.612558
-2.403084 -6.976390 -30.643639 -26.441643 4.182206 -7.281229 18.088377 -1.031370 3.082465 9.622956
-2.247125 -6.978664 -30.533232 -26.412300 4.146931 -7.199993 18.110708 -1.057607 3.203255 9.640525
-2.213475 -6.976231 -30.488106 -26.409615 4.107592 -7.162015 18.114939 -1.075446 3.254639 9.647471
-2.331846 -6.982298 -30.219564 -26.556965 4.027142 -6.966548 17.853590 -1.024803 3.388195 9.585016
-2.354460 -7.115287 -29.642550 -26.998541 4.239088 -6.533719 17.698679 -0.772347 3.823613 9.275870
-1.998741 -7.488275 -28.379667 -27.564266 4.570528 -5.624381 16.943001 -0.070042 4.489573 8.553872
-0.831889 -8.013945 -26.744322 -27.737492 4.875012 -4.402743 16.226135 0.565289 5.469643 7.312897
1.300200 -8.657119 -24.704226 -27.423923 5.898435 -3.163526 15.244420 1.637221 6.952896 5.677412
3.209230 -9.839655 -21.845917 -27.943462 8.097416 -1.817522 12.299726 4.559769 7.772333 3.183996
7.416856 -11.599491 -16.774672 -28.074959 10.066480 0.738398 8.231420 7.120965 8.749936 1.014088
9.785199 -11.985271 -11.292081 -28.277428 10.790714 3.689980 3.478714 8.894917 10.378555 0.717635
11.144704 -12.681547 -8.274724 -28.712996 9.758618 4.581217 -0.556558 10.901577 11.725613 0.153611
13.008520 -13.065511 -6.141920 -29.382843 3.940330 3.414316 -4.889143 11.825765 9.856137 3.277358
13.039801 -11.286687 -8.337987 -27.430090 -0.281698 1.715229 -4.503681 8.935522 11.135266 3.940617
14.844064 -10.220281 -9.712245 -24.948492 -3.729049 0.358520 -5.643695 7.381857 10.233388 4.677442
17.281376 -9.405398 -11.870368 -20.792122 -4.980906 0.453818 -7.655060 7.206204 8.575639 6.346219
20.685673 -9.350132 -13.426686 -16.961285 -6.885542 0.959383 -8.551400 6.787575 7.398077 7.572546
22.812370 -9.018383 -15.049535 -14.986236 -6.793444 1.471566 -7.796810 6.957674 6.361541 8.741900
24.248980 -9.063289 -17.659403 -13.014079 -6.046328 1.193393 -5.816771 7.833287 4.341901 10.261816
26.592068 -9.186584 -20.543039 -10.227160 -5.045145 0.068810 -3.030044 8.549172 2.652298 11.567962
26.519222 -8.887898 -21.285892 -9.821156 -5.210138 -0.286637 -0.648932 9.276950 2.331278 13.352687
26.486610 -8.938477 -21.451990 -9.672617 -4.633170 -0.461488 -0.173908 9.519045 2.035420 13.449618
26.261618 -8.883764 -21.464207 -9.721340 -4.562880 -0.492826 -0.111899 9.613934 1.880232 13.515125
26.323505 -8.896872 -21.455790 -9.706562 -4.642996 -0.495011 -0.073429 9.608710 1.906440 13.567954
26.352774 -8.890265 -21.455841 -9.721910 -4.832684 -0.504986 0.014540 9.632051 1.946182 13.757163
26.386034 -8.807896 -21.379532 -9.709844 -5.214023 -0.347373 0.076258 9.603626 2.113217 14.127195
26.438309 -8.849571 -21.130238 -9.802449 -5.796959 -0.197054 -0.210152 9.584740 2.171716 14.249310
26.239662 -8.752998 -20.823168 -9.937443 -6.413579 0.050903 -0.590100 9.463626 2.423319 14.442252
25.868578 -8.852727 -19.917456 -10.665160 -7.447172 0.458355 -1.420384 9.444363 2.680953 14.529270
25.093336 -8.794331 -18.918938 -11.707211 -8.706811 0.837636 -2.121805 9.662792 2.957474 15.108558
24.077394 -8.793180 -17.436647 -12.963035 -9.949789 1.594204 -3.079229 9.668928 3.540754 15.452660
23.119516 -8.887662 -16.329124 -13.788895 -11.256062 2.321161 -4.291102 9.673478 3.732972 15.651168
22.231024 -8.958281 -15.225266 -14.494237 -12.549141 2.965345 -5.390095 9.549331 4.001687 15.815555
21.223948 -8.982617 -14.378297 -15.296625 -13.784864 3.348390 -6.105324 9.583251 4.181732 16.222673
20.459974 -9.167030 -13.761280 -16.034145 -14.822063 3.483237 -6.606905 9.637465 4.177063 16.461514
19.613422 -9.186269 -13.374025 -16.587465 -15.671479 3.495099 -6.982909 9.529745 4.113643 16.697460
18.929380 -9.228163 -13.111837 -16.923119 -16.428122 3.561683 -7.264094 9.401705 3.975993 17.036844
18.315905 -9.422709 -12.674603 -17.311008 -17.494413 3.759298 -7.801866 9.325624 3.755813 17.352749
17.883080 -9.666765 -12.307982 -17.591610 -18.296835 3.929077 -8.150755 9.337631 3.648799 17.527119
17.486498 -9.742870 -12.078833 -17.804604 -18.760460 4.013461 -8.209423 9.269501 3.691963 17.639307
17.058954 -9.718393 -11.972859 -17.955231 -19.038340 4.063277 -8.303894 9.097557 3.697304 17.628933
16.804258 -9.645248 -11.936361 -18.019930 -19.169155 4.069298 -8.308528 8.915033 3.741505 17.625908
16.734344 -9.603324 -11.944530 -18.018959 -19.188707 4.072727 -8.290537 8.841712 3.751489 17.637844
