-1.181971 4.551196 -27.226393 -8.044197 16.168825 9.771428 -0.196548 -7.598672 -2.529640 12.008425
-1.149644 6.190188 -26.991920 -7.831385 17.156597 9.324862 1.234792 -8.845357 -2.812297 13.317143
-1.427361 6.823064 -26.709949 -7.325069 17.687489 10.006122 0.486168 -8.431859 -2.744525 13.875190
-2.157854 7.912673 -25.783344 -6.758686 17.031069 10.942057 -0.566997 -8.433421 -1.834932 14.912034
-2.147393 8.500402 -25.642740 -6.053282 16.724758 11.029052 -1.600331 -8.583806 -1.607361 14.927326
-3.161250 9.826690 -25.799749 -5.322459 16.360065 10.976261 -2.657783 -8.692863 -1.287419 15.574325
-3.109091 10.981583 -26.553265 -3.998921 15.836059 10.296404 -3.413153 -9.391643 -1.055787 16.082165
-4.174910 12.542163 -26.941847 -2.525493 14.633478 10.090394 -5.729038 -10.627099 -0.936139 16.876583
-4.507964 13.764251 -26.889107 -1.596360 13.549216 9.915059 -7.062181 -12.041500 -0.254710 17.510281
-2.495645 14.076857 -26.924173 -0.520455 9.536667 8.297796 -5.987863 -15.627583 1.356683 17.874916
0.547770 13.489497 -27.119549 0.088813 6.513556 6.041775 -4.141277 -18.861385 2.588471 17.010798
1.274685 13.578885 -26.983706 0.189123 4.493735 4.690570 -3.327324 -20.935520 3.631027 17.069298
1.169832 14.721233 -26.813442 0.485383 2.424608 3.662942 -2.352810 -23.000271 5.352495 18.847668
1.478228 14.832098 -25.801060 0.281621 0.044730 3.307406 -2.648222 -24.483545 6.553438 19.171932
3.101099 13.705977 -25.242487 -0.194768 -2.024725 1.971399 -2.691330 -25.782310 6.761413 18.169415
4.542089 13.083836 -25.212551 -0.623768 -4.093409 0.159504 -1.652583 -28.088230 7.439751 17.651241
6.184231 12.551715 -24.504576 -0.848530 -5.759802 -0.431255 -0.056747 -29.800047 8.727031 17.386572
6.921878 12.480706 -24.648026 -0.593813 -6.460561 -1.090255 1.323790 -30.538729 9.227261 17.838512
7.056241 12.373736 -24.756050 -0.568525 -6.611497 -1.353274 1.391297 -30.597368 9.119847 17.775070
7.049578 12.334635 -24.744240 -0.659621 -6.687587 -1.481538 1.393324 -30.675491 9.101087 17.707367
7.155098 12.307710 -24.865505 -0.530353 -6.703483 -1.516402 1.370008 -30.682789 9.004691 17.673847
7.437832 12.245387 -25.186323 -0.199909 -6.803823 -1.649482 1.331883 -30.766857 8.783926 17.577471
7.911938 12.103839 -25.624914 0.245535 -6.981561 -1.857254 1.295739 -30.917622 8.463779 17.376966
8.562657 11.838679 -26.091719 0.687458 -7.248248 -2.181770 1.270653 -31.134115 8.073262 17.018522
9.299303 11.474399 -26.564238 1.032441 -7.545108 -2.670301 1.287673 -31.420746 7.632499 16.484253
10.247270 10.940919 -27.131031 1.328966 -7.727956 -3.356428 1.356000 -31.677120 7.043725 15.617853
11.544004 10.147380 -27.747726 1.660417 -7.708781 -4.003887 1.331661 -31.821175 6.255637 14.280112
12.690738 9.306191 -28.116810 1.751982 -7.717892 -4.562606 1.072451 -31.954367 5.508645 12.810338
13.888947 8.394223 -28.432398 1.767278 -7.653183 -5.083822 0.868603 -32.017551 4.795410 11.317019
15.258872 7.501168 -28.952576 2.019004 -7.301712 -5.458225 0.809577 -31.899883 4.016754 9.847106
16.399023 6.626766 -29.319567 1.957713 -6.707758 -5.865528 0.886688 -31.684759 3.352808 8.416791
17.674129 5.648347 -29.624308 1.824298 -6.204149 -6.325525 0.897043 -31.524883 2.702887 6.807490
18.992010 4.715665 -30.078592 1.946875 -5.635462 -6.700441 0.830134 -31.230885 1.914704 5.316215
20.131092 3.905793 -30.398857 2.099471 -5.203537 -6.862409 0.473036 -30.974253 1.148149 3.900396
20.930010 3.263827 -30.709105 2.228717 -4.745136 -7.019264 0.106996 -30.667503 0.421074 2.739545
21.487123 2.737785 -30.958174 2.292160 -4.254560 -7.151043 -0.245733 -30.263817 -0.248145 1.797876
21.967833 2.356755 -31.136650 2.380796 -4.006391 -7.205334 -0.425998 -30.066828 -0.671705 1.174384
22.304558 2.082554 -31.250654 2.400109 -3.847676 -7.277292 -0.490382 -29.953358 -0.941909 0.739345
22.456657 1.909123 -31.247047 2.320816 -3.615297 -7.300305 -0.462357 -29.770241 -1.075654 0.508376
22.499214 1.849395 -31.262148 2.296220 -3.523413 -7.310764 -0.452666 -29.690439 -1.133987 0.435578
21.947136 2.079224 -31.037603 2.076814 -3.527082 -7.157967 -0.834998 -29.612505 -1.004542 0.605577
20.493601 2.766626 -30.373941 1.534063 -3.797904 -6.672615 -1.875587 -29.553921 -0.526942 1.122120
17.313091 4.352215 -29.662889 0.900729 -4.153238 -5.930336 -3.934432 -29.304214 -0.030179 2.556280
13.565329 6.481905 -29.330538 0.865993 -4.292709 -5.069845 -5.959513 -28.580580 0.443992 5.034393
10.920451 8.114836 -29.083500 1.303033 -4.087323 -3.481233 -8.192005 -27.575888 0.663286 6.710418
7.703363 9.721175 -27.110725 -0.021444 -4.334310 -1.718838 -9.722116 -27.202208 2.237619 8.197962
4.074814 11.467774 -25.403833 -0.809137 -4.617790 -0.117689 -12.973926 -26.461311 2.780723 8.943654
0.561641 13.501308 -22.918068 -0.071004 -4.897895 2.607860 -16.980257 -24.438984 3.151846 10.197545
-3.102522 15.738341 -19.652685 -0.396434 -5.061134 5.863187 -20.832006 -22.856682 3.986166 11.594148
-4.896314 16.257225 -17.507246 -0.001374 -3.208313 10.741917 -24.894135 -18.668650 3.594965 10.974198
-5.509198 15.570247 -15.467898 -0.974013 -2.990522 12.914035 -27.502539 -17.008368 3.586780 9.977623
-4.061929 14.209237 -13.954775 -1.812119 -3.176780 14.158610 -28.195305 -16.827391 4.094338 8.231022
-2.947710 12.811056 -12.419106 -3.252644 -2.883364 14.761973 -28.225910 -16.570547 4.538983 6.263133
-0.304332 10.721770 -11.519510 -4.729292 -2.565552 14.441291 -26.104988 -17.587002 5.356956 3.606790
1.142678 9.360432 -11.354325 -5.952945 -2.654514 14.091403 -25.201466 -18.961336 5.813591 1.857733
2.150831 8.160812 -10.634778 -7.190861 -2.933380 13.695244 -25.432283 -19.404083 5.639010 0.171222
2.673554 7.288877 -9.811867 -8.246106 -3.488901 13.087895 -26.127544 -19.823204 5.267964 -1.177819
3.179039 6.698610 -9.033661 -8.946289 -4.134060 12.741818 -26.351774 -20.347719 5.257563 -1.890846
3.508006 6.386411 -8.844213 -9.213671 -4.318896 12.497782 -26.475582 -20.557053 5.105843 -2.289732
3.701901 6.223662 -8.795583 -9.345739 -4.352109 12.350613 -26.458918 -20.630404 5.045012 -2.464985
3.677411 6.223579 -8.748022 -9.379036 -4.373209 12.375962 -26.562784 -20.646614 5.025402 -2.505887
3.640318 6.186116 -8.606563 -9.495795 -4.350640 12.469243 -26.834677 -20.623468 4.939911 -2.670779
3.598910 6.108469 -8.402401 -9.689839 -4.348701 12.609522 -27.267038 -20.591581 4.810911 -2.903435
3.506893 6.023363 -8.232950 -9.902260 -4.087892 12.866850 -27.709879 -20.325424 4.630673 -3.129061
3.406008 5.912721 -8.034588 -10.133759 -3.720828 13.148199 -28.249258 -19.946859 4.350096 -3.469716
3.167413 5.827458 -7.782436 -10.456190 -3.327479 13.496992 -29.117886 -19.444204 3.967258 -3.838795
2.795264 5.735553 -7.438789 -10.935463 -2.822762 13.829244 -29.980213 -18.837776 3.548528 -4.192838
2.244335 5.792221 -7.080884 -11.325885 -2.460507 14.054382 -31.031425 -18.250425 3.084405 -4.421262
1.467330 6.099099 -6.955085 -11.531383 -2.275407 14.105474 -32.260372 -17.830917 2.596945 -4.325344
0.495061 6.446257 -6.540980 -11.858626 -1.713812 14.478767 -33.676624 -16.918297 2.028588 -4.251339
-0.465002 6.875820 -6.018634 -12.211999 -1.179161 14.883159 -34.993191 -16.018042 1.533654 -4.005640
-1.392045 7.260160 -5.456500 -12.574545 -0.735865 15.166704 -35.964268 -15.174881 1.127547 -3.822666
-2.083897 7.399076 -4.693026 -13.159077 -0.165475 15.600939 -37.013771 -14.272332 0.645319 -4.023754
-2.557304 7.499988 -4.203173 -13.443111 0.328521 15.943831 -37.795628 -13.482773 0.141292 -4.216470
-3.142577 7.559202 -3.590134 -13.980889 1.044859 16.394484 -38.571098 -12.658001 -0.321429 -4.502828
-3.805707 7.544643 -2.535237 -14.789277 1.710650 17.101938 -39.667202 -11.799910 -0.766116 -5.086002
-4.550961 7.559371 -1.394398 -15.611403 2.265428 17.785131 -40.576790 -10.988788 -1.113479 -5.633872
-5.139604 7.582033 -0.492490 -16.226635 2.720511 18.394089 -41.320431 -10.338625 -1.403832 -6.069365
-5.481365 7.572952 0.093322 -16.611513 3.054950 18.809834 -41.730930 -9.890236 -1.569620 -6.341963
-5.581023 7.572891 0.289936 -16.734493 3.173375 18.939939 -41.843281 -9.746024 -1.630012 -6.432166
-5.564962 7.567763 0.305512 -16.732882 3.177887 18.950579 -41.840282 -9.741398 -1.626489 -6.433114
-5.562496 7.570058 0.319518 -16.732042 3.199330 18.953390 -41.837952 -9.745247 -1.632779 -6.443368
-5.552518 7.565592 0.328746 -16.727419 3.206839 18.965420 -41.829414 -9.747098 -1.623751 -6.452480
-5.547118 7.562118 0.342002 -16.728706 3.216516 18.977079 -41.839054 -9.744978 -1.622518 -6.461415
-5.551043 7.563799 0.350820 -16.726299 3.216349 18.977497 -41.846516 -9.744788 -1.620601 -6.466332
-5.561548 7.568251 0.356907 -16.728848 3.211454 18.974895 -41.855461 -9.743353 -1.625763 -6.464826
-5.583214 7.572926 0.355034 -16.735373 3.207679 18.970539 -41.870708 -9.732597 -1.634289 -6.463984
-5.601694 7.576509 0.358369 -16.742226 3.198826 18.966286 -41.881222 -9.723035 -1.642229 -6.463410
-5.614738 7.576563 0.358483 -16.751669 3.186507 18.960218 -41.890957 -9.721155 -1.646665 -6.464136
