2.719561 7.823105 -35.599304 1.214729 16.348719 5.566065 1.738440 -8.820298 -2.899837 15.063832
3.397376 7.118964 -36.296989 0.686818 17.196123 4.278766 4.072119 -8.486230 -3.034787 14.766262
3.680721 6.717749 -36.560162 -0.197649 18.583914 3.316384 6.606715 -7.842077 -2.799188 14.669602
3.468447 6.595747 -36.481041 -1.519676 19.898958 2.278750 9.161671 -7.393475 -2.114997 14.785841
3.232942 6.631177 -35.601135 -3.282138 21.028297 1.416615 11.871582 -7.205037 -0.573035 15.009974
2.211622 8.464071 -33.180874 -5.544268 22.389986 0.595125 14.891063 -9.390546 0.743770 15.814898
1.372187 8.818989 -31.557095 -7.707833 23.181017 -0.163339 17.170948 -10.380182 2.247005 15.842215
1.071445 8.633654 -29.863220 -10.117983 24.450703 -1.105788 19.654821 -10.226558 4.031712 15.844758
1.285780 8.038376 -27.911077 -12.089372 25.241621 -1.584926 20.608837 -10.066795 5.186806 14.999182
1.897286 7.462101 -26.108746 -13.712772 26.062941 -2.059465 21.558350 -9.900203 6.465804 14.158778
3.177707 6.818106 -24.155926 -14.757918 26.533182 -1.847661 21.897865 -9.256604 7.906359 13.353367
4.425514 6.115632 -21.892597 -15.891363 26.722139 -1.354060 21.908587 -8.502900 9.554710 12.393886
6.284046 5.071015 -20.498316 -16.358747 26.780201 -1.253731 21.501213 -7.350210 10.693753 11.181502
8.175947 3.669049 -19.572601 -16.416891 25.878141 -0.542211 20.604689 -5.023392 12.297761 10.594487
10.759312 1.961410 -18.534742 -16.231121 24.814487 0.646521 20.132551 -2.670758 14.153427 10.157373
13.230825 0.557113 -17.298695 -15.730816 23.193422 2.372928 19.168989 -0.788859 16.069908 9.843949
15.008739 -0.206787 -15.730202 -15.314829 21.543436 4.349946 18.137932 0.219158 17.973131 9.763695
17.035545 -0.330890 -13.352124 -14.664239 19.329269 6.645477 17.153179 0.171649 20.361597 10.174708
19.603464 -0.442191 -11.477744 -13.441371 17.425526 8.305289 16.466200 -0.570255 21.967604 10.465085
21.179449 -0.493517 -8.883805 -12.933009 15.224117 10.406597 14.698834 -1.121209 23.159826 10.388608
22.798916 -0.160902 -5.953313 -12.828342 13.650477 12.168056 13.624864 -2.008301 24.177549 10.463391
24.528570 0.398385 -3.578762 -12.237767 12.129353 13.718210 12.984559 -3.447657 25.644003 11.022087
25.549297 1.434169 -1.667991 -11.504547 10.407644 15.048853 12.343884 -5.333673 26.837324 11.799949
25.800241 2.828071 -0.080497 -10.757116 8.216740 16.174099 11.463967 -7.429458 27.780848 12.774050
25.972961 4.132122 1.136742 -10.144889 6.026622 16.901499 11.055114 -9.550858 28.512785 13.799609
25.707533 5.484846 1.927444 -9.558853 4.294007 17.401314 10.664936 -11.732460 28.890779 14.498158
25.395695 6.446862 2.352521 -9.016324 3.032663 17.792807 10.401833 -13.255231 29.126955 15.040362
24.899790 7.289731 2.506316 -8.561378 1.875313 17.975273 10.221281 -14.617783 29.251602 15.564536
24.492409 7.820202 2.638861 -8.286867 1.115229 18.191040 9.773926 -15.492254 29.173763 15.760308
24.237419 8.120649 2.672237 -8.146329 0.700375 18.230743 9.508359 -15.983586 29.032059 15.874066
24.212936 8.185102 2.629269 -8.084228 0.642006 18.175991 9.564973 -16.132025 28.964296 15.922042
24.120203 8.231998 2.640512 -8.091085 0.607992 18.206278 9.445813 -16.162477 28.939037 15.923497
23.937632 8.328308 2.696245 -8.119241 0.606540 18.270292 9.089581 -16.194609 28.867990 15.869452
23.702263 8.421394 2.685811 -8.131376 0.734985 18.304190 8.695577 -16.181673 28.733624 15.778309
23.367105 8.507919 2.662182 -8.140621 0.941455 18.387281 8.031185 -16.132311 28.542849 15.539821
22.926065 8.560268 2.444263 -8.102715 1.470325 18.386858 7.307932 -16.077332 28.169987 15.129901
22.077608 8.840528 2.239191 -8.217973 1.921286 18.395725 6.333997 -16.251675 27.711081 14.690623
21.032446 9.117623 2.060618 -8.483633 2.330091 18.425747 5.365310 -16.296661 27.309137 14.356413
20.075924 9.361837 2.028730 -8.713339 2.591386 18.623055 4.194232 -16.311275 26.945345 13.926173
19.134640 9.398897 1.942993 -9.032932 2.934056 18.888756 2.927324 -16.077879 26.608238 13.298937
18.178827 9.387155 1.931653 -9.420822 2.996287 19.210810 1.563750 -15.764853 26.278444 12.759457
17.168125 9.418305 1.951503 -9.891687 3.334232 19.514391 0.304913 -15.372946 25.890776 12.246746
15.990699 9.615667 1.957296 -10.330221 3.940958 19.834070 -0.797116 -15.180066 25.564638 11.732679
14.909086 9.889916 1.987451 -10.664116 4.590753 20.132845 -1.641501 -15.212950 25.360498 11.255092
14.146361 9.995317 1.846065 -10.924562 5.370971 20.198078 -1.955598 -15.005323 25.093920 10.964920
13.565426 9.964435 1.866125 -11.279104 6.095971 20.276806 -2.121815 -14.580774 24.887592 10.737959
13.129091 9.940675 1.825215 -11.505850 6.432042 20.269527 -2.265780 -14.365569 24.725050 10.613134
12.789379 9.892419 1.802290 -11.711885 6.659903 20.233860 -2.386567 -14.153153 24.550022 10.535511
12.508872 9.876107 1.773809 -11.881880 6.787174 20.200958 -2.420899 -14.017268 24.435976 10.523763
12.299622 9.855698 1.787776 -12.042122 6.915758 20.175131 -2.424359 -13.883417 24.367958 10.504144
12.219698 9.852467 1.795804 -12.088777 6.927422 20.176805 -2.437609 -13.847538 24.335264 10.501235
12.201881 9.660565 1.832507 -12.313854 7.472270 20.192270 -2.046728 -13.546773 24.399782 10.452357
12.381742 9.002812 1.923605 -12.930666 9.082549 20.148743 -0.837268 -12.494763 24.515074 10.284331
13.307003 7.383442 1.789644 -13.734582 11.352431 19.822720 1.380370 -10.015257 24.526251 10.230373
14.414283 5.756275 1.767493 -14.523379 14.207797 19.353392 3.417095 -7.492974 24.150297 9.780321
16.644201 2.434369 1.873358 -15.821468 16.615891 18.987217 5.407521 -2.799133 23.767736 8.849504
17.264484 -0.335534 1.630524 -17.786442 17.829473 18.187267 5.748573 0.958324 22.660677 7.883080
16.178673 -2.851295 -0.775738 -19.440033 18.847176 16.678093 5.367924 4.526943 20.230835 6.465970
15.552686 -5.671138 -3.930402 -20.851398 18.931364 15.112280 5.291957 8.337137 17.133276 5.990401
13.380568 -6.950359 -6.598300 -21.903681 19.323009 13.335643 3.758879 9.969025 13.640167 4.594644
11.709232 -7.634056 -8.701426 -22.221842 20.165760 12.714237 1.823557 10.382745 9.971864 3.619363
9.379112 -8.077245 -10.672664 -23.060307 19.430601 11.902385 -0.501384 10.729554 6.714869 2.684733
6.689979 -7.410663 -11.683356 -23.633982 18.997375 11.422792 -2.991690 9.959878 4.412496 2.156836
3.929473 -6.526704 -13.388780 -23.928850 18.853878 10.282676 -4.240128 9.194023 2.724726 1.501312
0.246515 -5.507917 -15.409356 -24.613081 17.559256 8.693042 -5.033577 8.875038 1.692935 1.848119
-3.623535 -3.888710 -16.614288 -25.135101 16.219648 7.810085 -5.612223 7.596859 0.737105 3.434015
-6.184560 -3.102218 -18.091967 -25.521402 15.834309 6.333568 -5.919960 7.230252 -0.550306 4.444442
-9.237920 -1.975037 -19.156729 -25.781458 15.425858 5.856061 -7.327104 6.913253 -1.699503 4.984184
-10.684085 -1.332113 -20.020777 -25.376734 15.214330 5.793963 -8.236087 6.705768 -2.443966 5.182493
-11.385221 -0.913960 -20.318689 -25.152567 15.091221 5.628080 -8.920599 6.510499 -2.971362 5.322579
-11.534270 -0.806341 -20.427549 -25.018105 15.089652 5.611328 -9.126912 6.461462 -3.171436 5.338669
-11.539246 -0.817533 -20.515137 -24.990948 15.106338 5.512522 -9.122485 6.458301 -3.172759 5.264730
-11.542273 -0.857676 -20.784428 -24.906950 15.158319 5.265049 -9.106115 6.436230 -3.234994 5.084421
-11.340805 -0.970255 -21.226658 -24.623985 15.268359 4.890294 -9.053701 6.411563 -3.364484 4.770998
-11.296803 -1.031217 -21.768023 -24.321426 15.836724 4.370072 -9.235236 6.498130 -3.752359 4.286223
-10.994193 -1.110212 -22.504791 -23.738934 16.259993 3.775604 -9.295150 6.491286 -4.054255 3.791550
-10.367471 -1.444955 -23.021770 -23.278103 16.587152 3.371665 -9.358130 6.881765 -4.213431 3.360676
-9.718645 -1.751574 -23.786526 -22.757048 17.527159 2.617090 -9.469001 7.200420 -4.614079 2.662963
-8.769140 -2.124382 -24.542456 -21.944183 18.775429 1.923444 -10.035598 7.524483 -5.310851 1.650499
-7.982112 -2.459095 -25.058592 -21.226923 19.990889 1.408653 -10.680210 8.176582 -5.778689 0.944377
-6.793862 -2.919757 -25.568686 -20.338835 20.850780 0.955918 -11.231383 8.785995 -6.158103 0.320358
-5.557140 -3.358669 -25.822350 -19.678856 21.755116 0.580589 -11.804319 9.470926 -6.605064 -0.161868
-4.398706 -3.883208 -26.103743 -19.120090 22.484024 0.244331 -12.625315 10.363041 -7.153193 -0.699173
-3.062987 -4.414236 -26.422218 -18.393862 23.308477 -0.012731 -13.532867 11.209377 -7.692361 -1.469514
-1.773204 -4.968237 -26.556082 -17.789047 24.259571 -0.180830 -14.554521 12.117527 -8.112047 -2.499397
-0.601800 -5.365975 -26.592815 -17.170935 25.046530 -0.309099 -15.325171 12.794794 -8.416934 -3.300989
0.304890 -5.734783 -26.797287 -16.701200 25.893475 -0.654242 -15.962374 13.372331 -8.851571 -4.077392
0.943430 -6.007709 -26.994717 -16.387516 26.371267 -0.976682 -16.302845 13.857645 -9.177745 -4.471713
1.412725 -6.201054 -27.184834 -16.127651 26.674677 -1.256655 -16.443447 14.167826 -9.298478 -4.760846
1.691663 -6.303121 -27.363565 -15.936543 26.803785 -1.456281 -16.462969 14.310080 -9.336330 -4.912940
1.774250 -6.324814 -27.364965 -15.881958 26.822437 -1.494176 -16.500677 14.355736 -9.338574 -4.954031
1.772754 -6.324312 -27.365219 -15.882438 26.821486 -1.496178 -16.501038 14.355202 -9.339353 -4.953646
1.772286 -6.324726 -27.363077 -15.883996 26.819696 -1.496920 -16.501394 14.353726 -9.338773 -4.954937
1.771815 -6.324277 -27.364302 -15.883186 26.820414 -1.496399 -16.500967 14.354910 -9.338654 -4.954613
1.772118 -6.325088 -27.362583 -15.885238 26.820478 -1.496552 -16.500463 14.354519 -9.337895 -4.956083
1.771931 -6.324953 -27.362890 -15.884917 26.820309 -1.496759 -16.500353 14.354560 -9.338078 -4.955851
1.771434 -6.324626 -27.363647 -15.884820 26.822054 -1.496680 -16.500286 14.356181 -9.338491 -4.955767
1.770638 -6.324589 -27.362812 -15.886646 26.820400 -1.499602 -16.500151 14.353847 -9.338414 -4.956261
1.770012 -6.324707 -27.361677 -15.888469 26.817987 -1.503353 -16.498634 14.350742 -9.337659 -4.957100
1.769433 -6.324578 -27.361113 -15.888964 26.817532 -1.503314 -16.499117 14.350449 -9.337701 -4.957239
