27.273954 -1.229345 -1.354004 -11.556391 9.134602 15.643196 10.584008 -2.536225 26.928736 10.831820
27.044958 -2.316979 -2.687830 -12.164129 10.619624 14.610875 11.336686 -0.868157 26.286875 9.988449
26.582567 -3.356449 -4.432495 -12.575248 11.963815 13.496323 11.988247 0.727820 25.444956 9.142429
26.254303 -4.219139 -5.770885 -13.039746 13.104985 12.614958 12.186193 2.093920 24.572626 8.474243
25.585367 -4.815161 -7.737913 -13.356377 14.719389 11.297134 12.576481 3.264477 23.607685 7.736841
22.576370 -3.179666 -10.463108 -14.095159 16.823484 8.870913 14.555918 2.391796 22.200029 8.268733
20.866766 -3.000512 -12.762349 -14.408961 18.592257 7.149610 15.205914 2.813474 20.775085 8.070211
19.937599 -3.176112 -14.104868 -14.685062 20.591881 6.012980 15.361782 3.348495 19.019644 7.545254
18.913731 -3.430013 -15.250310 -15.123585 22.571192 4.969054 15.008518 3.769209 17.202421 6.424992
18.762056 -3.737383 -15.852197 -15.254209 24.430098 4.145053 14.800556 4.028965 15.486225 5.393833
18.017685 -3.607538 -16.480385 -15.465169 25.984795 3.439454 14.819174 3.863580 13.826520 4.811604
17.372078 -3.679262 -16.964983 -15.848675 27.425623 2.908036 14.605308 3.899684 12.384930 4.023651
16.480228 -3.394406 -17.555332 -15.948970 28.796764 2.517625 14.226766 3.555348 10.986980 3.601949
15.897418 -3.118435 -18.358316 -15.729042 30.206104 2.012904 14.105495 3.056003 9.372556 3.265614
15.664018 -2.720772 -19.221725 -15.199920 31.698378 1.488271 14.263266 2.022719 7.906702 2.694116
15.364405 -2.492749 -20.408222 -14.885248 32.751434 0.558951 14.479214 1.173183 6.151467 2.304369
14.599212 -1.994562 -21.393177 -14.565974 33.567814 -0.188827 14.412803 0.129810 4.652296 2.134593
13.355389 -1.466852 -22.290415 -14.526191 33.969551 -0.679926 14.605510 -0.504441 3.659578 2.499759
12.051055 -1.123088 -23.026829 -14.684706 34.502129 -1.017175 14.611780 -0.835357 2.703182 2.698091
10.743507 -1.001741 -23.811010 -15.017147 34.551956 -1.475462 14.363944 -0.780632 1.691996 2.940613
9.581299 -0.927405 -24.628990 -15.275131 34.614960 -1.942456 14.053666 -0.769281 0.616650 3.058049
8.675123 -0.948931 -25.386295 -15.361110 34.599426 -2.209808 13.737436 -0.779583 -0.371682 3.057117
7.828592 -0.852337 -26.246572 -15.228014 34.462959 -2.500551 13.513624 -0.891646 -1.289344 3.193875
7.295603 -0.719543 -27.120951 -14.944602 34.391788 -2.801313 13.566708 -1.077513 -1.989580 3.468475
6.863109 -0.592134 -27.707964 -14.715928 34.138355 -2.904457 13.441913 -1.282260 -2.437059 3.671508
6.533216 -0.585017 -28.212263 -14.544363 33.928711 -3.046140 13.114166 -1.335588 -2.907164 3.665074
6.242537 -0.604995 -28.645426 -14.386841 33.740078 -3.108837 12.688221 -1.316117 -3.375612 3.605051
5.976446 -0.583949 -28.967813 -14.205218 33.554344 -3.079664 12.288283 -1.330525 -3.762310 3.575737
5.770622 -0.530493 -29.221968 -14.056401 33.393044 -3.067017 12.102111 -1.401822 -3.990262 3.616434
5.649800 -0.485128 -29.332739 -13.969919 33.263039 -3.028255 12.017161 -1.482679 -4.081280 3.661309
5.595041 -0.466942 -29.388128 -13.946443 33.205166 -3.030219 11.987992 -1.517874 -4.113937 3.678616
5.551440 -0.458561 -29.339914 -13.974946 33.178242 -2.946522 12.026059 -1.568203 -4.092465 3.701068
5.400144 -0.432092 -29.244295 -14.076749 33.054932 -2.761530 12.183306 -1.701910 -4.028206 3.819632
5.077612 -0.329338 -29.042332 -14.254046 32.793846 -2.404605 12.449432 -1.989019 -3.843329 4.038086
4.626430 -0.197923 -28.864103 -14.501987 32.482815 -2.049689 12.855850 -2.377352 -3.675220 4.331823
4.120058 -0.077173 -28.712671 -14.762566 32.076817 -1.677830 13.276217 -2.806529 -3.542902 4.648101
3.473806 0.020307 -28.515987 -15.219736 31.571960 -1.366535 13.707176 -3.277488 -3.392677 4.962555
2.637361 0.234674 -28.311600 -15.737271 30.909847 -1.027837 14.136025 -3.898183 -3.239861 5.417829
1.929771 0.455766 -28.140236 -16.225134 29.928238 -0.791834 14.734512 -4.779284 -2.989977 5.958185
1.073412 0.769379 -27.929808 -16.744625 28.902477 -0.603250 15.290852 -5.752096 -2.731965 6.584567
0.370330 1.135613 -27.553156 -17.215555 27.882294 -0.364654 15.759681 -6.732477 -2.332962 7.228835
-0.003709 1.323395 -27.149488 -17.598999 26.888241 -0.125753 15.985940 -7.546662 -1.997703 7.630883
-0.324444 1.527754 -26.693773 -17.920784 26.100943 0.186770 16.306244 -8.198986 -1.566796 8.026919
-0.676064 1.781574 -26.252216 -18.165291 25.351017 0.515994 16.522654 -8.830073 -1.114175 8.419296
-0.496994 1.837691 -26.175201 -17.999105 24.703020 0.646675 16.567617 -9.368948 -1.044795 8.546213
-0.626036 1.954871 -26.081781 -17.980856 24.201048 0.828315 16.489855 -9.745790 -1.011948 8.710445
-0.464406 1.969486 -25.970852 -17.911980 23.974791 0.980560 16.550259 -9.948879 -0.927728 8.760932
-0.178325 1.925879 -25.793877 -17.810345 23.822466 1.200475 16.536423 -10.052567 -0.804481 8.724933
0.010220 1.917375 -25.616529 -17.781395 23.685547 1.359422 16.546530 -10.130337 -0.638555 8.737700
0.159199 1.934623 -25.485626 -17.737621 23.646646 1.468825 16.553598 -10.172409 -0.514924 8.758724
0.195099 1.944891 -25.438200 -17.724070 23.608965 1.514878 16.557043 -10.194512 -0.463691 8.771597
0.047700 1.943354 -25.172613 -17.881460 23.507540 1.708823 16.294514 -10.137786 -0.327022 8.719621
0.077906 1.768345 -24.579878 -18.289762 23.727091 2.153064 16.126842 -9.811759 0.133106 8.399465
0.799705 1.226551 -23.267380 -18.634031 24.201004 3.192517 15.481779 -8.810338 1.038256 7.692499
2.314322 0.484765 -21.707792 -18.564421 24.706144 4.501436 14.837825 -7.787423 2.218953 6.424976
4.065818 -0.666144 -19.984163 -18.700331 24.698503 5.950009 13.848553 -5.611169 4.110229 5.097566
5.915738 -2.800441 -17.623945 -19.789665 25.346392 7.348978 11.061710 -0.937652 5.368405 3.094220
7.254650 -5.659456 -15.312651 -20.894629 23.741364 10.081648 7.898870 4.041619 9.851216 -0.136485
6.918378 -6.564893 -13.032555 -20.943989 22.076488 12.788556 3.645015 7.088104 13.994098 -2.261940
7.640205 -7.513394 -11.264363 -20.920832 20.645144 13.823835 -0.541056 9.527641 15.901193 -3.627093
10.066872 -8.613758 -11.862404 -18.513052 16.097330 14.114653 -5.159072 10.068801 17.724730 -5.396147
15.639469 -10.090507 -13.590690 -14.901739 12.089443 13.493685 -6.102742 10.447447 18.658978 -5.414915
19.634659 -10.163030 -14.396116 -11.801057 9.028291 12.502658 -8.395107 9.486795 17.059999 -4.903202
22.929451 -9.853047 -16.021427 -8.533792 7.429829 11.537278 -9.876431 9.096420 14.589500 -3.014633
26.220835 -10.191459 -17.337223 -6.204956 4.357243 9.644850 -10.231827 7.581180 12.477494 -1.922799
29.886948 -11.623740 -16.495525 -5.522515 1.725829 9.242822 -11.493990 7.718191 9.816294 -0.252836
30.922983 -12.216444 -18.197853 -4.608993 0.197176 8.106737 -10.230347 8.313158 6.623343 2.483225
32.856297 -12.851699 -20.600964 -3.171746 -0.104742 5.670915 -8.042783 8.851419 3.825151 4.238807
32.946156 -13.335919 -21.401865 -2.838889 -0.806880 4.488845 -6.220942 9.745577 2.466211 6.219883
32.656883 -13.494352 -21.331121 -3.258381 -1.151071 4.006909 -5.807292 10.139794 1.874998 7.061520
32.368355 -13.502815 -21.328865 -3.439801 -1.294111 3.857332 -5.721829 10.271060 1.596634 7.337749
32.424793 -13.528846 -21.325329 -3.444685 -1.371038 3.846531 -5.720219 10.312908 1.581388 7.404766
32.452911 -13.538839 -21.335018 -3.487787 -1.497768 3.859956 -5.728661 10.445708 1.526417 7.607405
32.441910 -13.562414 -21.294168 -3.536780 -1.927975 4.051514 -5.908878 10.674600 1.462038 8.059894
32.249279 -13.658561 -21.136740 -3.803147 -2.601657 4.264045 -6.232271 11.063399 1.294715 8.453288
31.824175 -13.531513 -20.813129 -4.193351 -3.396303 4.579934 -6.518702 11.269882 1.429132 8.991170
31.570822 -13.736689 -19.899948 -4.947633 -4.377311 5.267978 -7.506933 11.754560 1.490385 9.326588
30.609274 -13.723339 -18.866699 -6.169404 -5.751294 5.902487 -8.187336 12.461925 1.481460 10.485783
29.606197 -13.558426 -17.330950 -7.388303 -6.792022 6.852336 -9.015589 12.794098 2.041253 11.148413
28.420124 -13.392781 -16.128363 -8.183701 -8.444923 7.864398 -9.897869 12.987925 2.305750 12.092491
27.285318 -13.213972 -15.029541 -9.071763 -10.093127 8.637485 -10.559195 13.181441 2.559691 13.062438
26.264984 -13.264542 -14.001884 -9.984670 -11.822873 9.342908 -11.389307 13.469113 2.727109 13.892711
25.102716 -13.503691 -13.068937 -10.918103 -13.532733 9.960106 -12.021258 13.958550 2.632674 14.746682
24.134853 -13.735477 -12.406682 -11.546954 -14.830962 10.330814 -12.592031 14.253449 2.393055 15.426539
23.247200 -13.831607 -11.892137 -12.019557 -15.859617 10.637434 -12.926096 14.257425 2.193822 16.040255
22.164362 -13.737146 -11.328652 -12.763593 -17.123276 10.839673 -13.096309 14.171862 2.021814 16.820429
21.708092 -13.963532 -10.905387 -13.047303 -17.959776 11.145334 -13.446049 14.275568 1.920234 17.101521
21.245920 -13.872474 -10.689994 -13.232512 -18.381172 11.260706 -13.295024 14.165013 2.062287 17.354919
20.600790 -13.499501 -10.663689 -13.534342 -18.589905 11.130442 -12.875334 13.880833 2.221956 17.611526
20.233913 -13.262669 -10.691350 -13.637979 -18.646780 11.071439 -12.623728 13.631279 2.338409 17.702629
20.146721 -13.195336 -10.716070 -13.633280 -18.640512 11.068830 -12.555799 13.542004 2.362699 17.720425
