-1.662735 -9.711745 -28.218840 -22.854233 18.163033 -12.162913 -16.242399 10.582992 -9.056122 -8.830457
-1.662735 -9.711745 -28.218840 -22.854233 18.163033 -12.162913 -16.242399 10.582992 -9.056122 -8.830457
-1.662735 -9.711745 -28.218840 -22.854233 18.163033 -12.162913 -16.242399 10.582992 -9.056122 -8.830457
-1.662735 -9.711745 -28.218840 -22.854233 18.163033 -12.162913 -16.242399 10.582992 -9.056122 -8.830457
-1.662735 -9.711745 -28.218840 -22.854233 18.163033 -12.162913 -16.242399 10.582992 -9.056122 -8.830457
-1.556879 -9.801997 -28.449781 -23.177256 18.054949 -11.847942 -15.584055 11.072655 -8.776379 -8.556208
-1.558365 -9.786753 -28.447714 -23.149157 18.081072 -11.738336 -15.561128 11.127433 -8.690059 -8.554330
-1.552693 -9.789698 -28.460295 -23.149794 18.078102 -11.762281 -15.542280 11.123373 -8.693481 -8.547607
-1.554359 -9.781913 -28.463318 -23.144892 18.089376 -11.766308 -15.535275 11.111588 -8.694765 -8.546201
-1.555583 -9.781355 -28.462912 -23.146366 18.089222 -11.768660 -15.534436 11.110122 -8.694916 -8.546339
-1.554183 -9.782811 -28.463158 -23.147224 18.087166 -11.768823 -15.532694 11.111925 -8.693355 -8.545770
-1.554173 -9.783016 -28.462265 -23.148054 18.087023 -11.768928 -15.531655 11.113020 -8.692728 -8.545143
-1.554010 -9.783689 -28.462252 -23.149845 18.086502 -11.770971 -15.530721 11.111714 -8.692929 -8.545852
-1.552775 -9.784262 -28.461418 -23.150415 18.087931 -11.771914 -15.529978 11.111398 -8.693316 -8.546712
-1.552019 -9.783929 -28.462854 -23.148226 18.088461 -11.772641 -15.529729 11.111255 -8.694240 -8.546050
-1.553953 -9.782178 -28.464045 -23.147133 18.089258 -11.773759 -15.529146 11.109438 -8.695344 -8.545838
-1.549552 -9.783509 -28.463346 -23.144007 18.089884 -11.769938 -15.528519 11.112189 -8.694152 -8.545045
-1.550516 -9.784361 -28.463522 -23.145321 18.088295 -11.769501 -15.527928 11.116040 -8.694231 -8.543356
-1.551125 -9.782433 -28.464457 -23.143684 18.090605 -11.770866 -15.526746 11.114309 -8.695741 -8.542204
-1.555021 -9.781312 -28.466568 -23.144670 18.091425 -11.772939 -15.527587 11.113108 -8.697096 -8.543988
-1.555745 -9.781014 -28.467375 -23.144394 18.090635 -11.773544 -15.526621 11.113856 -8.696395 -8.542928
-1.558388 -9.779409 -28.468594 -23.145035 18.089476 -11.775815 -15.526109 11.111662 -8.697345 -8.541756
-1.558118 -9.777574 -28.469509 -23.141762 18.092066 -11.773984 -15.526792 11.112427 -8.699371 -8.539237
-1.556243 -9.778276 -28.468012 -23.141422 18.093491 -11.773540 -15.526600 11.113277 -8.699509 -8.539466
-1.556729 -9.776338 -28.468672 -23.140060 18.093117 -11.772102 -15.525476 11.112440 -8.698730 -8.537144
-1.555496 -9.776407 -28.468702 -23.139246 18.093916 -11.772980 -15.524999 11.112651 -8.699246 -8.536937
-1.554984 -9.777146 -28.469017 -23.138798 18.093597 -11.771660 -15.525135 11.114117 -8.698655 -8.536950
-1.553078 -9.779150 -28.468807 -23.138668 18.092527 -11.770338 -15.526299 11.118123 -8.700377 -8.535346
-1.554325 -9.779823 -28.470535 -23.139153 18.091028 -11.770684 -15.526423 11.121245 -8.700995 -8.533978
-1.552568 -9.778612 -28.469019 -23.137455 18.093912 -11.770861 -15.526156 11.118607 -8.702586 -8.534076
-1.552365 -9.779437 -28.469326 -23.137806 18.092409 -11.770467 -15.526146 11.120020 -8.701928 -8.533766
-1.663357 -9.749643 -28.482496 -23.198156 18.072010 -11.752468 -15.488998 11.068467 -8.705692 -8.497485
-2.018269 -9.657840 -28.378239 -23.416016 17.966961 -11.625008 -15.520103 10.973491 -8.741409 -8.382376
-2.583789 -9.465965 -28.284489 -23.715816 17.733463 -11.481572 -15.384064 10.712954 -8.686736 -8.148936
-3.290935 -9.153899 -28.135633 -24.032326 17.336546 -11.245097 -15.027558 10.238294 -8.383361 -7.803597
-4.183814 -8.742831 -27.981161 -24.448507 16.699892 -10.997891 -14.400708 9.579723 -7.954037 -7.218332
-5.185096 -8.375396 -27.971695 -24.963593 16.011770 -10.814324 -13.614670 8.942042 -7.593112 -6.527549
-6.244978 -7.993890 -27.921165 -25.589266 15.260242 -10.534286 -12.626516 8.413016 -7.110578 -5.669600
-7.513734 -7.509494 -27.700089 -26.304281 14.657220 -10.178635 -11.756331 7.786291 -6.474816 -5.048320
-8.779947 -7.038652 -27.551640 -26.981573 13.640580 -9.752392 -10.970210 7.148548 -5.811268 -4.371341
-10.021771 -6.489237 -27.310677 -27.567369 12.548925 -9.194333 -10.382656 6.489086 -5.271773 -3.672788
-11.187479 -5.967706 -26.752285 -28.319555 11.452376 -8.484905 -9.869163 5.908766 -4.751831 -2.881169
-12.055409 -5.703294 -26.403507 -28.976114 10.041554 -7.848159 -9.300858 5.581386 -4.241992 -2.067746
-13.149746 -5.260391 -25.860279 -29.598740 8.671916 -7.092381 -8.805943 5.344623 -3.554143 -0.946366
-13.976846 -4.896093 -25.353205 -29.990028 7.728131 -6.343902 -8.719447 5.198360 -3.184118 -0.124089
-14.698674 -4.711777 -25.091213 -30.421078 6.777233 -5.839485 -8.642690 5.186996 -2.853414 0.585158
-15.250455 -4.619771 -24.584051 -30.930422 5.893633 -5.211338 -8.504344 5.349463 -2.360538 1.288081
-15.546628 -4.517108 -24.265753 -31.101925 5.100620 -4.695329 -8.319414 5.398693 -1.962202 1.953114
-15.971657 -4.340202 -23.963581 -31.281206 4.673669 -4.275864 -8.300984 5.457666 -1.705401 2.451267
-16.077137 -4.262102 -23.771894 -31.324085 4.506503 -4.043299 -8.294931 5.484757 -1.606400 2.699566
-16.111898 -4.235435 -23.711979 -31.331835 4.464158 -3.941909 -8.284027 5.480354 -1.574781 2.785078
-15.898273 -4.348673 -23.548275 -31.469408 4.470718 -3.876622 -8.030024 5.456260 -1.314705 2.728745
-15.073549 -4.937590 -23.178932 -31.915230 4.779161 -3.751237 -7.332719 5.672268 -0.779451 2.305517
-13.432519 -6.025971 -22.442938 -32.677650 5.050573 -3.788601 -6.090070 6.396996 0.255800 1.785885
-10.415843 -7.104030 -21.535809 -32.366982 5.265014 -3.254543 -4.621218 6.808338 1.662696 1.203589
-7.754433 -8.102046 -20.051502 -32.163055 5.433269 -1.933053 -4.537745 7.536464 2.644259 0.324449
-3.595892 -9.681424 -18.447800 -31.531734 5.857057 -0.841724 -3.848457 8.813508 3.667893 -0.622768
0.748776 -11.029582 -16.410995 -30.804144 6.873292 0.325274 -2.498716 9.698421 4.802675 -0.816828
4.463316 -11.572944 -14.050399 -29.984945 7.387785 1.727245 -0.920583 9.688541 6.538943 -0.087101
7.630187 -11.727712 -12.082743 -29.611408 7.903172 2.297331 1.449047 9.418753 8.626937 0.729206
9.664063 -10.980053 -9.821648 -29.243633 7.239828 3.185832 3.935714 8.925011 12.049348 2.613381
10.886449 -9.166657 -7.569656 -29.151024 7.935366 2.618765 6.274726 7.319414 14.497525 4.004502
12.075580 -7.790854 -4.993563 -29.057205 6.665242 3.595475 7.853246 5.591817 17.871094 5.489459
12.520564 -5.849833 -1.571638 -29.166733 5.801103 4.772808 8.336047 2.808459 20.487707 6.515628
11.995631 -3.552959 0.553194 -29.289152 3.377685 5.505689 8.355151 -0.569773 22.662115 7.818014
11.430902 -1.598619 0.901705 -28.112354 0.416760 6.320570 7.802178 -3.350720 24.131401 9.014396
10.682437 0.495116 1.159921 -26.937893 -2.845402 6.960167 5.921543 -6.596322 25.046139 9.915729
10.112368 1.773225 1.151754 -25.965473 -5.425844 7.423823 4.074451 -8.779558 25.381899 10.161578
9.808327 2.915588 1.388416 -25.330488 -7.771291 7.650439 2.363817 -10.658829 25.417238 10.415534
9.424399 3.609150 1.240391 -24.780981 -9.509622 7.673450 1.184069 -11.764400 25.267027 10.650815
9.344845 3.838150 1.207290 -24.590977 -10.122675 7.662296 0.777296 -12.126448 25.211014 10.719313
9.413477 3.840787 1.201574 -24.548702 -10.140076 7.668969 0.792420 -12.165576 25.243355 10.725926
9.623952 3.848729 1.168235 -24.383223 -10.234312 7.675283 0.801031 -12.288192 25.294485 10.734643
9.922301 3.847499 1.184435 -24.190388 -10.323436 7.718773 0.805239 -12.403656 25.390944 10.724660
10.312856 3.846763 1.175190 -23.944630 -10.487099 7.765091 0.918649 -12.546362 25.546873 10.789414
10.896084 3.805338 1.255491 -23.673975 -10.825251 7.834753 1.121805 -12.643842 25.696848 11.032133
11.443444 3.858628 1.219718 -23.272146 -11.414640 7.831381 1.214979 -13.087386 25.917658 11.182944
12.162489 3.829007 1.349893 -22.942036 -12.064233 7.819453 1.463231 -13.381634 26.183493 11.436355
13.020837 3.770951 1.269292 -22.553095 -12.503837 7.527427 2.187208 -13.680123 26.385969 11.790513
14.017400 3.711930 1.215697 -22.127254 -12.959058 7.219011 3.264615 -14.071125 26.764067 12.233778
14.946563 3.737588 1.158943 -21.677750 -13.223055 6.927928 4.543180 -14.528858 27.230986 12.723226
15.893515 3.727607 1.123093 -21.270844 -13.241267 6.631240 5.923432 -14.814291 27.651752 13.240250
16.647387 3.770896 1.108435 -20.908663 -13.273545 6.383415 7.172571 -15.193095 28.086914 13.679587
17.252817 3.692489 0.980626 -20.609655 -13.243011 6.141562 8.214733 -15.439499 28.396330 13.924445
17.916988 3.546699 0.981131 -20.332821 -13.360523 6.040425 9.035028 -15.579415 28.730700 14.075223
18.431360 3.412819 1.079095 -20.214890 -13.481495 5.978941 9.861833 -15.600057 29.090343 14.343471
18.803780 3.306854 1.204353 -20.187626 -13.715922 5.977467 10.478567 -15.596910 29.392544 14.574929
19.197151 3.136156 1.209050 -20.128170 -13.761325 5.927717 11.084975 -15.552128 29.580328 14.699546
19.444008 3.029905 1.216698 -20.109251 -13.848488 5.901358 11.466886 -15.527693 29.714756 14.769979
19.614691 2.930045 1.163239 -20.081221 -13.825502 5.843710 11.792718 -15.477374 29.775728 14.810210
19.691515 2.887734 1.151458 -20.077448 -13.793430 5.814310 11.901329 -15.443236 29.792898 14.813164
19.716585 2.849964 1.132681 -20.108120 -13.694794 5.788189 11.935034 -15.358270 29.792494 14.802414
19.744549 2.743636 1.177172 -20.252285 -13.433491 5.787235 11.927055 -15.095250 29.838423 14.731985
19.888695 2.541965 1.112081 -20.421492 -12.943152 5.628438 12.125021 -14.693708 29.806120 14.656367
20.105791 2.230444 1.006951 -20.703709 -12.162506 5.345656 12.468857 -14.053867 29.679350 14.571528
20.393341 1.791806 0.919313 -21.036211 -11.080101 5.094830 12.701253 -13.259914 29.448574 14.268339
20.576094 1.216294 0.801849 -21.470154 -9.907540 4.828435 12.867490 -12.254605 29.204638 13.892261
20.756962 0.534464 0.451358 -21.851141 -8.706769 4.454364 12.976389 -11.050334 28.783342 13.453664
21.075876 -0.262995 -0.083971 -22.177055 -7.271535 3.970622 13.253275 -9.720577 28.230328 12.905475
21.450195 -1.232663 -0.722628 -22.626652 -5.348852 3.371141 13.922503 -8.067824 27.646370 12.287793
