1.691994 -4.709004 -23.103689 -19.040722 29.138636 -10.916256 -16.998541 0.512208 -10.980184 -11.276860
1.691994 -4.709004 -23.103689 -19.040722 29.138636 -10.916256 -16.998541 0.512208 -10.980184 -11.276860
1.691994 -4.709004 -23.103689 -19.040722 29.138636 -10.916256 -16.998541 0.512208 -10.980184 -11.276860
1.691994 -4.709004 -23.103689 -19.040722 29.138636 -10.916256 -16.998541 0.512208 -10.980184 -11.276860
1.691994 -4.709004 -23.103689 -19.040722 29.138636 -10.916256 -16.998541 0.512208 -10.980184 -11.276860
1.508100 -4.147623 -23.151388 -19.152279 29.815331 -10.575328 -16.471613 -0.159548 -11.073644 -11.118605
1.455521 -3.955688 -23.079132 -19.095804 29.981718 -10.482506 -16.427773 -0.389505 -11.099154 -11.074826
1.456615 -3.954205 -23.090378 -19.095095 29.982687 -10.500793 -16.413328 -0.399992 -11.098979 -11.070563
1.459095 -3.954584 -23.093725 -19.092545 29.980349 -10.501993 -16.406271 -0.398767 -11.095313 -11.065655
1.459013 -3.956828 -23.093897 -19.094662 29.977581 -10.504384 -16.405596 -0.395799 -11.094587 -11.065968
1.460025 -3.957817 -23.094463 -19.094763 29.977573 -10.505183 -16.404287 -0.394662 -11.094190 -11.065990
1.459900 -3.958416 -23.094072 -19.096046 29.977888 -10.505746 -16.404076 -0.392583 -11.094409 -11.065481
1.457926 -3.958459 -23.095764 -19.097672 29.976236 -10.508492 -16.402678 -0.394316 -11.093861 -11.066200
1.457138 -3.959183 -23.096134 -19.098806 29.976616 -10.509303 -16.402391 -0.393732 -11.093341 -11.067347
1.459501 -3.961137 -23.098280 -19.096397 29.974710 -10.509746 -16.402052 -0.390501 -11.093341 -11.066438
1.461484 -3.963882 -23.098726 -19.096212 29.972878 -10.509747 -16.402906 -0.385848 -11.093673 -11.065704
1.462847 -3.963825 -23.099293 -19.093880 29.973612 -10.507072 -16.403131 -0.384340 -11.094227 -11.064456
1.462214 -3.963506 -23.098505 -19.093916 29.974586 -10.505311 -16.403027 -0.383238 -11.092170 -11.065011
1.463660 -3.964034 -23.098751 -19.092838 29.974545 -10.504553 -16.402227 -0.381838 -11.090617 -11.064485
1.463356 -3.965168 -23.099007 -19.094103 29.975172 -10.505572 -16.403383 -0.380598 -11.091651 -11.065852
1.463334 -3.966409 -23.101049 -19.093748 29.975445 -10.507734 -16.402435 -0.377048 -11.091846 -11.065441
1.466262 -3.968975 -23.100780 -19.094009 29.975554 -10.509533 -16.401930 -0.374579 -11.091540 -11.066451
1.466788 -3.968417 -23.103205 -19.090673 29.976851 -10.508536 -16.402235 -0.371072 -11.092852 -11.064033
1.465930 -3.967393 -23.102964 -19.090216 29.976181 -10.507776 -16.401655 -0.372030 -11.091638 -11.063526
1.466721 -3.968073 -23.103861 -19.089018 29.975391 -10.506016 -16.400705 -0.369442 -11.089675 -11.062454
1.468826 -3.970597 -23.104996 -19.088778 29.974070 -10.507345 -16.400370 -0.365055 -11.090139 -11.061560
1.470171 -3.975083 -23.107697 -19.089472 29.970636 -10.508149 -16.400324 -0.356909 -11.090026 -11.060790
1.470258 -3.976231 -23.108131 -19.089130 29.971033 -10.506017 -16.401993 -0.354251 -11.089711 -11.061537
1.471758 -3.977354 -23.108494 -19.087950 29.971483 -10.506499 -16.402201 -0.351367 -11.089745 -11.061798
1.471926 -3.980091 -23.110247 -19.088741 29.970213 -10.507078 -16.403399 -0.346577 -11.089866 -11.062552
1.471743 -3.982194 -23.112024 -19.088966 29.968115 -10.507875 -16.403746 -0.342643 -11.089344 -11.062474
1.355419 -3.954772 -23.146160 -19.150932 29.933905 -10.504745 -16.347000 -0.377325 -11.081705 -11.026561
0.984215 -3.884625 -23.117418 -19.363367 29.774313 -10.402901 -16.319578 -0.415955 -11.067178 -10.917952
0.360620 -3.782768 -23.159376 -19.698870 29.390617 -10.282818 -16.156034 -0.492653 -10.924780 -10.712213
-0.493868 -3.622205 -23.203192 -20.132744 28.638819 -10.063400 -15.777284 -0.615920 -10.511918 -10.304847
-1.559516 -3.408114 -23.294615 -20.703960 27.535231 -9.817980 -15.032423 -0.849450 -9.894555 -9.588501
-2.904372 -3.254957 -23.691893 -21.459288 26.239023 -9.683317 -14.024636 -0.976830 -9.193303 -8.779463
-4.117374 -3.028435 -23.891798 -22.230484 24.968498 -9.390279 -12.844097 -1.172799 -8.470317 -7.682547
-5.402012 -2.752121 -23.852873 -23.018753 23.738964 -8.989445 -11.820034 -1.451863 -7.622062 -6.774681
-6.763075 -2.446185 -23.926210 -23.823555 22.352638 -8.638794 -10.968326 -1.794098 -6.882850 -5.970600
-8.195060 -2.019392 -23.867954 -24.545988 20.805595 -8.158862 -10.391072 -2.262144 -6.332593 -5.168867
-9.605361 -1.496162 -23.372248 -25.471638 19.344301 -7.554366 -9.909892 -2.827460 -5.818336 -4.284585
-10.592725 -1.141289 -22.955536 -26.238379 17.886108 -7.090310 -9.468427 -3.295882 -5.520366 -3.413648
-11.593490 -0.713857 -22.360455 -26.855553 16.650600 -6.417548 -9.078995 -3.511785 -5.029308 -2.301059
-12.195177 -0.296104 -21.720188 -27.173542 15.853105 -5.651411 -8.998453 -3.736772 -4.747693 -1.440236
-12.703487 -0.026246 -21.310177 -27.495832 15.179562 -5.146461 -8.953841 -3.912868 -4.526892 -0.750454
-13.064523 0.140707 -20.686014 -27.879181 14.638796 -4.510236 -8.839790 -3.933509 -4.125776 -0.126916
-13.207150 0.313290 -20.283688 -27.916262 14.226658 -3.994711 -8.674778 -4.044963 -3.818700 0.414856
-13.460502 0.500804 -19.894827 -27.994658 14.028883 -3.540978 -8.667182 -4.063640 -3.604763 0.843563
-13.479382 0.576201 -19.668283 -27.984650 13.982665 -3.297205 -8.669873 -4.057458 -3.547051 1.060303
-13.470356 0.602415 -19.587847 -27.963781 13.985986 -3.188673 -8.660731 -4.077282 -3.528010 1.134566
-13.253096 0.489358 -19.408194 -28.059059 14.025764 -3.087137 -8.428074 -4.123686 -3.278117 1.043581
-12.451223 -0.090953 -18.986244 -28.417364 14.363168 -2.844572 -7.762259 -3.952075 -2.751215 0.572909
-10.629014 -1.258930 -18.139698 -29.083401 14.878420 -2.846563 -6.570212 -3.161259 -1.855370 -0.007166
-7.280624 -2.978353 -17.246983 -28.910606 15.090337 -2.441658 -5.246980 -1.738385 -0.787229 -0.562053
-4.082686 -4.243503 -15.579942 -28.523975 16.052050 -1.016664 -5.100136 -0.686690 0.189724 -1.683003
-0.214285 -5.887501 -14.209599 -27.978550 17.166176 0.229546 -4.398842 0.750444 1.682492 -3.236836
2.642921 -7.051251 -13.088377 -27.557568 17.415300 1.563112 -2.865129 1.585885 3.951755 -3.678452
4.819804 -7.690739 -12.085845 -26.871016 18.532454 2.518037 -1.706707 2.058293 5.877295 -4.045066
6.596841 -8.606770 -11.947165 -26.582293 17.916304 3.031212 0.720696 3.466492 9.046535 -3.755421
8.471597 -8.371458 -10.294577 -26.086357 16.976429 4.032713 3.515898 3.819455 13.099646 -2.073754
10.564906 -8.678431 -7.966558 -25.984934 14.628739 5.232777 5.104106 4.456771 18.194605 -1.397688
12.090834 -8.426612 -5.929614 -25.584208 13.294202 6.516097 5.679477 3.683723 21.338753 -0.631842
14.121153 -8.757488 -2.655455 -24.762506 10.524068 9.357061 4.271334 3.528188 24.374891 -0.108112
16.403542 -8.686067 0.559918 -23.965979 6.784092 11.974121 2.874574 3.372849 26.684513 1.660912
16.476551 -7.128297 1.397379 -22.880480 3.175437 13.015328 2.068540 1.374689 27.889299 3.425056
15.398530 -4.777065 1.764723 -21.979969 -0.487350 13.557820 0.331057 -2.202477 28.790358 4.550907
14.193362 -3.377414 1.769756 -21.256638 -4.094299 14.180178 -2.153865 -4.479671 28.830296 5.109716
13.552912 -2.387900 1.599891 -19.983196 -6.665339 14.991482 -5.124580 -6.491922 28.966726 4.629919
13.301372 -1.877454 1.085100 -19.149710 -8.226910 14.867138 -6.398419 -7.500394 28.763029 4.619485
13.357564 -1.801103 0.896418 -18.848427 -8.647175 14.808653 -6.857892 -7.649292 28.616735 4.557482
13.393823 -1.759152 0.898634 -18.820484 -8.688834 14.801871 -6.837208 -7.729645 28.649105 4.584721
13.516361 -1.650253 0.901851 -18.700369 -8.865592 14.791813 -6.818921 -7.970995 28.713629 4.650324
13.674819 -1.513709 0.907176 -18.563988 -8.994051 14.785135 -6.758624 -8.236215 28.817080 4.696915
13.921503 -1.330253 0.899340 -18.388887 -9.215136 14.765353 -6.567423 -8.553778 28.977873 4.844046
14.257342 -1.218909 0.902261 -18.137915 -9.651999 14.883224 -6.428378 -8.804686 29.208549 4.976404
14.649266 -0.947630 0.866862 -17.830843 -10.501834 14.806614 -6.140326 -9.361394 29.364225 5.464352
15.145452 -0.671043 1.057675 -17.699253 -11.326202 14.624946 -5.601965 -9.923715 29.624271 5.984048
15.882329 -0.451817 1.030954 -17.508196 -12.033151 14.144513 -4.501311 -10.373917 29.790958 6.799887
16.853014 -0.343007 1.002698 -17.076269 -12.616802 13.731426 -3.305386 -10.908935 30.052908 7.481340
17.799919 -0.114466 1.028346 -16.671064 -13.021317 13.223736 -1.815060 -11.543153 30.345560 8.313533
18.508495 0.192481 0.987843 -16.387285 -13.107175 12.652568 -0.212105 -12.108456 30.556955 9.153375
19.419914 0.316045 1.137516 -16.069178 -13.419991 12.284106 1.228183 -12.544097 30.879471 9.941442
20.273409 0.360479 1.283422 -15.892164 -13.677254 11.897357 2.565923 -12.880618 31.201180 10.537275
21.223959 0.243857 1.503103 -15.728053 -14.050917 11.690489 3.610944 -13.000219 31.490461 11.006013
22.090628 0.016516 1.758626 -15.608585 -14.328037 11.643246 4.539461 -12.910254 31.831499 11.440234
22.754009 -0.137558 2.004037 -15.569875 -14.604470 11.669545 5.237589 -12.882337 32.194736 11.702490
23.340631 -0.355954 2.055404 -15.479136 -14.574914 11.603930 5.936467 -12.805443 32.393837 11.823165
23.723120 -0.540539 2.093409 -15.446513 -14.637401 11.578248 6.377226 -12.696967 32.512093 11.932815
23.942707 -0.646275 2.058683 -15.426920 -14.590301 11.499040 6.751609 -12.638190 32.556114 12.002997
24.045238 -0.695185 2.049876 -15.423477 -14.537054 11.455873 6.884021 -12.595909 32.562691 12.012589
24.115046 -0.754666 2.053848 -15.450797 -14.442440 11.442687 6.928016 -12.494666 32.573784 12.010589
24.314949 -0.960097 2.166550 -15.568131 -14.132875 11.478140 6.949214 -12.154604 32.653507 11.925188
24.696423 -1.304606 2.186160 -15.697959 -13.593298 11.389632 7.160445 -11.617470 32.690994 11.821714
25.123520 -1.882709 2.084903 -15.931321 -12.699162 11.184358 7.399705 -10.695921 32.615707 11.587567
25.659121 -2.643385 2.003654 -16.210794 -11.604549 11.069417 7.529727 -9.529502 32.472939 11.175203
26.143095 -3.612190 1.797486 -16.552532 -10.135158 10.857714 7.729865 -8.122484 32.368771 10.561695
26.555521 -4.707306 1.235284 -16.789707 -8.273837 10.510309 7.867540 -6.549767 32.180046 9.608805
26.901596 -5.881911 0.401189 -16.916449 -6.197623 10.179234 7.830468 -4.894052 31.772858 8.369802
27.430243 -7.082001 -0.392751 -17.076836 -3.734109 9.861608 8.259744 -3.122975 31.520784 7.076744
