-2.697401 1.541097 3.009966 -24.599384 -1.583688 10.169628 -39.599979 -14.614676 0.410413 -13.287261
-2.697401 1.541097 3.009966 -24.599384 -1.583688 10.169628 -39.599979 -14.614676 0.410413 -13.287261
-2.697401 1.541097 3.009966 -24.599384 -1.583688 10.169628 -39.599979 -14.614676 0.410413 -13.287261
-2.697401 1.541097 3.009966 -24.599384 -1.583688 10.169628 -39.599979 -14.614676 0.410413 -13.287261
-2.697401 1.541097 3.009966 -24.599384 -1.583688 10.169628 -39.599979 -14.614676 0.410413 -13.287261
-3.662913 3.728248 3.730910 -24.791620 -0.874013 10.490911 -39.084427 -16.699406 -0.437349 -12.173949
-3.652414 3.831515 3.833979 -24.804773 -0.736594 10.523971 -39.061150 -16.813978 -0.530585 -12.162601
-3.632420 3.829990 3.853365 -24.813065 -0.740753 10.508507 -39.038898 -16.849237 -0.511480 -12.168991
-3.629271 3.828727 3.855541 -24.812212 -0.741098 10.511250 -39.037949 -16.850094 -0.508168 -12.169242
-3.628552 3.827046 3.854012 -24.811928 -0.742500 10.510595 -39.036377 -16.847549 -0.507519 -12.168193
-3.627821 3.827254 3.856776 -24.812136 -0.740785 10.512840 -39.037239 -16.847599 -0.507060 -12.168613
-3.628610 3.825145 3.857356 -24.813931 -0.744883 10.513645 -39.039536 -16.844259 -0.506328 -12.168728
-3.627498 3.824132 3.855808 -24.812876 -0.745700 10.515003 -39.039223 -16.842741 -0.504783 -12.169183
-3.627271 3.823517 3.856179 -24.813761 -0.747992 10.512980 -39.037743 -16.843781 -0.503472 -12.169169
-3.628189 3.821795 3.852974 -24.813766 -0.751032 10.511943 -39.035637 -16.841097 -0.502339 -12.168305
-3.626848 3.820643 3.854144 -24.812307 -0.754169 10.514521 -39.036285 -16.838833 -0.500365 -12.167397
-3.624627 3.820718 3.854607 -24.811573 -0.753662 10.514866 -39.034996 -16.840504 -0.498811 -12.167416
-3.623342 3.821234 3.855205 -24.810932 -0.752532 10.515403 -39.035927 -16.842236 -0.499464 -12.167418
-3.622511 3.820004 3.855596 -24.810303 -0.752187 10.515361 -39.035782 -16.841715 -0.497600 -12.169807
-3.623243 3.820713 3.856501 -24.810581 -0.749913 10.515172 -39.036957 -16.842871 -0.498262 -12.171602
-3.623830 3.820810 3.856507 -24.810749 -0.749616 10.513994 -39.035393 -16.841923 -0.497890 -12.171410
-3.623501 3.820343 3.855774 -24.810560 -0.750902 10.513378 -39.034534 -16.841591 -0.496887 -12.170905
-3.622219 3.819671 3.855863 -24.807163 -0.747737 10.517080 -39.037548 -16.836695 -0.498931 -12.171411
-3.621507 3.819347 3.856863 -24.807461 -0.750639 10.517549 -39.035973 -16.837591 -0.496236 -12.171491
-3.620865 3.818985 3.856172 -24.806961 -0.750017 10.517913 -39.035404 -16.836727 -0.495484 -12.170953
-3.621389 3.817038 3.854863 -24.807232 -0.754415 10.517897 -39.035721 -16.834335 -0.493787 -12.170363
-3.621474 3.814168 3.852210 -24.807400 -0.758744 10.517435 -39.035637 -16.830034 -0.492580 -12.169732
-3.621550 3.812402 3.848386 -24.806929 -0.760814 10.514634 -39.034309 -16.828058 -0.493525 -12.168257
-3.622326 3.811930 3.848361 -24.806471 -0.762581 10.516268 -39.036457 -16.826077 -0.493040 -12.168416
-3.624461 3.810931 3.846556 -24.806906 -0.762784 10.516015 -39.037128 -16.824142 -0.492722 -12.169463
-3.628316 3.811439 3.844865 -24.808163 -0.765841 10.515974 -39.037251 -16.824049 -0.490334 -12.169629
-3.508936 3.798335 3.698943 -24.707544 -0.874562 10.425257 -38.947353 -16.957699 -0.432079 -12.115777
-3.123970 3.768721 3.202880 -24.322636 -1.165950 10.194235 -38.660904 -17.322874 -0.267556 -11.924716
-2.524636 3.730319 2.306091 -23.700533 -1.599657 9.681529 -38.036160 -17.908901 -0.022340 -11.557034
-1.716787 3.678144 1.154765 -22.805819 -2.194428 9.049421 -37.258175 -18.700457 0.283278 -11.097219
-0.865179 3.680763 -0.038277 -21.800306 -2.812671 8.420218 -36.015743 -19.539005 0.785221 -10.447414
-0.252063 3.736318 -0.799774 -20.959667 -3.337677 8.248747 -35.203331 -20.118746 1.238007 -9.949105
0.173747 3.834932 -1.460814 -20.321993 -3.791908 8.083261 -34.430622 -20.727163 1.730002 -9.428066
0.698665 3.934005 -2.314819 -19.454979 -4.304971 7.824630 -33.413361 -21.420620 2.202031 -8.888281
1.452474 3.839770 -3.040033 -18.599552 -4.633928 7.805121 -32.504120 -21.894449 2.561827 -8.665896
2.141419 3.910141 -4.034074 -17.396460 -5.026607 7.678943 -31.311226 -22.386360 2.938245 -8.226994
2.770847 4.020058 -4.864303 -16.274467 -5.413907 7.795751 -30.380972 -22.802492 3.326423 -7.745419
3.125029 4.103826 -5.286888 -15.582273 -5.469267 8.195802 -29.740837 -22.800314 3.651408 -7.386440
3.464485 4.268794 -5.843189 -14.848525 -5.634251 8.437187 -28.992477 -23.018269 4.021495 -6.858031
3.703390 4.564709 -6.415149 -14.069695 -5.746331 8.744559 -28.288500 -23.238663 4.413085 -6.181011
3.816512 4.841073 -6.887215 -13.504649 -5.821668 8.992395 -27.595421 -23.407295 4.789891 -5.509521
3.872192 5.069549 -7.243483 -13.048420 -5.849268 9.239501 -27.069277 -23.474739 5.067809 -4.965395
3.940338 5.240234 -7.519816 -12.675971 -5.829820 9.388787 -26.629120 -23.523577 5.249395 -4.590186
3.967359 5.362527 -7.789227 -12.409801 -5.697951 9.443734 -26.202805 -23.483875 5.369004 -4.280432
3.961402 5.448866 -7.981463 -12.239500 -5.631552 9.459293 -25.929529 -23.465761 5.449385 -4.059313
3.967290 5.472725 -8.054086 -12.179050 -5.573354 9.464076 -25.830433 -23.438494 5.461087 -3.997011
3.794350 5.618953 -8.098919 -12.064331 -5.621042 9.556273 -25.856493 -23.460142 5.535120 -3.838861
3.510845 5.901957 -8.321762 -11.824234 -5.591596 9.601489 -25.650322 -23.453310 5.699528 -3.429122
3.338486 6.235656 -8.941566 -11.349234 -5.326977 9.721894 -25.266479 -23.405191 5.793733 -2.897835
2.664325 7.008773 -9.677958 -10.789568 -5.231009 9.759458 -24.650276 -23.572617 6.151028 -1.652386
1.827717 7.965964 -10.409433 -10.041327 -5.428419 9.585929 -24.166460 -23.789642 6.534099 -0.145874
0.824838 9.172843 -10.995207 -8.545307 -5.308693 10.720165 -24.901810 -23.017601 6.520629 1.659169
0.204091 10.343235 -12.469048 -6.324263 -4.975301 11.985109 -25.551207 -21.898333 6.054994 3.744245
-0.172761 11.231778 -14.271946 -4.500455 -4.998564 11.808389 -25.404093 -21.728668 5.478432 5.299834
-0.612610 11.968325 -15.142481 -3.638771 -4.502077 11.549761 -24.582563 -21.488422 5.171197 6.555514
-0.037732 12.905701 -17.378340 -1.438927 -5.021003 10.774412 -23.749063 -22.363724 4.751994 7.884550
1.292412 13.242376 -19.166780 -0.626267 -4.965141 8.995009 -20.078119 -23.801102 5.646103 8.983455
3.008239 13.076116 -21.926569 1.271847 -3.886043 8.050072 -17.732471 -23.542490 4.771163 9.708751
6.137339 11.772415 -25.240557 3.286284 -3.153429 5.997148 -14.510331 -23.629101 3.281407 9.619370
9.423847 10.010574 -26.726568 4.105722 -2.816252 4.852023 -12.564630 -24.058870 2.030934 8.459231
12.648264 8.496922 -28.664576 5.850014 -3.482713 3.750960 -12.600216 -24.783463 0.185700 6.618685
15.482673 7.101575 -29.392792 6.592216 -3.867533 2.753862 -11.679605 -25.368107 -0.633482 4.943245
19.297525 5.366726 -30.352285 7.733078 -3.945674 1.929320 -9.995196 -25.999060 -1.508923 2.997801
22.532364 3.807420 -31.318623 8.713161 -3.640269 1.209734 -8.105630 -26.183620 -2.251750 1.647810
23.832651 3.193363 -31.981079 9.222537 -3.076787 0.812970 -7.086485 -25.986233 -2.786073 1.141996
24.324799 2.983742 -32.150677 9.437125 -3.098409 0.714884 -6.816403 -26.042557 -2.916311 0.964665
24.276453 3.046239 -32.155521 9.471370 -3.197098 0.735880 -6.821450 -26.112822 -2.859798 1.048822
24.125174 3.212012 -32.146156 9.557958 -3.430416 0.805526 -6.888227 -26.270859 -2.732772 1.252575
23.776180 3.495687 -32.060173 9.586734 -3.630521 0.918264 -6.913134 -26.408209 -2.496367 1.644160
23.251062 3.914363 -31.907709 9.577530 -3.957556 1.034485 -6.854897 -26.645077 -2.096678 2.259939
22.777086 4.433942 -31.551384 9.579359 -4.683043 1.274342 -6.594342 -27.202728 -1.341812 3.168560
21.838942 5.145687 -31.248972 9.471351 -5.206777 1.501816 -6.538901 -27.516483 -0.677320 4.249340
20.652256 6.024881 -30.930504 9.292933 -5.564305 1.734553 -6.023243 -27.785898 0.198420 5.723522
19.462877 6.868461 -30.375319 9.110619 -6.245962 2.170581 -6.018419 -28.173830 1.034752 7.052635
18.319715 7.713939 -29.854494 8.989721 -6.915116 2.581009 -5.963968 -28.559082 1.836181 8.402602
17.222214 8.538375 -29.332630 8.885584 -7.619181 3.046915 -6.091162 -28.974483 2.604916 9.618409
15.985682 9.356622 -28.721224 8.570861 -7.995024 3.518358 -6.036738 -29.171753 3.429313 10.902690
14.842874 10.129239 -28.229639 8.338712 -8.203416 3.929428 -5.916309 -29.259106 4.155313 12.124743
13.694363 10.892509 -27.659603 7.986054 -8.316430 4.289441 -5.511852 -29.334141 5.018476 13.440761
12.382679 11.664723 -26.845396 7.423704 -8.432338 4.744033 -5.264666 -29.386520 5.975927 14.694190
11.265563 12.250099 -26.125607 6.909039 -8.393594 5.188320 -5.250241 -29.270315 6.657314 15.580951
10.437018 12.654572 -25.577631 6.504643 -8.253366 5.526486 -5.328524 -29.122931 7.117775 16.089529
9.742232 12.957932 -25.058872 6.092130 -8.133413 5.830158 -5.431977 -28.990919 7.509200 16.452669
9.236605 13.145434 -24.597576 5.710362 -8.018416 6.081362 -5.506731 -28.855227 7.817799 16.682243
8.904346 13.253212 -24.267912 5.429262 -7.939491 6.255800 -5.551185 -28.755678 8.025703 16.817360
8.798491 13.289574 -24.147600 5.323675 -7.925374 6.303155 -5.545895 -28.742472 8.113110 16.862259
8.740768 13.314058 -24.073259 5.272984 -7.935199 6.348281 -5.564436 -28.737391 8.171566 16.887615
8.575547 13.376418 -23.835201 5.115500 -7.968251 6.471364 -5.637069 -28.710711 8.341103 16.940125
8.312352 13.473352 -23.492849 4.880213 -8.012433 6.643760 -5.767325 -28.668867 8.575673 17.011208
7.898215 13.646299 -23.081572 4.608888 -8.095056 6.847472 -6.046013 -28.619276 8.843022 17.109293
7.346598 13.874176 -22.643059 4.272377 -8.084886 7.060688 -6.277866 -28.508791 9.156872 17.285694
6.756754 14.035695 -22.019884 3.767450 -8.052388 7.398229 -6.731181 -28.338652 9.464051 17.288992
5.952026 14.178165 -21.008701 2.889681 -7.952109 7.913659 -7.293245 -28.073582 9.939305 17.235176
5.157810 14.371978 -20.211420 2.129855 -7.817926 8.248433 -7.655771 -27.794256 10.369962 17.329201
4.217080 14.588380 -19.442274 1.335438 -7.531773 8.608247 -8.055371 -27.426161 10.736924 17.442516
