-6.450082 -4.805767 -2.765331 -29.473703 -16.062044 8.890607 -38.558617 -2.176731 3.587950 -10.047103
-6.450082 -4.805767 -2.765331 -29.473703 -16.062044 8.890607 -38.558617 -2.176731 3.587950 -10.047103
-6.450082 -4.805767 -2.765331 -29.473703 -16.062044 8.890607 -38.558617 -2.176731 3.587950 -10.047103
-6.450082 -4.805767 -2.765331 -29.473703 -16.062044 8.890607 -38.558617 -2.176731 3.587950 -10.047103
-6.450082 -4.805767 -2.765331 -29.473703 -16.062044 8.890607 -38.558617 -2.176731 3.587950 -10.047103
-7.050143 -3.632474 -2.180037 -30.076139 -16.219820 9.413731 -38.007664 -2.626355 3.350403 -8.851270
-7.025166 -3.620775 -2.109073 -30.077360 -16.221142 9.509300 -37.977970 -2.602561 3.414853 -8.839696
-7.026071 -3.632067 -2.116087 -30.091879 -16.230103 9.475246 -37.962936 -2.618050 3.416251 -8.853342
-7.033408 -3.625331 -2.120893 -30.090105 -16.215410 9.469875 -37.964584 -2.628237 3.407563 -8.857690
-7.033527 -3.624435 -2.121845 -30.089430 -16.214266 9.469291 -37.962410 -2.629466 3.408102 -8.857177
-7.033792 -3.625507 -2.121454 -30.090143 -16.214561 9.469547 -37.963055 -2.626862 3.407928 -8.857787
-7.032878 -3.625997 -2.119271 -30.090126 -16.216228 9.471084 -37.964611 -2.626834 3.409045 -8.858713
-7.031019 -3.625838 -2.119219 -30.089214 -16.215292 9.472209 -37.964649 -2.627223 3.408188 -8.858409
-7.031694 -3.625775 -2.119273 -30.090504 -16.217577 9.469833 -37.962807 -2.629223 3.408715 -8.857919
-7.031982 -3.624322 -2.119864 -30.089670 -16.218454 9.469790 -37.960541 -2.631338 3.409189 -8.856439
-7.031246 -3.623504 -2.118424 -30.088064 -16.218409 9.471367 -37.960747 -2.632436 3.410029 -8.856663
-7.030145 -3.623817 -2.118284 -30.088219 -16.220463 9.471526 -37.959641 -2.632584 3.410982 -8.855109
-7.028958 -3.625255 -2.118597 -30.089090 -16.222338 9.471300 -37.960155 -2.630965 3.410678 -8.854241
-7.030428 -3.625519 -2.119403 -30.089422 -16.221876 9.469681 -37.960033 -2.630887 3.410151 -8.855607
-7.031398 -3.625749 -2.119462 -30.089680 -16.221632 9.468924 -37.961647 -2.630338 3.409342 -8.857270
-7.032038 -3.625608 -2.119241 -30.089952 -16.221357 9.468091 -37.960632 -2.629683 3.409387 -8.857202
-7.032437 -3.625033 -2.120275 -30.089743 -16.219267 9.466583 -37.960674 -2.631159 3.407868 -8.857689
-7.029388 -3.626124 -2.118406 -30.086102 -16.218390 9.472779 -37.963341 -2.625745 3.407813 -8.857295
-7.028069 -3.627238 -2.116809 -30.087402 -16.219231 9.472299 -37.962952 -2.625776 3.407974 -8.857999
-7.028129 -3.625777 -2.116880 -30.086506 -16.217432 9.473600 -37.962440 -2.627661 3.407934 -8.857254
-7.027530 -3.626493 -2.116469 -30.087193 -16.218554 9.473026 -37.962799 -2.627383 3.407753 -8.856980
-7.025989 -3.627432 -2.116809 -30.086254 -16.220177 9.472854 -37.962708 -2.626529 3.407996 -8.856647
-7.024801 -3.629029 -2.119057 -30.086405 -16.222109 9.470454 -37.960896 -2.625160 3.406812 -8.854551
-7.026805 -3.627131 -2.118191 -30.085960 -16.220861 9.472026 -37.962795 -2.626547 3.406083 -8.855025
-7.027748 -3.627069 -2.119059 -30.086361 -16.219658 9.471535 -37.962780 -2.625866 3.405107 -8.855075
-7.026858 -3.627441 -2.117470 -30.086782 -16.220682 9.472964 -37.962811 -2.626434 3.406913 -8.855540
-6.906808 -3.640885 -2.263268 -29.985609 -16.328619 9.382450 -37.872166 -2.761349 3.465569 -8.802621
-6.521767 -3.672444 -2.760776 -29.601234 -16.620487 9.152231 -37.590336 -3.119134 3.625933 -8.610725
-5.915105 -3.710801 -3.660590 -28.972353 -17.044975 8.645786 -36.967854 -3.697249 3.866367 -8.243535
-5.098344 -3.759045 -4.813381 -28.069239 -17.623985 8.025883 -36.192715 -4.481571 4.167283 -7.783690
-4.240737 -3.755966 -6.012195 -27.054235 -18.237181 7.408170 -34.958645 -5.300325 4.662878 -7.130592
-3.625364 -3.700964 -6.772718 -26.212126 -18.758593 7.237662 -34.146214 -5.880328 5.115222 -6.634878
-3.195693 -3.602256 -7.430426 -25.574024 -19.210701 7.074878 -33.369778 -6.488586 5.610753 -6.113328
-2.677133 -3.500635 -8.290564 -24.707548 -19.710564 6.823821 -32.342937 -7.182462 6.078822 -5.568643
-1.930061 -3.593678 -9.022924 -23.853462 -20.024879 6.807036 -31.428106 -7.655680 6.431180 -5.345023
-1.240600 -3.524820 -10.017830 -22.650372 -20.413111 6.682538 -30.233492 -8.145695 6.806346 -4.906476
-0.611501 -3.414289 -10.844678 -21.533371 -20.792778 6.798104 -29.295170 -8.565285 7.196321 -4.426344
-0.253010 -3.333432 -11.249623 -20.847515 -20.865524 7.185483 -28.660921 -8.566480 7.532434 -4.074571
0.095152 -3.170404 -11.795928 -20.113022 -21.038088 7.422968 -27.918180 -8.786621 7.907078 -3.550802
0.340993 -2.882195 -12.362724 -19.340151 -21.149754 7.729814 -27.217033 -9.005948 8.291390 -2.880154
0.454646 -2.606701 -12.830674 -18.777765 -21.234156 7.973466 -26.537491 -9.179286 8.669287 -2.212744
0.510320 -2.374036 -13.180490 -18.323763 -21.266352 8.216401 -26.021315 -9.258016 8.947767 -1.670290
0.579276 -2.201856 -13.455927 -17.951035 -21.246700 8.365675 -25.579391 -9.309018 9.128548 -1.293410
0.604244 -2.078564 -13.724979 -17.686693 -21.116455 8.419878 -25.153486 -9.269199 9.246827 -0.982364
0.599104 -1.987868 -13.914018 -17.515881 -21.042423 8.435988 -24.880264 -9.257629 9.323746 -0.761179
0.604113 -1.963816 -13.986706 -17.456451 -20.986395 8.441345 -24.781593 -9.229662 9.334513 -0.697460
0.433913 -1.817965 -14.030680 -17.340538 -21.034039 8.535799 -24.807592 -9.250934 9.408414 -0.538883
0.149293 -1.533402 -14.253057 -17.100992 -21.003963 8.580222 -24.600897 -9.245956 9.571013 -0.128657
-0.023461 -1.197724 -14.872099 -16.625406 -20.738588 8.701145 -24.216318 -9.201149 9.665437 0.402972
-0.696385 -0.422710 -15.605392 -16.066486 -20.641697 8.739072 -23.599552 -9.371556 10.020914 1.649954
-1.531265 0.534343 -16.336109 -15.318931 -20.833664 8.563406 -23.116077 -9.589101 10.400572 3.154428
-2.536312 1.743015 -16.914204 -13.825337 -20.717649 9.699754 -23.864429 -8.822788 10.382665 4.952488
-3.152855 2.915110 -18.381247 -11.596114 -20.404449 10.958788 -24.530663 -7.713793 9.911969 7.040224
-3.531261 3.798408 -20.193415 -9.775463 -20.444572 10.754886 -24.370602 -7.562397 9.332154 8.592404
-4.060771 4.594563 -21.151400 -8.946879 -19.928749 10.381412 -23.407492 -7.385864 9.015444 9.930870
-3.475988 5.534330 -23.369511 -6.747633 -20.440956 9.615521 -22.591747 -8.264730 8.594128 11.250550
-2.093704 5.838197 -25.107782 -5.914705 -20.393166 7.899012 -19.000868 -9.670824 9.492080 12.299993
-0.429903 5.692430 -27.935928 -4.042497 -19.309477 6.870371 -16.558037 -9.445399 8.605376 13.072768
2.699164 4.389027 -31.249517 -2.028639 -18.577585 4.816944 -13.335888 -9.532022 7.114944 12.984107
5.986792 2.630114 -32.742161 -1.204853 -18.237890 3.672268 -11.383408 -9.961696 5.867274 11.826915
9.204544 1.110515 -34.667568 0.546163 -18.907578 2.614368 -11.458241 -10.666542 4.013907 9.981565
12.054454 -0.286540 -35.398781 1.281999 -19.286617 1.594298 -10.498640 -11.264556 3.202246 8.305995
15.878587 -2.014176 -36.352539 2.430653 -19.353573 0.777673 -8.835022 -11.891221 2.319527 6.359817
19.112852 -3.572947 -37.320133 3.410570 -19.046530 0.057375 -6.944116 -12.076162 1.575379 5.010368
20.413513 -4.187860 -37.983017 3.919994 -18.484095 -0.339641 -5.924638 -11.877851 1.041528 4.504190
20.905811 -4.397424 -38.152493 4.134805 -18.506241 -0.437221 -5.653951 -11.934479 0.912255 4.327013
20.857553 -4.335334 -38.157143 4.168594 -18.605297 -0.416784 -5.659618 -12.003881 0.967904 4.411356
20.707853 -4.169216 -38.146347 4.254578 -18.837927 -0.347725 -5.726152 -12.162519 1.093508 4.616169
20.358168 -3.886507 -38.061348 4.282367 -19.039568 -0.235887 -5.751209 -12.297818 1.329040 5.008614
19.832615 -3.466891 -37.908058 4.272918 -19.366451 -0.119252 -5.693388 -12.536048 1.728153 5.624941
19.359583 -2.948432 -37.551716 4.275056 -20.092196 0.121049 -5.433003 -13.092553 2.483119 6.533426
18.421610 -2.236948 -37.249382 4.166944 -20.616123 0.348425 -5.377513 -13.405894 3.147667 7.614181
17.234661 -1.357840 -36.931316 3.988969 -20.974695 0.581129 -4.861676 -13.674984 4.023316 9.088899
16.045698 -0.513254 -36.374889 3.806559 -21.655184 1.017351 -4.857383 -14.064561 4.858739 10.418227
14.902952 0.332140 -35.854088 3.685619 -22.324339 1.427580 -4.802876 -14.449415 5.660046 11.768479
13.806112 1.156690 -35.331310 3.581024 -23.030031 1.894033 -4.929311 -14.864562 6.429101 12.985645
12.568622 1.976300 -34.718487 3.265391 -23.405388 2.365724 -4.875099 -15.063900 7.254043 14.269774
11.425178 2.748968 -34.228630 3.033776 -23.611307 2.775546 -4.755591 -15.151237 7.978158 15.490588
10.277336 3.511851 -33.659058 2.681479 -23.723576 3.135870 -4.350914 -15.226282 8.841003 16.806332
8.966459 4.282747 -32.845009 2.118827 -23.839003 3.590297 -4.103673 -15.277205 9.798829 18.058868
7.849821 4.869916 -32.124134 1.604126 -23.797821 4.034357 -4.088577 -15.163545 10.479613 18.945286
7.021048 5.275056 -31.576059 1.200411 -23.656885 4.372841 -4.166845 -15.017415 10.939844 19.453733
6.324098 5.577378 -31.057299 0.785954 -23.538622 4.675276 -4.267502 -14.887431 11.332292 19.816006
5.815191 5.763142 -30.586994 0.396815 -23.430916 4.928236 -4.339192 -14.759810 11.647221 20.040916
5.484251 5.871500 -30.255985 0.116395 -23.350492 5.103700 -4.382640 -14.662087 11.855660 20.176296
5.378656 5.907387 -30.135902 0.011040 -23.337887 5.150480 -4.377227 -14.648127 11.942304 20.221935
5.323233 5.930673 -30.061802 -0.039128 -23.345249 5.194044 -4.395794 -14.641549 11.998128 20.246658
5.157752 5.992918 -29.823595 -0.197863 -23.375687 5.315992 -4.470863 -14.614165 12.164478 20.298077
4.894371 6.093105 -29.478422 -0.432510 -23.417690 5.489778 -4.602292 -14.577756 12.399189 20.368101
4.481530 6.268376 -29.063381 -0.702889 -23.497795 5.696610 -4.881608 -14.532608 12.668161 20.464664
3.931337 6.500150 -28.620190 -1.039489 -23.484343 5.911545 -5.114119 -14.428312 12.981587 20.640800
3.343036 6.662824 -27.995293 -1.543888 -23.450361 6.249607 -5.565991 -14.260584 13.289817 20.643917
2.541537 6.803577 -26.983246 -2.420773 -23.350952 6.765258 -6.128086 -13.993486 13.763986 20.591339
1.747915 7.001565 -26.183355 -3.179495 -23.210928 7.100415 -6.490368 -13.720440 14.192405 20.685467
0.808367 7.217721 -25.414186 -3.973876 -22.924139 7.459181 -6.889272 -13.352024 14.558396 20.799107
