2.561758 10.630758 -17.966047 -7.738101 -6.550072 0.411703 -1.348967 -27.333572 13.517073 15.523444
1.730321 10.616470 -16.855059 -8.961966 -6.199746 0.721988 -1.873560 -26.937101 13.912766 15.198911
1.008221 10.536099 -15.778631 -10.093688 -5.829136 1.211191 -2.524791 -26.474899 14.201053 14.801319
0.379616 10.329541 -14.529037 -11.484024 -5.475968 1.685084 -3.122725 -26.062168 14.589235 14.240365
-0.144503 9.945198 -13.417411 -12.833925 -4.803408 2.102700 -4.009599 -25.318998 14.585797 13.301728
-1.031744 11.281462 -11.889615 -14.471512 -3.303606 2.240556 -3.531198 -26.482651 13.896125 13.271561
-1.289869 10.888355 -10.603878 -15.809687 -2.165812 2.945803 -4.454067 -25.706081 13.535312 12.112454
-1.456773 10.373296 -9.568607 -16.877697 -1.435376 3.571787 -5.429110 -24.842247 13.341501 11.028825
-1.668325 10.046269 -8.798991 -17.628004 -0.858421 4.111011 -6.366898 -24.186777 13.122150 10.186746
-2.075740 9.552514 -7.644662 -18.627296 0.037646 5.004712 -8.118638 -23.050737 12.544320 8.770128
-2.465008 9.157009 -6.722070 -19.441185 0.791118 5.783879 -9.870372 -22.079067 11.950671 7.522230
-2.889091 8.761438 -5.609453 -20.379711 1.461244 6.584665 -11.537956 -21.111567 11.499454 6.358456
-3.048779 8.378568 -4.832366 -21.066673 1.969527 7.086274 -12.702137 -20.334845 11.132039 5.440774
-3.246916 8.100073 -4.221164 -21.601528 2.508031 7.442849 -13.724800 -19.619799 10.683195 4.645875
-3.557360 7.914186 -3.555309 -22.124493 2.932653 7.834177 -14.645043 -18.972906 10.331212 3.949120
-4.032441 7.824239 -2.802874 -22.748774 3.295636 8.263343 -15.610274 -18.404739 10.079414 3.357075
-4.819524 7.862897 -1.945312 -23.583311 3.812679 8.699610 -16.534679 -17.716433 9.891943 2.958306
-5.439054 7.844358 -1.275445 -24.331575 4.491022 9.039536 -17.201374 -17.008266 9.661990 2.591734
-6.118580 7.909483 -0.859575 -24.912491 5.207719 9.170432 -17.561600 -16.252010 9.419665 2.418383
-6.698321 7.932020 -0.388566 -25.466490 5.831948 9.354860 -17.875154 -15.532675 9.243134 2.249681
-7.245042 7.909101 0.111143 -26.042074 6.436066 9.526110 -18.228865 -14.861536 9.032108 2.017516
-7.846878 7.930869 0.679396 -26.590296 7.011334 9.774722 -18.695215 -14.219772 8.835430 1.786625
-8.436750 7.966857 1.229597 -27.147327 7.610787 10.007977 -19.053137 -13.618973 8.702675 1.606828
-8.880842 7.965010 1.661249 -27.592449 8.103563 10.133298 -19.218821 -13.095099 8.595299 1.466791
-9.114395 7.887272 1.942773 -27.904324 8.555300 10.169094 -19.271549 -12.608472 8.427722 1.294640
-9.325517 7.816755 2.184908 -28.175257 8.954826 10.155644 -19.282642 -12.171862 8.268191 1.154691
-9.485797 7.741698 2.344282 -28.388603 9.270854 10.105104 -19.224459 -11.818395 8.129725 1.042615
-9.515754 7.656068 2.394077 -28.500509 9.501412 10.011533 -19.072050 -11.586365 8.030950 0.974091
-9.532984 7.607100 2.414332 -28.561258 9.628437 9.942766 -18.982357 -11.451682 7.968073 0.933736
-9.572636 7.589920 2.395079 -28.605421 9.729278 9.875683 -18.889437 -11.370071 7.936118 0.940002
-9.565156 7.572350 2.373174 -28.611094 9.780394 9.842317 -18.831457 -11.328350 7.918387 0.938302
-9.599239 7.591686 2.399009 -28.645222 9.785021 9.853467 -18.796610 -11.341897 7.970536 0.982899
-9.694632 7.658216 2.441622 -28.714415 9.785513 9.898359 -18.710007 -11.396462 8.137938 1.130744
-9.834252 7.785557 2.415436 -28.803202 9.783764 9.889124 -18.426432 -11.517786 8.439351 1.450471
-9.785430 7.895289 2.176946 -28.777222 9.745066 9.709378 -17.721418 -11.755716 8.862292 1.977410
-9.744920 8.049746 1.917440 -28.696821 9.569805 9.474669 -16.887138 -12.106328 9.376047 2.600377
-9.568008 8.214531 1.533366 -28.513149 9.271270 9.133411 -15.681493 -12.641845 10.046885 3.393222
-9.278447 8.299503 1.130741 -28.347862 8.986563 8.711614 -14.409219 -13.147820 10.680551 4.120478
-9.087089 8.520396 0.562540 -28.056314 8.711303 8.180808 -12.982116 -13.715048 11.338536 5.034734
-9.029076 8.727385 0.224825 -27.929958 8.486496 7.813916 -11.902082 -14.210881 11.914970 5.788481
-9.024004 8.904788 -0.112096 -27.829306 8.272782 7.423815 -10.908583 -14.699784 12.439837 6.474386
-8.915644 9.012097 -0.486807 -27.622953 8.106910 6.973936 -9.859230 -15.054470 12.850131 7.062074
-8.773018 9.106465 -0.912356 -27.385469 8.037269 6.540636 -8.862412 -15.325948 13.194234 7.630897
-8.743634 9.269282 -1.316088 -27.161945 7.930932 6.213961 -7.982904 -15.669923 13.581383 8.220424
-8.648621 9.372168 -1.659315 -27.020412 7.847113 5.901216 -7.135533 -16.042088 13.958049 8.752734
-8.522781 9.470354 -2.032710 -26.814724 7.760053 5.612965 -6.371058 -16.364859 14.261110 9.224103
-8.452705 9.562480 -2.393241 -26.617733 7.765779 5.356155 -5.697129 -16.557783 14.456946 9.634553
-8.379967 9.637300 -2.695264 -26.416090 7.766035 5.148210 -5.201223 -16.704435 14.573241 9.931657
-8.325791 9.711011 -2.977414 -26.224737 7.750010 4.954136 -4.791424 -16.828911 14.652118 10.198478
-8.266431 9.766565 -3.194965 -26.063320 7.707088 4.807410 -4.494426 -16.938902 14.720237 10.386925
-8.228794 9.774542 -3.270774 -26.006369 7.715580 4.756747 -4.376368 -16.965563 14.738975 10.447985
-8.286729 9.911931 -3.371537 -25.864943 7.497397 4.701317 -4.336888 -17.162153 14.853734 10.593381
-8.452296 10.309244 -3.630845 -25.430607 6.777091 4.561816 -4.371215 -17.753330 15.137614 10.953368
-8.700844 10.897918 -3.900594 -24.795565 5.607309 4.425326 -4.561604 -18.648785 15.554311 11.393929
-8.918504 11.624739 -4.532065 -23.669327 4.060639 4.175499 -5.125669 -19.724604 15.792756 11.735380
-9.185198 12.623453 -5.268771 -22.105125 1.740004 4.181743 -6.501645 -21.333229 15.977993 12.068846
-8.649443 13.315140 -6.637997 -19.604889 -1.020357 4.198376 -8.594765 -23.177120 15.411812 11.864925
-7.465231 13.934132 -8.683022 -16.234192 -4.333262 4.286048 -11.576034 -25.465113 14.263228 11.396353
-6.286596 14.815845 -11.962588 -11.092796 -5.792477 6.096159 -16.092772 -25.659729 11.604935 11.205483
-3.848863 14.880255 -15.882605 -6.227091 -5.964490 6.433541 -18.702328 -25.407669 8.441831 10.643605
-1.710090 14.492093 -18.848703 -2.390662 -4.637456 7.426796 -21.430464 -23.578312 5.028054 9.734391
-0.285533 13.864305 -21.605686 0.231233 -3.134054 7.516567 -22.762787 -21.641184 1.888364 9.002804
0.405229 13.038811 -24.607458 2.388958 -0.968934 7.699532 -23.718060 -18.680182 -1.600997 8.725064
1.529786 12.312366 -27.236273 3.920963 1.097065 7.550210 -23.225227 -16.935604 -3.943084 8.636016
1.947008 11.464131 -30.398052 5.514544 2.763262 6.888535 -22.844988 -14.152915 -6.934178 9.159802
3.531431 10.495129 -32.876358 6.503016 4.790629 5.897982 -20.569273 -13.626765 -8.442563 8.630457
5.628639 9.541606 -34.824501 7.456760 6.497601 4.994843 -17.760454 -13.062152 -9.425066 8.325216
7.054772 8.610526 -36.373169 7.822473 8.253246 3.737049 -15.434993 -12.266656 -10.490064 7.925019
7.255497 8.107684 -37.987141 7.702957 9.711637 2.372622 -13.202040 -11.506879 -11.169631 8.201874
7.254019 7.986215 -38.119884 7.482639 10.214713 2.032331 -12.244283 -11.334040 -11.182696 8.434343
7.214419 7.958217 -38.076183 7.350622 10.286696 1.968334 -11.948310 -11.284356 -11.131101 8.577250
7.152998 7.995224 -38.096161 7.355492 10.362591 1.999977 -11.917540 -11.243490 -11.125005 8.641109
6.994224 8.083536 -38.129333 7.362102 10.514813 2.108686 -11.900127 -11.135711 -11.132512 8.800028
6.716347 8.225826 -38.152977 7.344144 10.705496 2.301021 -11.899713 -11.019570 -11.129388 9.046189
6.271398 8.468924 -38.078819 7.271610 10.875513 2.571365 -11.847319 -10.951647 -10.993146 9.469464
5.676373 8.760880 -37.802422 7.076799 11.019959 2.984112 -11.737832 -10.868857 -10.685097 10.067276
4.785566 9.199635 -37.442253 6.775465 11.066819 3.486253 -11.635178 -10.892633 -10.170411 10.888927
3.630137 9.641529 -36.855122 6.274943 11.259435 4.108184 -11.801047 -10.732905 -9.696507 11.633870
2.468801 10.042757 -36.134010 5.630455 11.666255 4.781106 -11.917603 -10.413963 -9.210151 12.329588
1.360988 10.400064 -35.471260 5.029259 12.057276 5.362045 -11.937865 -10.046667 -8.825149 13.018950
-0.021387 10.832872 -34.607830 4.217209 12.327428 5.952898 -12.231544 -9.646956 -8.382057 13.674874
-1.575947 11.395991 -33.584496 3.299820 12.534042 6.672349 -12.350293 -9.237883 -7.635649 14.654386
-2.854911 11.917979 -32.884678 2.625264 12.779499 7.224801 -12.176464 -8.852284 -6.983624 15.640247
-4.106460 12.330516 -32.005623 1.765925 12.980895 7.746552 -12.327275 -8.464543 -6.388934 16.237432
-5.153558 12.763829 -31.570486 1.121675 13.067842 7.879879 -12.140642 -8.366119 -5.858000 16.946493
-6.161280 13.121723 -31.045469 0.344716 13.158324 8.000716 -11.910405 -8.305424 -5.279220 17.537996
-6.938798 13.418293 -30.627218 -0.216864 13.301506 8.167347 -11.754085 -8.247222 -4.825442 17.942261
-7.547483 13.631948 -30.365562 -0.665481 13.388322 8.161267 -11.579794 -8.232240 -4.513885 18.234015
-7.901090 13.731436 -30.169664 -0.983836 13.331317 8.151496 -11.499341 -8.297864 -4.302518 18.394466
-8.123577 13.779107 -30.015751 -1.231451 13.312758 8.142894 -11.448390 -8.325367 -4.163561 18.478630
-8.188755 13.793427 -29.946350 -1.310340 13.254206 8.165047 -11.444779 -8.352422 -4.101656 18.520144
-8.167708 13.775524 -30.049461 -1.286843 13.357764 8.099694 -11.333339 -8.301085 -4.143593 18.524420
-8.066250 13.702853 -30.319740 -1.205571 13.564511 7.930724 -11.103823 -8.208776 -4.291769 18.499256
-7.816757 13.532077 -30.691940 -1.079506 13.814306 7.723916 -10.753285 -8.052144 -4.514455 18.430500
-7.346531 13.201202 -31.258047 -0.897545 14.060678 7.409037 -10.237735 -7.936660 -4.852661 18.244965
-6.770018 12.844595 -32.104214 -0.551773 14.315369 6.996734 -9.609536 -7.886221 -5.298667 18.031675
-5.953267 12.240907 -33.126137 -0.224187 14.595382 6.154375 -8.623888 -7.901348 -5.890341 17.637802
-4.935702 11.629248 -34.496243 0.224751 14.840065 5.037557 -7.134041 -8.083025 -6.432371 17.403765
-3.856601 10.781722 -35.676247 0.297728 15.321784 3.866768 -5.657960 -8.079323 -7.029219 16.859659
-2.644746 9.919962 -37.008751 0.427551 15.536581 2.196483 -3.634294 -8.412075 -7.518620 16.383785
