2.232737 7.220840 -35.570293 -0.286740 14.139743 1.452499 0.939373 -10.838397 -3.823803 13.897784
2.810865 6.350699 -36.252525 -1.420374 14.258245 -1.205734 3.355975 -11.292280 -4.071665 13.342086
3.042599 5.799218 -36.371799 -3.000060 14.986757 -3.252962 6.105342 -11.571903 -3.768565 13.067155
2.877128 5.525408 -36.231617 -4.889732 15.665195 -5.423806 9.064339 -12.067331 -2.959082 13.059661
2.695692 5.419035 -35.120403 -7.232934 16.104959 -7.087018 12.155804 -12.737759 -1.103788 13.225728
1.933974 7.012067 -32.563152 -10.054498 17.172430 -8.567405 15.912202 -15.455151 0.494301 13.824552
1.111398 7.066863 -30.631874 -12.892510 17.772974 -9.687356 18.245005 -16.595329 2.043690 13.364942
0.769299 6.682421 -28.692425 -15.563482 18.920240 -10.628430 20.319660 -16.385525 3.694149 12.963318
0.994649 6.010208 -26.669458 -17.651196 19.708363 -11.153874 21.069792 -16.196814 4.756838 11.922889
1.613723 5.568810 -25.086023 -19.071669 20.734600 -11.557887 21.912676 -15.860373 5.940207 11.230019
2.944355 4.965277 -23.212849 -20.042124 21.269381 -11.340368 22.400036 -15.257554 7.474803 10.472096
4.179324 4.307561 -21.037012 -21.119541 21.570686 -10.864548 22.511517 -14.528550 9.152638 9.533426
6.042637 3.295816 -19.682230 -21.526070 21.746714 -10.703693 22.153713 -13.347804 10.322333 8.344800
7.964864 1.791370 -18.594179 -21.661602 21.015192 -9.761429 21.139135 -10.905506 11.878331 7.517957
10.486691 0.111379 -17.494513 -21.479418 19.964874 -8.533689 20.678507 -8.542732 13.725682 7.070546
12.938165 -1.295899 -16.238701 -20.993862 18.345919 -6.830112 19.769400 -6.650871 15.624883 6.756785
14.688503 -2.043674 -14.715325 -20.584581 16.714342 -4.876647 18.835318 -5.643355 17.561972 6.705119
16.793421 -2.256977 -12.274355 -19.946466 14.523111 -2.461428 17.719500 -5.630690 19.897974 7.010269
19.577236 -2.547065 -10.188772 -18.714876 12.573215 -0.591030 16.699497 -6.273118 21.505331 7.031132
21.368631 -2.771788 -7.412926 -18.214622 10.336830 1.651991 14.660159 -6.731269 22.705065 6.693436
23.137362 -2.573599 -4.315882 -18.145153 8.724589 3.496562 13.393817 -7.542872 23.726463 6.589477
24.993099 -2.138315 -1.755710 -17.631834 7.167205 5.067847 12.626603 -8.915468 25.216686 6.991933
26.038050 -1.155336 0.178840 -16.975042 5.423328 6.327385 11.998123 -10.828564 26.403372 7.713876
26.320667 0.195561 1.755023 -16.263029 3.196835 7.385602 11.115779 -12.964815 27.336695 8.640314
26.519903 1.466945 2.972071 -15.687265 0.984120 8.057538 10.722029 -15.127675 28.073351 9.619811
26.262903 2.801679 3.777498 -15.136556 -0.737420 8.529013 10.362640 -17.309227 28.450739 10.307111
25.964994 3.737362 4.220082 -14.636024 -2.000800 8.894378 10.112291 -18.842903 28.687540 10.817973
25.481388 4.565110 4.373710 -14.204594 -3.142609 9.055843 9.959705 -20.205061 28.809904 11.331279
25.087086 5.084777 4.507836 -13.940145 -3.894897 9.266657 9.528126 -21.076527 28.729490 11.522245
24.837719 5.378190 4.541002 -13.811250 -4.304394 9.296988 9.273320 -21.568048 28.585117 11.628433
24.816429 5.436609 4.503078 -13.761838 -4.358763 9.234916 9.337266 -21.717333 28.516930 11.667908
24.725195 5.482854 4.512395 -13.766864 -4.395453 9.264729 9.215978 -21.749754 28.491564 11.668311
24.548861 5.574901 4.566676 -13.794657 -4.406181 9.324934 8.855997 -21.790098 28.421844 11.607665
24.325922 5.655632 4.559564 -13.813810 -4.292765 9.352420 8.453625 -21.787952 28.287058 11.500817
24.000643 5.736349 4.522110 -13.812845 -4.102191 9.432350 7.773967 -21.747744 28.089703 11.256510
23.570574 5.781228 4.299985 -13.775163 -3.582994 9.431062 7.047192 -21.702044 27.721209 10.833933
22.738310 6.042510 4.073324 -13.884151 -3.129691 9.433097 6.077997 -21.878601 27.246506 10.367670
21.707367 6.300384 3.876861 -14.145478 -2.697518 9.463503 5.130085 -21.911104 26.829939 10.008454
20.770884 6.516715 3.830801 -14.379562 -2.421172 9.653884 3.975382 -21.918016 26.451881 9.544616
19.853762 6.522227 3.738118 -14.715681 -2.078970 9.899686 2.719710 -21.691261 26.106256 8.875797
18.920822 6.481647 3.710873 -15.110306 -1.997205 10.212887 1.379055 -21.372179 25.761621 8.299534
17.929203 6.484947 3.719309 -15.594226 -1.644742 10.496917 0.144943 -20.975744 25.360468 7.754117
16.763170 6.662220 3.709970 -16.039127 -1.031149 10.792634 -0.937199 -20.775793 25.020845 7.221784
15.691039 6.916725 3.737032 -16.383535 -0.373112 11.083325 -1.781387 -20.800587 24.805487 6.718955
14.937349 7.003666 3.592923 -16.659962 0.407169 11.130364 -2.094578 -20.596684 24.531530 6.402614
14.363836 6.961286 3.617441 -17.034498 1.105175 11.177307 -2.270513 -20.192297 24.328154 6.161044
13.930357 6.933692 3.573059 -17.268095 1.422529 11.149879 -2.426245 -19.988657 24.165018 6.031812
13.595425 6.879145 3.549402 -17.483324 1.636767 11.095840 -2.549070 -19.785069 23.991289 5.947513
13.315543 6.861295 3.515940 -17.655745 1.757840 11.050308 -2.583302 -19.653814 23.876486 5.934736
13.111074 6.840840 3.522038 -17.809032 1.884601 11.022929 -2.583690 -19.520208 23.807894 5.918731
13.031775 6.838580 3.525969 -17.853466 1.894405 11.020350 -2.595811 -19.485689 23.775007 5.918497
13.016406 6.648700 3.574577 -18.075363 2.459539 11.069958 -2.204969 -19.174568 23.844631 5.861338
13.194674 6.001800 3.717739 -18.700583 4.089661 11.104560 -1.024373 -18.118307 23.981091 5.671545
14.081324 4.441009 3.642588 -19.505236 6.326639 10.812500 1.166861 -15.652950 24.036160 5.677686
15.073643 2.940084 3.670671 -20.329813 9.115054 10.312553 3.240330 -13.202415 23.741121 5.379173
17.145990 -0.227002 3.768157 -21.621716 11.618405 9.983688 5.443971 -8.479980 23.429916 4.674677
17.557461 -2.757981 3.383547 -23.432043 12.970902 9.266088 5.983610 -4.682249 22.334185 4.030194
16.116575 -4.959161 0.657723 -24.904045 14.074902 7.669618 5.903604 -1.132038 19.861551 3.078712
15.336708 -7.497811 -2.768392 -25.928478 14.217731 6.218030 5.904154 2.743223 16.734158 3.002360
13.118205 -8.564071 -5.608586 -26.515303 14.696019 4.801455 4.249277 4.580705 13.250292 1.904054
11.566916 -9.259747 -7.814052 -26.552679 15.674699 4.549783 2.222869 5.226622 9.529526 0.961530
9.389754 -9.724068 -9.770463 -27.214819 15.089538 4.118268 -0.169016 5.786073 6.286345 0.073379
6.786780 -9.078820 -10.742820 -27.710257 14.746106 3.866283 -2.738019 5.162591 3.990001 -0.431025
4.120023 -8.259232 -12.415632 -27.992643 14.542647 2.790032 -4.074077 4.412494 2.257663 -1.122394
0.512779 -7.309128 -14.359362 -28.725910 13.263474 1.310504 -4.869285 4.122634 1.271689 -0.880300
-3.270263 -5.786998 -15.657569 -29.285200 12.056613 0.420894 -5.406954 2.918352 0.279862 0.594208
-5.864438 -4.988254 -17.133774 -29.705599 11.712424 -1.048241 -5.715706 2.592251 -0.974344 1.583703
-8.891522 -3.848190 -18.283535 -29.951550 11.283761 -1.605821 -7.014863 2.216399 -2.120835 2.144657
-10.480327 -3.102177 -19.171188 -29.391603 10.799574 -1.604239 -8.152741 1.945936 -2.914368 2.537498
-11.259808 -2.584629 -19.555956 -28.988604 10.587125 -1.758428 -8.900826 1.777219 -3.474545 2.868883
-11.442121 -2.452965 -19.678463 -28.822828 10.577336 -1.785952 -9.129772 1.741538 -3.687386 2.921467
-11.438273 -2.477149 -19.754923 -28.818033 10.587641 -1.891778 -9.128023 1.727010 -3.686779 2.825238
-11.416998 -2.543362 -19.997406 -28.789585 10.643416 -2.143758 -9.097781 1.677370 -3.732496 2.597633
-11.179911 -2.719768 -20.395164 -28.613317 10.755206 -2.545912 -9.055264 1.615283 -3.857654 2.169084
-11.096153 -2.858586 -20.858965 -28.489359 11.336810 -3.137164 -9.206403 1.626899 -4.216163 1.527392
-10.783290 -2.994651 -21.540840 -28.071920 11.829861 -3.799675 -9.191013 1.588119 -4.502426 0.913962
-10.154932 -3.397368 -21.980385 -27.786543 12.222492 -4.254688 -9.230820 1.976367 -4.674644 0.349875
-9.475040 -3.774052 -22.673748 -27.440683 13.176406 -5.084281 -9.283549 2.220992 -5.052862 -0.468344
-8.490479 -4.213217 -23.363621 -26.796146 14.466291 -5.849779 -9.763388 2.483274 -5.724813 -1.592497
-7.687190 -4.586451 -23.837873 -26.193155 15.691045 -6.461244 -10.322938 3.074765 -6.177857 -2.352351
-6.525110 -5.063740 -24.315731 -25.408533 16.513044 -7.040392 -10.802028 3.610923 -6.538620 -2.995869
-5.341299 -5.503659 -24.553999 -24.817703 17.357672 -7.527670 -11.379462 4.232438 -7.000201 -3.485408
-4.223716 -6.051321 -24.791130 -24.340258 18.017002 -7.963581 -12.220878 5.068394 -7.561517 -4.063225
-2.907793 -6.615983 -25.080118 -23.691229 18.804138 -8.319159 -13.116773 5.873968 -8.111532 -4.892974
-1.667891 -7.174709 -25.206295 -23.151516 19.701008 -8.608452 -14.138657 6.720882 -8.543691 -5.949542
-0.538331 -7.580337 -25.249205 -22.569223 20.455381 -8.817524 -14.932927 7.376332 -8.879201 -6.776335
0.330796 -7.953107 -25.466454 -22.121372 21.281172 -9.221593 -15.579027 7.935312 -9.342956 -7.563744
0.945282 -8.234518 -25.673529 -21.823452 21.750605 -9.586379 -15.919685 8.413611 -9.695001 -7.971900
1.394261 -8.432949 -25.873930 -21.575098 22.034618 -9.913613 -16.067423 8.712388 -9.839432 -8.268670
1.666258 -8.535576 -26.056847 -21.395550 22.152880 -10.152385 -16.069834 8.841515 -9.879561 -8.420300
1.746291 -8.559755 -26.063253 -21.338879 22.171402 -10.196968 -16.110935 8.891519 -9.890414 -8.463662
1.745270 -8.558976 -26.064011 -21.337263 22.174431 -10.194431 -16.112339 8.894908 -9.891435 -8.463224
1.747043 -8.558543 -26.065857 -21.332365 22.176426 -10.189881 -16.112713 8.898358 -9.891854 -8.461799
1.747006 -8.558784 -26.066147 -21.333866 22.173265 -10.194171 -16.109814 8.895401 -9.890394 -8.461884
1.746606 -8.560133 -26.063988 -21.337072 22.172741 -10.194743 -16.110622 8.895004 -9.890347 -8.464240
1.747002 -8.559830 -26.065342 -21.334845 22.174215 -10.192992 -16.110926 8.896971 -9.891068 -8.463408
1.747248 -8.558912 -26.067760 -21.332260 22.175613 -10.192138 -16.109083 8.898437 -9.890921 -8.460932
1.746464 -8.559289 -26.065872 -21.334585 22.177782 -10.191188 -16.110548 8.899983 -9.891426 -8.462783
1.747283 -8.558945 -26.066471 -21.332762 22.178404 -10.189925 -16.108620 8.900526 -9.890689 -8.461712
1.749180 -8.558735 -26.069590 -21.330414 22.178829 -10.191792 -16.104322 8.900496 -9.890557 -8.459608
