27.214895 -3.424182 0.427984 -16.948139 3.871933 6.519272 10.166587 -8.264204 26.512272 7.130259
26.944801 -4.453703 -0.928800 -17.483906 5.418125 5.587725 10.928434 -6.540297 25.866623 6.369930
26.456068 -5.443319 -2.723085 -17.813820 6.815521 4.563015 11.586946 -4.900399 25.017660 5.596140
26.119017 -6.254375 -4.118726 -18.155964 7.964613 3.777826 11.750930 -3.498173 24.141409 5.003400
25.441307 -6.807692 -6.115440 -18.383825 9.572538 2.526848 12.111683 -2.300804 23.185024 4.324339
22.743328 -5.415081 -8.972518 -19.157772 11.815684 0.203069 14.212571 -3.092292 21.676779 4.642981
21.050112 -5.181270 -11.378306 -19.345007 13.746497 -1.336452 14.996242 -2.556094 20.267069 4.564784
20.009968 -5.260704 -12.867109 -19.624113 15.794670 -2.600144 15.381039 -2.077094 18.509607 4.192983
18.875463 -5.432692 -14.147791 -20.101730 17.818653 -3.793244 15.259399 -1.732598 16.699083 3.193688
18.648838 -5.676565 -14.812079 -20.291285 19.697828 -4.746855 15.223762 -1.561602 14.994102 2.247060
17.827658 -5.501974 -15.515022 -20.594574 21.249310 -5.626423 15.419003 -1.839926 13.347358 1.736526
17.222134 -5.558479 -15.974409 -20.961733 22.689077 -6.100201 15.185979 -1.811349 11.964732 0.977729
16.392948 -5.310283 -16.560465 -21.097992 24.066664 -6.494126 14.818369 -2.176512 10.606477 0.514871
15.859324 -5.066608 -17.349089 -20.908472 25.486433 -6.977584 14.683912 -2.681238 9.015013 0.149589
15.644971 -4.680819 -18.154091 -20.430182 26.954998 -7.446675 14.846588 -3.704631 7.605149 -0.406226
15.380177 -4.473190 -19.275248 -20.141640 27.997551 -8.268794 15.047591 -4.504173 5.891485 -0.782487
14.647235 -3.992861 -20.214712 -19.829962 28.813337 -8.930170 14.960035 -5.487799 4.405439 -0.942622
13.408362 -3.459668 -21.067822 -19.815022 29.181799 -9.403019 15.130714 -6.116498 3.427870 -0.569141
12.104883 -3.111807 -21.777151 -19.999380 29.690571 -9.758492 15.138202 -6.452216 2.476393 -0.365086
10.823400 -2.990361 -22.571589 -20.322828 29.731461 -10.212569 14.903879 -6.367132 1.469503 -0.089578
9.659424 -2.879417 -23.456640 -20.527802 29.741268 -10.725857 14.621814 -6.342968 0.386883 0.125895
8.739441 -2.877866 -24.209200 -20.605846 29.668314 -11.003991 14.320440 -6.355180 -0.592382 0.177352
7.864455 -2.734373 -25.083078 -20.448252 29.464329 -11.335477 14.116789 -6.491371 -1.491822 0.389404
7.287843 -2.579004 -25.918755 -20.178988 29.320255 -11.668184 14.152975 -6.709267 -2.190156 0.673913
6.807048 -2.446226 -26.473255 -19.973364 29.035093 -11.782905 13.997297 -6.915551 -2.656736 0.860740
6.453027 -2.436212 -26.964464 -19.818327 28.814272 -11.931497 13.673790 -6.954793 -3.135924 0.855432
6.152725 -2.460067 -27.376093 -19.678879 28.621342 -11.986934 13.245611 -6.925878 -3.606288 0.786743
5.884078 -2.446468 -27.671255 -19.517393 28.435743 -11.943800 12.844048 -6.935142 -3.990306 0.745310
5.677529 -2.399825 -27.905787 -19.384108 28.272861 -11.920757 12.659542 -7.007295 -4.215134 0.776047
5.549338 -2.357366 -28.005550 -19.307320 28.141254 -11.877792 12.568069 -7.084000 -4.310160 0.814755
5.492626 -2.338991 -28.058992 -19.282469 28.086218 -11.871552 12.538021 -7.114039 -4.344164 0.832353
5.450734 -2.330699 -28.014357 -19.305279 28.059896 -11.784039 12.574007 -7.162021 -4.322914 0.855799
5.296154 -2.301114 -27.926567 -19.394690 27.945213 -11.582760 12.730238 -7.285108 -4.258288 0.979297
4.963694 -2.196261 -27.748604 -19.542696 27.693642 -11.201741 12.972077 -7.545363 -4.092323 1.201560
4.498657 -2.052473 -27.610523 -19.730543 27.410061 -10.791069 13.345325 -7.887141 -3.948682 1.516806
3.997059 -1.919738 -27.497690 -19.926065 27.022369 -10.365750 13.747251 -8.285891 -3.827692 1.858595
3.362255 -1.796227 -27.366545 -20.268908 26.547806 -9.963818 14.127093 -8.700539 -3.701231 2.221961
2.538641 -1.555000 -27.216652 -20.681929 25.919006 -9.538518 14.499825 -9.277826 -3.563347 2.708579
1.846106 -1.280774 -27.136162 -21.001778 24.986448 -9.180672 15.031144 -10.079592 -3.333001 3.322268
0.994764 -0.893600 -27.038895 -21.331417 24.007132 -8.895621 15.535844 -10.992785 -3.095171 4.035792
0.303478 -0.466767 -26.770823 -21.624205 23.037031 -8.571936 15.960891 -11.907347 -2.725410 4.755086
-0.060346 -0.211664 -26.445131 -21.830566 22.112448 -8.211238 16.164410 -12.632666 -2.401913 5.252036
-0.392181 0.044939 -26.026573 -22.023737 21.361761 -7.813390 16.441936 -13.220436 -1.987658 5.709819
-0.746677 0.335245 -25.611530 -22.149097 20.643126 -7.403705 16.603338 -13.793429 -1.564613 6.141544
-0.569017 0.424871 -25.543604 -21.906834 19.978212 -7.244280 16.630270 -14.336457 -1.490959 6.305286
-0.695876 0.562402 -25.460163 -21.824814 19.462866 -7.038553 16.523560 -14.719189 -1.464191 6.489359
-0.534823 0.596796 -25.355766 -21.713377 19.220644 -6.882927 16.571405 -14.939734 -1.374850 6.555401
-0.256444 0.568199 -25.191185 -21.597868 19.041046 -6.705575 16.560934 -15.082389 -1.249050 6.531378
-0.063944 0.564180 -25.021227 -21.558920 18.890312 -6.571126 16.572447 -15.181616 -1.080468 6.546998
0.087769 0.581520 -24.898203 -21.513329 18.840765 -6.484666 16.587233 -15.239182 -0.956721 6.570201
0.122371 0.590462 -24.848318 -21.504559 18.799210 -6.444959 16.588961 -15.268402 -0.904911 6.578496
-0.012641 0.581914 -24.586540 -21.657547 18.699291 -6.250622 16.319536 -15.207407 -0.770291 6.521726
0.041592 0.390372 -23.985464 -22.068846 18.925819 -5.795042 16.147072 -14.877690 -0.305119 6.185135
0.822612 -0.256531 -22.563435 -22.524311 19.508818 -4.661534 15.461710 -13.841627 0.603541 5.311518
2.365489 -1.100056 -20.851673 -22.596434 20.111927 -3.242675 14.785817 -12.795312 1.802651 3.872096
4.144116 -2.307482 -19.104740 -22.819798 20.038534 -1.914220 13.855605 -10.737941 3.689402 2.498436
5.917914 -4.404217 -16.747776 -23.932253 20.637115 -0.639280 11.104433 -6.161883 4.951966 0.487976
7.203198 -7.238954 -14.488667 -25.042313 19.166216 2.042707 8.059911 -1.137321 9.432030 -2.734698
6.851261 -8.208487 -12.194067 -25.180063 17.498466 4.701585 3.896708 1.889892 13.564092 -4.960154
7.400596 -9.153385 -10.143622 -25.492079 16.161575 5.567490 -0.101410 4.390097 15.488767 -6.291417
9.857966 -10.312739 -10.672789 -23.157898 11.408044 5.815921 -4.857788 4.808252 17.301283 -8.165927
15.644876 -11.980082 -12.602416 -19.521002 7.365592 5.069404 -5.886183 5.133099 18.120245 -8.398296
19.601910 -12.014489 -13.609949 -16.376623 4.313093 3.875628 -8.130316 4.098658 16.438387 -7.873065
22.794703 -11.382000 -15.483553 -12.398389 2.684942 3.518505 -10.164432 3.920282 13.813318 -5.449236
26.071325 -11.226624 -16.838345 -8.890643 0.476676 3.696403 -11.027191 3.505510 11.964145 -3.545094
29.885454 -12.329415 -16.401003 -7.255620 -0.691675 4.839413 -11.617338 4.879345 9.405492 -1.251117
30.871216 -12.746854 -17.858242 -6.056215 -1.540739 4.948865 -10.288279 6.259520 6.402546 1.703086
32.757343 -12.998714 -20.487843 -3.896497 -1.256098 3.627101 -7.755307 7.509774 3.856617 4.013892
32.934902 -13.493300 -21.398954 -3.288062 -1.505554 3.150160 -6.119328 8.962747 2.397236 5.994949
32.581654 -13.649217 -21.441893 -3.612805 -1.572221 2.861726 -5.901070 9.665215 1.621897 6.791268
32.254204 -13.659814 -21.438776 -3.790720 -1.652165 2.791459 -5.942740 9.884809 1.273176 7.040875
32.322315 -13.686478 -21.432247 -3.793437 -1.741092 2.775773 -5.909955 9.911147 1.278258 7.115153
32.377998 -13.694774 -21.444901 -3.839775 -1.910847 2.729123 -5.829526 9.981813 1.270393 7.335575
32.413288 -13.713459 -21.350782 -3.905101 -2.427664 2.902281 -5.867285 10.104518 1.323187 7.824728
32.240170 -13.811738 -21.134735 -4.230805 -3.269543 2.979409 -6.133636 10.319051 1.226413 8.234635
31.776459 -13.638122 -20.779024 -4.667072 -4.184124 3.161495 -6.315666 10.345728 1.450472 8.830642
31.491446 -13.850969 -19.828199 -5.554360 -5.348324 3.500684 -7.205796 10.601531 1.538458 9.150008
30.511791 -13.879446 -18.745296 -6.908144 -6.921550 3.833137 -7.926628 11.098280 1.498832 10.237806
29.541704 -13.792607 -17.184313 -8.277579 -8.161254 4.433881 -8.798820 11.199338 2.012088 10.796862
28.383799 -13.776960 -15.875574 -9.322823 -9.938946 5.156028 -9.806402 11.227067 2.192077 11.517142
27.223518 -13.717911 -14.692627 -10.440307 -11.739361 5.642546 -10.697474 11.259133 2.322124 12.272540
26.211735 -13.825413 -13.658970 -11.431077 -13.542714 6.202718 -11.580222 11.480147 2.438270 13.038663
25.103283 -14.136131 -12.801611 -12.431561 -15.383768 6.546380 -12.235650 11.803440 2.270918 13.805169
24.179789 -14.427526 -12.184918 -13.110650 -16.757784 6.756245 -12.874351 11.981129 1.964681 14.392583
23.339125 -14.532027 -11.782841 -13.536952 -17.810974 6.953416 -13.178032 11.916088 1.731389 15.008310
22.270653 -14.442719 -11.273343 -14.277238 -19.106825 7.047540 -13.324089 11.772390 1.538388 15.788392
21.820761 -14.681485 -10.864371 -14.580062 -19.991121 7.247167 -13.640382 11.818274 1.432059 16.061966
21.364614 -14.620118 -10.627721 -14.817665 -20.480469 7.262545 -13.492527 11.645194 1.568546 16.281528
20.717855 -14.267963 -10.575035 -15.161542 -20.739111 7.080172 -13.101830 11.322668 1.722308 16.506947
20.344828 -14.043716 -10.583962 -15.295462 -20.830479 6.984831 -12.872995 11.048667 1.833101 16.578232
20.254721 -13.980191 -10.603827 -15.298801 -20.833477 6.974131 -12.816864 10.954664 1.852711 16.589874
