2.367842 -2.825430 -24.345673 -13.584462 34.002743 -1.779399 -17.188131 6.112489 -10.324937 -8.089459
2.367842 -2.825430 -24.345673 -13.584462 34.002743 -1.779399 -17.188131 6.112489 -10.324937 -8.089459
2.367842 -2.825430 -24.345673 -13.584462 34.002743 -1.779399 -17.188131 6.112489 -10.324937 -8.089459
2.367842 -2.825430 -24.345673 -13.584462 34.002743 -1.779399 -17.188131 6.112489 -10.324937 -8.089459
2.367842 -2.825430 -24.345673 -13.584462 34.002743 -1.779399 -17.188131 6.112489 -10.324937 -8.089459
1.626371 -1.875384 -24.570160 -13.508261 34.596348 -1.758633 -16.763496 5.435407 -10.510758 -7.506042
1.533087 -1.694146 -24.461670 -13.534317 34.684731 -1.778174 -16.715155 5.117772 -10.538514 -7.494460
1.514614 -1.688534 -24.455620 -13.545361 34.678379 -1.793215 -16.718109 5.104710 -10.538227 -7.494879
1.515457 -1.690470 -24.455572 -13.545798 34.676083 -1.792688 -16.717793 5.108351 -10.536954 -7.493998
1.516487 -1.692938 -24.457123 -13.545869 34.674698 -1.791686 -16.718760 5.113234 -10.536950 -7.493863
1.516777 -1.694381 -24.456499 -13.547735 34.674305 -1.793709 -16.717609 5.113667 -10.536458 -7.495034
1.517068 -1.695408 -24.456984 -13.548223 34.674919 -1.793952 -16.717934 5.116015 -10.537383 -7.495099
1.513370 -1.695294 -24.457310 -13.551624 34.672752 -1.797319 -16.718319 5.114324 -10.537281 -7.496753
1.511844 -1.695174 -24.456987 -13.551455 34.672791 -1.795686 -16.720016 5.115872 -10.536754 -7.497340
1.513294 -1.697563 -24.457144 -13.551913 34.670933 -1.797185 -16.719711 5.118424 -10.536403 -7.497988
1.515271 -1.700572 -24.456812 -13.552486 34.668774 -1.796866 -16.720953 5.122652 -10.536464 -7.497639
1.515238 -1.700817 -24.455809 -13.553701 34.667519 -1.798192 -16.720528 5.121428 -10.536399 -7.497732
1.514820 -1.700659 -24.455795 -13.553129 34.668739 -1.795835 -16.721481 5.122552 -10.535231 -7.498413
1.517950 -1.702481 -24.455877 -13.552175 34.668797 -1.794277 -16.721249 5.124329 -10.534101 -7.498796
1.518098 -1.703097 -24.456234 -13.552342 34.669117 -1.794100 -16.721321 5.125390 -10.533944 -7.499110
1.518882 -1.705350 -24.456161 -13.555116 34.667736 -1.797638 -16.718498 5.126276 -10.532176 -7.499877
1.521598 -1.707972 -24.455454 -13.555404 34.668121 -1.798140 -16.719299 5.129407 -10.532080 -7.501179
1.521596 -1.709013 -24.456163 -13.556203 34.668240 -1.800318 -16.719318 5.130421 -10.533351 -7.501632
1.521195 -1.708149 -24.456690 -13.554835 34.668007 -1.799548 -16.718924 5.130286 -10.533023 -7.500991
1.520336 -1.709557 -24.456079 -13.556756 34.665985 -1.800395 -16.718981 5.131342 -10.531461 -7.502069
1.522316 -1.712138 -24.456614 -13.556742 34.664688 -1.801064 -16.719511 5.135919 -10.531932 -7.501662
1.523617 -1.715750 -24.460680 -13.556157 34.661724 -1.802032 -16.718573 5.144301 -10.531993 -7.499387
1.523659 -1.716609 -24.461020 -13.556322 34.660950 -1.801700 -16.718807 5.145549 -10.530889 -7.499681
1.525359 -1.718302 -24.460838 -13.556537 34.661507 -1.802665 -16.718868 5.147762 -10.530784 -7.500753
1.525227 -1.721095 -24.462297 -13.557852 34.659824 -1.803562 -16.720304 5.152176 -10.530921 -7.501632
1.525068 -1.723263 -24.464064 -13.558117 34.657803 -1.804229 -16.720778 5.156182 -10.530435 -7.501669
1.403940 -1.697141 -24.503584 -13.617885 34.622440 -1.806718 -16.669638 5.124602 -10.531702 -7.466543
1.023182 -1.631323 -24.469303 -13.852814 34.441986 -1.744990 -16.629616 5.065328 -10.515546 -7.362204
0.380298 -1.537576 -24.512514 -14.201900 34.039852 -1.657459 -16.478462 4.979266 -10.392247 -7.171681
-0.491800 -1.390985 -24.556992 -14.652596 33.276115 -1.466581 -16.105162 4.850307 -10.001016 -6.783336
-1.592167 -1.184298 -24.665213 -15.238813 32.172012 -1.260313 -15.359449 4.614170 -9.416596 -6.077816
-2.981861 -1.039493 -25.074207 -16.028141 30.849461 -1.205490 -14.369799 4.468110 -8.750400 -5.291801
-4.244014 -0.817631 -25.268665 -16.863537 29.527191 -1.035990 -13.184649 4.210926 -8.039905 -4.221355
-5.540783 -0.574016 -25.201847 -17.721207 28.264208 -0.723564 -12.142819 3.896023 -7.198094 -3.367071
-6.944080 -0.292807 -25.224808 -18.614063 26.803991 -0.472419 -11.317256 3.494551 -6.470543 -2.605114
-8.431044 0.124776 -25.131468 -19.423416 25.187883 -0.101182 -10.757888 2.960731 -5.932924 -1.823854
-9.872367 0.631263 -24.599394 -20.451294 23.680550 0.383462 -10.226178 2.323076 -5.404612 -0.961932
-10.838755 0.940071 -24.130558 -21.342785 22.228718 0.747482 -9.701013 1.791468 -5.092741 -0.156380
-11.818702 1.301755 -23.464117 -22.138502 21.025402 1.335562 -9.239995 1.509046 -4.583353 0.839181
-12.395138 1.653072 -22.754707 -22.627871 20.243860 2.025278 -9.103342 1.215530 -4.283546 1.585042
-12.902800 1.859650 -22.275661 -23.117113 19.639210 2.477290 -9.030834 1.038435 -4.078332 2.150422
-13.251905 1.965735 -21.593399 -23.660845 19.165079 3.056873 -8.856359 0.993045 -3.667449 2.652484
-13.361647 2.061206 -21.120699 -23.872738 18.769423 3.500453 -8.670702 0.812878 -3.341378 3.036730
-13.574248 2.187943 -20.682281 -24.059399 18.569290 3.923053 -8.663900 0.747579 -3.114429 3.353750
-13.567525 2.230578 -20.422682 -24.114382 18.521820 4.156346 -8.650858 0.723846 -3.039949 3.514715
-13.551994 2.244846 -20.331560 -24.117832 18.520201 4.254860 -8.644143 0.691518 -3.019746 3.566073
-13.366806 2.161570 -20.172764 -24.171673 18.547709 4.345841 -8.433774 0.656198 -2.781358 3.521560
-12.642353 1.685059 -19.858332 -24.335825 18.796566 4.605908 -7.835181 0.855488 -2.291863 3.252104
-10.976969 0.619162 -19.045582 -24.854698 19.050829 4.660247 -6.883481 1.591817 -1.462973 2.857160
-7.594308 -1.094113 -18.243555 -24.678932 19.236597 4.971145 -5.437409 2.936617 -0.385580 2.310028
-4.436561 -2.333543 -16.581642 -24.317022 20.242023 6.410067 -5.289583 4.024564 0.624691 1.179132
-0.467705 -4.085040 -15.308405 -23.815878 21.492504 7.641541 -4.536475 5.534551 2.078548 -0.497110
2.467615 -5.314556 -14.114898 -23.438540 21.762327 9.092693 -3.002915 6.402525 4.398428 -1.041088
4.744352 -6.030077 -13.075493 -22.759892 22.822622 10.098226 -1.935872 6.887039 6.272492 -1.455752
6.612392 -6.965068 -12.912831 -22.380480 22.310493 10.842877 0.414125 8.451318 9.444565 -1.141840
8.635772 -6.743442 -11.247091 -21.691175 21.533518 12.250211 3.141274 9.033964 13.511482 0.595943
10.869411 -7.064256 -9.008368 -21.303816 19.325409 13.840390 4.645450 9.910213 18.570187 1.314906
12.351908 -6.601100 -7.135702 -20.441559 18.074022 15.483224 5.102457 9.336409 21.731606 2.375594
14.154659 -6.607926 -4.194180 -19.278452 15.373088 18.336401 3.885692 9.190020 24.728815 3.361412
16.069693 -6.208695 -1.305493 -18.295752 11.716555 20.856585 2.788181 9.010214 27.005022 5.604690
15.915586 -4.406555 -0.618386 -17.043684 8.230577 21.975365 2.147891 7.060380 28.206087 7.691050
14.697287 -1.909055 -0.248097 -16.124481 4.665735 22.585428 0.596332 3.525671 29.177038 9.028672
13.432763 -0.415810 -0.150150 -15.405217 0.996968 23.253931 -1.927398 1.220235 29.298655 9.690500
12.751341 0.635477 -0.261656 -14.126925 -1.596039 24.111975 -4.919620 -0.798257 29.479218 9.273016
12.494931 1.167087 -0.744036 -13.285655 -3.141928 24.055178 -6.213055 -1.802543 29.294695 9.260892
12.549589 1.246235 -0.918020 -12.984533 -3.544777 24.027491 -6.676954 -1.944186 29.152893 9.188950
12.585669 1.288479 -0.917016 -12.956469 -3.589264 24.017906 -6.657785 -2.025672 29.185419 9.216664
12.710779 1.395936 -0.918477 -12.833550 -3.768290 24.005733 -6.641840 -2.267090 29.247854 9.281261
12.873498 1.530597 -0.918762 -12.697691 -3.905576 23.987200 -6.580001 -2.539094 29.352598 9.327991
13.125854 1.707010 -0.926730 -12.534438 -4.142758 23.945480 -6.390287 -2.869436 29.516001 9.467731
13.465828 1.811961 -0.923790 -12.294339 -4.600931 24.040447 -6.263283 -3.133452 29.746696 9.592091
13.860931 2.073925 -0.954604 -12.005088 -5.477632 23.935596 -5.992964 -3.708277 29.902039 10.067471
14.367056 2.329300 -0.765013 -11.892374 -6.303062 23.735767 -5.459022 -4.273509 30.152931 10.556885
15.117120 2.523959 -0.789336 -11.721962 -7.009991 23.236698 -4.353749 -4.725281 30.312668 11.341514
16.100283 2.610406 -0.828505 -11.299832 -7.585104 22.802380 -3.143555 -5.252975 30.560427 11.999701
17.067230 2.806611 -0.805650 -10.916550 -7.975930 22.275354 -1.630699 -5.885439 30.841789 12.790423
17.797516 3.084536 -0.863000 -10.642134 -8.041341 21.691978 -0.003905 -6.446021 31.038340 13.592677
18.733362 3.177227 -0.721291 -10.338428 -8.353438 21.304790 1.450888 -6.886114 31.352758 14.341676
19.606379 3.195446 -0.589105 -10.169371 -8.595994 20.906425 2.811716 -7.220154 31.662218 14.908161
20.581009 3.054474 -0.382482 -10.011256 -8.944757 20.696730 3.895349 -7.334588 31.945011 15.352052
21.466742 2.810904 -0.147767 -9.885836 -9.221055 20.642712 4.831890 -7.251970 32.276657 15.763316
22.140610 2.647008 0.094491 -9.849202 -9.512525 20.663986 5.520565 -7.234353 32.639824 16.011217
22.738834 2.420055 0.133602 -9.753037 -9.495531 20.590832 6.208036 -7.166131 32.832497 16.121136
23.128122 2.227001 0.172652 -9.724966 -9.568265 20.559374 6.642182 -7.064591 32.950264 16.218872
23.354834 2.117639 0.136322 -9.704996 -9.530595 20.475677 7.015818 -7.015396 32.997631 16.284107
23.458740 2.066852 0.127685 -9.702433 -9.482495 20.430571 7.144569 -6.976503 33.003906 16.291454
23.531832 2.003970 0.133451 -9.734005 -9.385514 20.415480 7.193576 -6.874506 33.015472 16.285774
23.733166 1.797785 0.243784 -9.853931 -9.064687 20.450037 7.224323 -6.527681 33.091850 16.201849
24.122807 1.442790 0.273511 -10.004004 -8.517608 20.352921 7.453063 -5.989842 33.133045 16.088583
24.558523 0.854881 0.179815 -10.258985 -7.616033 20.130245 7.717855 -5.072856 33.062561 15.846065
25.104786 0.076762 0.112893 -10.575465 -6.512512 19.990532 7.877589 -3.914072 32.923637 15.418928
25.598274 -0.906280 -0.086057 -10.942213 -5.038419 19.759073 8.095272 -2.513048 32.817947 14.792021
26.017355 -2.025804 -0.606699 -11.244550 -3.173861 19.376740 8.264262 -0.955165 32.644356 13.803478
26.362171 -3.217411 -1.417171 -11.423821 -1.087435 19.008972 8.259560 0.694606 32.244591 12.549437
26.912333 -4.445681 -2.204227 -11.621143 1.349135 18.640789 8.698135 2.424247 31.999269 11.214514
