-3.651165 -1.928108 -32.132912 -12.494632 2.576874 9.090741 0.957869 4.785913 1.118185 14.664705
-4.459613 -0.636803 -32.420525 -12.655424 2.670991 8.665111 2.341965 4.307592 1.072993 16.132999
-4.619230 -0.166458 -32.090851 -12.254598 2.834280 9.403278 1.630138 4.991121 1.292311 16.863874
-5.378027 0.851391 -31.243322 -11.746420 2.139514 10.261036 0.512159 5.110135 2.138098 17.910202
-5.400408 1.342828 -31.237511 -11.100870 1.806344 10.246087 -0.561142 5.098162 2.279992 17.933941
-6.431563 2.579365 -31.469723 -10.396257 1.407004 10.170869 -1.681008 5.139846 2.568109 18.586582
-6.411261 3.622966 -32.322483 -9.163179 0.689311 9.409606 -2.474103 4.640033 2.757411 19.201307
-7.525368 5.132526 -32.801167 -7.769119 -0.629954 9.112294 -4.788886 3.511433 2.831871 20.078863
-7.940098 6.334471 -32.834171 -6.883635 -1.850565 8.852172 -6.164388 2.155918 3.442945 20.784536
-5.969439 6.665895 -32.896690 -5.824292 -5.910071 7.193868 -5.078205 -1.448779 5.041465 21.184450
-2.920462 6.082723 -33.084751 -5.224226 -8.923157 4.938241 -3.202896 -4.697690 6.284589 20.320526
-2.161007 6.177814 -32.923923 -5.113757 -10.929272 3.601312 -2.367271 -6.793327 7.350869 20.373728
-2.203996 7.317896 -32.734661 -4.805842 -12.982215 2.568334 -1.323628 -8.876287 9.119555 22.155216
-1.849579 7.416789 -31.691015 -5.005045 -15.364648 2.235394 -1.600769 -10.354531 10.347699 22.481541
-0.209497 6.285803 -31.125439 -5.466980 -17.435543 0.916785 -1.660305 -11.638607 10.558095 21.474550
1.233097 5.658868 -31.084148 -5.910528 -19.492634 -0.881951 -0.598479 -13.948379 11.256654 20.944427
2.863016 5.133428 -30.383743 -6.135947 -21.151787 -1.479864 0.996047 -15.667643 12.536778 20.675713
3.590992 5.070031 -30.532150 -5.881954 -21.833860 -2.146572 2.373627 -16.416264 13.024065 21.123581
3.724352 4.965762 -30.639261 -5.856704 -21.982473 -2.409190 2.440457 -16.479507 12.918048 21.057053
3.706825 4.931426 -30.633411 -5.949611 -22.052813 -2.541427 2.440820 -16.561401 12.895547 20.986568
3.815983 4.901997 -30.752428 -5.820132 -22.073631 -2.573260 2.419467 -16.566401 12.804000 20.953911
4.105734 4.833662 -31.070942 -5.491605 -22.181396 -2.707098 2.381910 -16.642050 12.581342 20.862988
4.588885 4.685864 -31.505154 -5.045734 -22.365648 -2.912683 2.347884 -16.785137 12.262656 20.666912
5.247806 4.419714 -31.963945 -4.599709 -22.643194 -3.233457 2.311198 -16.999893 11.870864 20.310556
5.992223 4.053465 -32.429665 -4.250231 -22.952774 -3.714874 2.320771 -17.284168 11.436481 19.777449
6.946303 3.522229 -32.990730 -3.948658 -23.126549 -4.396014 2.388581 -17.548309 10.850083 18.908016
8.243965 2.730597 -33.604713 -3.615539 -23.105661 -5.039830 2.364644 -17.696472 10.064283 17.570339
9.389364 1.889828 -33.973915 -3.526833 -23.113586 -5.597134 2.113250 -17.830376 9.322858 16.101261
10.572193 0.989457 -34.293537 -3.509883 -23.037504 -6.109248 1.923834 -17.893681 8.621135 14.614963
11.932201 0.093421 -34.825115 -3.262510 -22.687864 -6.493332 1.863713 -17.767036 7.834792 13.143903
13.064030 -0.782517 -35.202133 -3.329371 -22.093109 -6.913291 1.939853 -17.546152 7.158535 11.714410
14.341401 -1.764787 -35.507999 -3.463844 -21.594088 -7.377272 1.947127 -17.380653 6.503004 10.105817
15.653288 -2.693554 -35.967754 -3.341883 -21.022594 -7.759179 1.880885 -17.091305 5.705607 8.615871
16.793514 -3.507906 -36.287174 -3.191192 -20.598837 -7.919478 1.523197 -16.827318 4.942519 7.200496
17.607271 -4.152746 -36.585709 -3.059421 -20.142389 -8.064074 1.166162 -16.517412 4.222412 6.046602
18.171822 -4.681236 -36.831917 -2.990010 -19.641247 -8.184375 0.826628 -16.107874 3.555742 5.107271
18.662052 -5.062818 -36.997311 -2.900280 -19.390541 -8.232899 0.643811 -15.914147 3.135796 4.483798
19.022165 -5.341158 -37.089893 -2.875964 -19.239517 -8.286208 0.583299 -15.800287 2.882278 4.054699
19.170912 -5.503818 -37.083416 -2.950291 -18.988977 -8.304421 0.610327 -15.636688 2.753744 3.814860
19.213039 -5.555544 -37.098484 -2.969043 -18.871407 -8.317183 0.616032 -15.571448 2.687517 3.734469
18.652451 -5.320002 -36.877975 -3.189911 -18.860476 -8.170676 0.230218 -15.501654 2.811184 3.897695
17.187532 -4.629092 -36.220234 -3.736682 -19.130774 -7.690607 -0.810484 -15.445432 3.286902 4.413678
14.010847 -3.045532 -35.507610 -4.368297 -19.488846 -6.946267 -2.869267 -15.193393 3.785200 5.848615
10.263086 -0.916251 -35.175373 -4.392571 -19.650009 -6.080760 -4.913239 -14.457055 4.261722 8.332251
7.622751 0.707986 -34.926414 -3.960470 -19.467619 -4.491088 -7.142458 -13.437359 4.484578 10.018356
4.405738 2.305753 -32.952423 -5.291332 -19.751869 -2.731463 -8.686098 -13.054507 6.070454 11.508976
0.789739 4.023327 -31.257124 -6.098262 -20.060137 -1.150573 -11.947783 -12.297279 6.595500 12.245202
-2.768202 6.086285 -28.812105 -5.372313 -20.301558 1.530841 -15.898438 -10.293297 6.943083 13.521802
-6.506953 8.373997 -25.630011 -5.720730 -20.471245 4.666958 -19.673029 -8.772635 7.751616 14.978922
-8.323361 8.896488 -23.493551 -5.338518 -18.619419 9.538765 -23.722792 -4.594369 7.355833 14.354321
-8.971560 8.216376 -21.457495 -6.312558 -18.398872 11.719600 -26.376221 -2.934167 7.325701 13.345374
-7.547593 6.867068 -19.965782 -7.149574 -18.568352 12.948857 -27.062458 -2.768397 7.825257 11.593575
-6.447043 5.485525 -18.438169 -8.593417 -18.240406 13.532645 -27.092318 -2.534552 8.260743 9.608371
-3.748363 3.378782 -17.485924 -10.024951 -17.891043 13.292315 -25.072685 -3.519148 9.078141 6.892031
-2.305709 2.021214 -17.310623 -11.254145 -17.948553 12.948161 -24.175106 -4.901931 9.531408 5.126011
-1.293833 0.832824 -16.581327 -12.488353 -18.210922 12.553949 -24.405140 -5.364169 9.355226 3.436587
-0.759095 -0.033543 -15.747602 -13.536055 -18.742371 11.956472 -25.096964 -5.797566 8.991499 2.081658
-0.257811 -0.617999 -14.967152 -14.237559 -19.374445 11.608197 -25.325556 -6.329465 8.973016 1.365986
0.077719 -0.929535 -14.772405 -14.497574 -19.552988 11.384604 -25.447615 -6.532982 8.832335 0.966397
0.277382 -1.097126 -14.718515 -14.630478 -19.594643 11.245848 -25.428267 -6.599783 8.781163 0.794735
0.272970 -1.110149 -14.656803 -14.665209 -19.639952 11.285515 -25.526314 -6.600431 8.779046 0.763455
0.263691 -1.169346 -14.494279 -14.789005 -19.662762 11.394113 -25.789845 -6.551638 8.716298 0.616274
0.253194 -1.270473 -14.273992 -14.988268 -19.703508 11.540956 -26.214071 -6.492862 8.601415 0.401706
0.186360 -1.376920 -14.089717 -15.206371 -19.481228 11.805056 -26.651655 -6.200790 8.432210 0.191704
0.111493 -1.501939 -13.875181 -15.434907 -19.132658 12.100643 -27.188139 -5.807065 8.162429 -0.140038
-0.102396 -1.598548 -13.602654 -15.759754 -18.766733 12.463388 -28.051371 -5.291154 7.790851 -0.491486
-0.456529 -1.701045 -13.244276 -16.237831 -18.280333 12.809978 -28.913912 -4.676545 7.384749 -0.839848
-0.988763 -1.653776 -12.873006 -16.629541 -17.931261 13.043324 -29.964472 -4.079107 6.926465 -1.060096
-1.766530 -1.344838 -12.744945 -16.830948 -17.758402 13.097481 -31.205639 -3.660978 6.437958 -0.960926
-2.797090 -0.956883 -12.390035 -17.175951 -17.195175 13.393786 -32.532742 -2.787185 5.861892 -0.822941
-3.786929 -0.515828 -11.897156 -17.538902 -16.664095 13.762839 -33.818348 -1.904152 5.366356 -0.566128
-4.721812 -0.133351 -11.340187 -17.904446 -16.231142 14.040896 -34.796268 -1.060436 4.957944 -0.389083
-5.431565 0.010914 -10.589291 -18.491060 -15.663001 14.467054 -35.846928 -0.160676 4.472620 -0.592368
-5.924296 0.116035 -10.116732 -18.778866 -15.163946 14.792750 -36.633232 0.628846 3.951032 -0.787394
-6.525668 0.183610 -9.513518 -19.318884 -14.443574 15.235514 -37.408131 1.445551 3.485185 -1.076281
-7.208560 0.174274 -8.475405 -20.135490 -13.759023 15.921427 -38.509182 2.285661 3.023254 -1.677599
-7.970467 0.201814 -7.343546 -20.956583 -13.188871 16.597736 -39.419445 3.078777 2.668969 -2.231514
-8.584620 0.246118 -6.454870 -21.570524 -12.700893 17.202337 -40.164001 3.704442 2.364693 -2.675633
-8.953487 0.252477 -5.893257 -21.954037 -12.339623 17.594519 -40.580746 4.134707 2.175686 -2.961730
-9.056561 0.253462 -5.703307 -22.077534 -12.215483 17.723719 -40.690411 4.279459 2.116064 -3.053193
-9.054645 0.248950 -5.701380 -22.079668 -12.213409 17.722597 -40.688511 4.287502 2.111767 -3.055236
-9.056351 0.247927 -5.693356 -22.079926 -12.203532 17.724085 -40.685112 4.291971 2.108232 -3.064213
-9.041028 0.238726 -5.682575 -22.076794 -12.202466 17.734058 -40.675922 4.296744 2.113863 -3.070221
-9.038011 0.228914 -5.673721 -22.082087 -12.206033 17.742668 -40.685089 4.310541 2.115493 -3.076738
-9.039166 0.225202 -5.666025 -22.083096 -12.214105 17.739412 -40.692802 4.319989 2.112748 -3.077240
-9.048164 0.228325 -5.658905 -22.085871 -12.222274 17.737869 -40.701294 4.323220 2.109838 -3.075619
-9.067658 0.239352 -5.655641 -22.088264 -12.216844 17.737700 -40.715778 4.323188 2.102532 -3.075923
-9.082841 0.244456 -5.646415 -22.095356 -12.220057 17.737072 -40.727680 4.328636 2.096279 -3.076198
-9.088646 0.246178 -5.640012 -22.101614 -12.224915 17.735207 -40.735031 4.325152 2.095141 -3.077977
