-6.233970 -0.775842 1.990322 -27.483164 -2.408318 14.613015 -37.235737 -9.843951 0.557223 -13.217007
-6.233970 -0.775842 1.990322 -27.483164 -2.408318 14.613015 -37.235737 -9.843951 0.557223 -13.217007
-6.233970 -0.775842 1.990322 -27.483164 -2.408318 14.613015 -37.235737 -9.843951 0.557223 -13.217007
-6.233970 -0.775842 1.990322 -27.483164 -2.408318 14.613015 -37.235737 -9.843951 0.557223 -13.217007
-6.233970 -0.775842 1.990322 -27.483164 -2.408318 14.613015 -37.235737 -9.843951 0.557223 -13.217007
-5.946318 0.352903 3.306519 -28.874576 -1.852422 14.668182 -36.227905 -11.291580 -1.278893 -11.575373
-5.882899 0.390483 3.443311 -28.964641 -1.803817 14.657754 -36.177030 -11.336529 -1.345903 -11.503365
-5.888881 0.393098 3.444573 -28.963199 -1.804294 14.635993 -36.175378 -11.367067 -1.338624 -11.518714
-5.891959 0.396163 3.444589 -28.960998 -1.801686 14.634608 -36.175377 -11.374364 -1.339389 -11.519906
-5.892353 0.395881 3.444568 -28.961184 -1.802973 14.634085 -36.174360 -11.375217 -1.338959 -11.519321
-5.892466 0.395299 3.445509 -28.961382 -1.803077 14.634409 -36.175463 -11.376271 -1.338595 -11.520801
-5.893118 0.394171 3.445911 -28.961731 -1.805867 14.634220 -36.176791 -11.374882 -1.336387 -11.521685
-5.892993 0.393418 3.444744 -28.961473 -1.805178 14.633119 -36.176703 -11.374573 -1.337211 -11.522217
-5.893734 0.393929 3.445136 -28.962007 -1.806038 14.632548 -36.175905 -11.375956 -1.336633 -11.522001
-5.894961 0.392614 3.442950 -28.961616 -1.808212 14.632034 -36.174989 -11.375711 -1.336081 -11.522043
-5.895106 0.391667 3.440906 -28.958802 -1.809862 14.635059 -36.176600 -11.370637 -1.332641 -11.523446
-5.894669 0.390852 3.441167 -28.959258 -1.810303 14.633933 -36.176404 -11.371996 -1.331781 -11.524165
-5.894275 0.391709 3.441640 -28.959068 -1.809506 14.633710 -36.176116 -11.373301 -1.331782 -11.524350
-5.894499 0.391355 3.442302 -28.960235 -1.808971 14.631477 -36.176508 -11.375826 -1.333283 -11.525436
-5.894777 0.391979 3.443062 -28.960102 -1.807325 14.631422 -36.176476 -11.377751 -1.334520 -11.526024
-5.895653 0.391612 3.441317 -28.958160 -1.808515 14.630785 -36.175737 -11.377863 -1.332827 -11.526860
-5.895987 0.391769 3.440832 -28.957507 -1.808253 14.631035 -36.175229 -11.378178 -1.332513 -11.526726
-5.895210 0.391614 3.441436 -28.955995 -1.807570 14.632472 -36.176168 -11.376552 -1.332910 -11.527387
-5.894884 0.391311 3.441302 -28.955430 -1.809246 14.632340 -36.176186 -11.376138 -1.331324 -11.527596
-5.895492 0.392060 3.440363 -28.953911 -1.809608 14.634067 -36.175428 -11.378090 -1.330279 -11.528006
-5.896132 0.391483 3.438989 -28.952977 -1.811911 14.634959 -36.176387 -11.375998 -1.328343 -11.527430
-5.895873 0.389908 3.438405 -28.952764 -1.814300 14.636207 -36.176971 -11.373932 -1.326958 -11.527806
-5.897484 0.388298 3.435205 -28.952245 -1.816608 14.635026 -36.177478 -11.369975 -1.326100 -11.527617
-5.898076 0.388654 3.435016 -28.951147 -1.817152 14.636237 -36.178537 -11.370505 -1.326057 -11.527725
-5.899104 0.389107 3.434518 -28.951012 -1.815532 14.635375 -36.178802 -11.371607 -1.326371 -11.529390
-5.900593 0.388716 3.432552 -28.949813 -1.816789 14.636735 -36.179753 -11.371295 -1.324315 -11.531331
-5.759951 0.362294 3.285158 -28.795252 -1.858161 14.517192 -36.203066 -11.429818 -1.279971 -11.414869
-5.252782 0.306406 2.750112 -28.239897 -1.934227 14.153181 -36.188012 -11.577968 -1.116911 -11.010262
-4.409598 0.278125 1.735909 -27.191183 -2.058426 13.400280 -36.022539 -11.807242 -0.778219 -10.190498
-3.382964 0.262932 0.513938 -25.890059 -2.266076 12.509649 -35.719130 -12.075937 -0.401036 -9.176591
-2.352318 0.267201 -0.800960 -24.457522 -2.517787 11.605139 -35.170517 -12.348305 0.106609 -8.146418
-1.546720 0.336723 -1.738840 -23.204522 -2.826755 11.036774 -34.877391 -12.544441 0.524552 -7.331531
-0.828126 0.342218 -2.597583 -22.173994 -3.131492 10.540998 -34.634944 -12.758133 0.859535 -6.795486
-0.124006 0.401794 -3.551691 -21.024097 -3.443686 9.971246 -34.250949 -13.004198 1.230209 -6.182857
0.582323 0.389658 -4.412944 -20.042196 -3.712806 9.679671 -33.743921 -13.251604 1.561541 -5.785055
1.133630 0.554089 -5.283853 -18.875984 -3.934624 9.524486 -33.035225 -13.442643 1.922662 -5.225158
1.745894 0.762479 -6.097952 -17.704536 -4.242540 9.552220 -32.357548 -13.680947 2.375961 -4.866103
2.111494 1.018154 -6.608586 -16.804760 -4.294436 9.777612 -31.709184 -13.769592 2.876561 -4.386637
2.394304 1.326750 -7.149789 -15.977783 -4.358212 10.015480 -31.052079 -13.991714 3.430718 -3.824833
2.609874 1.671066 -7.610667 -15.201792 -4.484126 10.328103 -30.679385 -14.174914 3.859881 -3.295117
2.731806 2.008945 -8.080071 -14.488105 -4.556995 10.594341 -30.233905 -14.309061 4.295362 -2.689302
2.758737 2.252121 -8.430105 -13.984570 -4.562146 10.867017 -29.846771 -14.383682 4.620159 -2.218264
2.773305 2.468912 -8.702970 -13.534615 -4.562793 11.021411 -29.603329 -14.370712 4.842433 -1.858428
2.804193 2.622065 -9.010545 -13.170623 -4.512896 11.077824 -29.307064 -14.306487 4.974482 -1.534737
2.822299 2.727273 -9.244005 -12.926150 -4.507143 11.074043 -29.091179 -14.274119 5.040760 -1.263560
2.840360 2.752007 -9.325868 -12.844501 -4.488862 11.073575 -29.013204 -14.253080 5.056483 -1.194859
2.702910 2.871926 -9.362346 -12.755591 -4.509510 11.179946 -29.057206 -14.262495 5.154966 -1.111319
2.380188 3.206393 -9.505405 -12.487650 -4.538014 11.180710 -28.969369 -14.275673 5.271862 -0.561557
2.164872 3.629312 -9.978602 -12.005225 -4.444647 11.244967 -28.759135 -14.368741 5.351537 0.341115
1.228607 4.393823 -10.671320 -11.435098 -4.438676 11.223950 -28.180029 -14.424853 5.686419 1.972234
0.497649 5.136565 -11.389161 -10.674256 -4.687867 11.220904 -27.765398 -14.512981 5.696524 3.772918
0.253625 5.742601 -11.540713 -9.747869 -4.705437 12.407003 -27.850610 -14.187732 4.707692 5.794542
-0.183117 6.362197 -12.569438 -8.221384 -4.707452 13.171869 -28.044857 -13.610331 3.591997 8.215017
-0.533417 7.255584 -14.345963 -6.674250 -4.440422 12.505599 -27.582597 -12.889041 3.231642 10.017284
-1.269237 8.401312 -16.082312 -5.798131 -3.619756 11.505400 -26.753835 -11.678192 3.036211 11.256526
-0.810433 9.477234 -18.628844 -3.896363 -3.469939 10.331041 -25.936385 -10.845987 2.816684 12.643934
0.046456 10.131802 -20.753477 -2.494415 -4.353347 8.842401 -22.918081 -11.919724 3.753912 13.898061
2.244893 10.136036 -23.096777 -0.675446 -4.232353 7.633056 -20.286011 -12.100148 3.448990 14.510189
5.258114 9.480703 -26.392129 1.389588 -3.771640 5.402223 -17.905528 -11.843424 2.729653 14.676927
8.415563 8.208046 -28.374277 2.506679 -3.882699 3.850752 -15.863204 -12.160862 2.186100 13.872412
11.806510 7.100938 -30.318916 4.257228 -4.137325 2.445193 -15.157259 -12.133353 1.292598 12.583181
14.909438 6.163396 -31.861616 5.921946 -4.461255 1.397220 -14.398418 -12.143101 0.793297 11.391823
18.423216 4.920584 -32.669041 7.042726 -4.514177 0.816303 -12.551647 -12.565086 0.502154 9.914159
21.370885 3.906205 -33.491464 7.999843 -4.527289 0.304111 -10.593027 -12.934272 0.212703 9.031973
22.688015 3.427844 -33.860830 8.375349 -4.585512 0.028811 -9.356563 -13.309358 0.080453 8.714337
23.149017 3.255289 -33.969038 8.540221 -4.732799 0.001126 -9.015418 -13.545069 0.079267 8.549998
23.080347 3.320540 -33.963677 8.565275 -4.818544 0.051394 -9.018386 -13.623338 0.128927 8.648538
22.915632 3.487622 -33.941645 8.653084 -5.029827 0.188154 -9.071181 -13.798282 0.218146 8.931313
22.625684 3.700647 -33.873103 8.670519 -5.245410 0.359630 -8.986674 -14.023099 0.398030 9.300759
22.085469 3.992903 -33.723165 8.560967 -5.530706 0.564814 -8.765048 -14.357476 0.713271 9.819719
21.368868 4.473195 -33.415921 8.502538 -6.135706 0.977120 -8.490833 -15.039626 1.310844 10.673213
20.381726 5.052490 -33.043362 8.345088 -6.685154 1.366925 -8.195886 -15.669049 1.949701 11.696821
19.140959 5.678811 -32.766153 8.117169 -7.134500 1.709629 -7.759736 -16.189158 2.558588 12.944390
17.831039 6.233533 -32.300484 7.836045 -7.697464 2.236151 -7.678612 -16.768286 3.037150 14.131089
16.528434 6.825388 -31.783647 7.624554 -8.271899 2.748391 -7.627086 -17.336901 3.515167 15.392124
15.262052 7.408508 -31.228823 7.416217 -8.918111 3.330340 -7.659508 -17.965123 4.001890 16.604592
13.919861 7.957437 -30.626372 6.966672 -9.261013 3.821009 -7.527386 -18.373480 4.475727 17.783811
12.663888 8.486862 -30.149483 6.596014 -9.468866 4.184980 -7.360987 -18.668588 4.960254 18.860203
11.312513 9.039104 -29.639692 6.098616 -9.628337 4.480807 -7.011521 -18.981653 5.568923 19.994750
9.868222 9.618547 -28.962140 5.479375 -9.792292 4.833449 -6.770209 -19.290664 6.283796 21.058838
8.657343 10.101913 -28.316978 4.954565 -9.835118 5.204192 -6.717385 -19.468355 6.822648 21.908395
7.713793 10.439400 -27.771256 4.470924 -9.761715 5.511970 -6.703523 -19.564480 7.211128 22.411468
6.904479 10.691293 -27.238742 3.964456 -9.664668 5.765863 -6.682427 -19.633121 7.546852 22.771519
6.264873 10.884500 -26.750335 3.518311 -9.586052 5.986389 -6.680464 -19.682305 7.827371 23.038745
5.876929 11.000719 -26.424942 3.226681 -9.540464 6.126236 -6.665400 -19.711836 8.016189 23.198683
5.743431 11.042165 -26.310520 3.118831 -9.528035 6.165914 -6.644762 -19.730706 8.090261 23.250243
5.669342 11.071878 -26.226862 3.063810 -9.541961 6.207323 -6.646073 -19.757931 8.149131 23.285275
5.477857 11.155377 -25.975097 2.900826 -9.566057 6.300780 -6.665610 -19.803978 8.304143 23.372087
5.164728 11.272025 -25.589279 2.630557 -9.569030 6.454513 -6.682028 -19.870875 8.535582 23.479172
4.680287 11.436730 -25.115564 2.267041 -9.544454 6.616663 -6.792976 -19.908358 8.784313 23.639582
3.986236 11.647460 -24.565031 1.761850 -9.437174 6.741476 -6.895445 -19.878408 9.041863 23.883692
3.265176 11.816482 -23.842931 1.104145 -9.318244 6.932155 -7.077140 -19.875241 9.365807 23.971379
2.357622 12.003209 -22.883143 0.251456 -9.195206 7.256816 -7.292197 -19.948012 9.892755 24.005432
1.392829 12.234524 -22.028580 -0.534613 -8.972020 7.519317 -7.525123 -19.868402 10.354202 24.133198
0.252622 12.481353 -21.237556 -1.378869 -8.689921 7.764736 -7.883360 -19.712946 10.720584 24.205719
