-3.845959 -0.691340 -25.765966 -18.182093 28.013113 -12.382561 -22.920276 12.056753 -5.435620 -7.967875
-3.845959 -0.691340 -25.765966 -18.182093 28.013113 -12.382561 -22.920276 12.056753 -5.435620 -7.967875
-3.845959 -0.691340 -25.765966 -18.182093 28.013113 -12.382561 -22.920276 12.056753 -5.435620 -7.967875
-3.845959 -0.691340 -25.765966 -18.182093 28.013113 -12.382561 -22.920276 12.056753 -5.435620 -7.967875
-3.845959 -0.691340 -25.765966 -18.182093 28.013113 -12.382561 -22.920276 12.056753 -5.435620 -7.967875
-3.862730 -0.455057 -25.651416 -18.846998 28.698744 -12.256226 -22.156394 11.697650 -6.472471 -7.421297
-3.861333 -0.396245 -25.578648 -18.894994 28.788865 -12.274547 -22.064786 11.458791 -6.578635 -7.420130
-3.867971 -0.398185 -25.583395 -18.894269 28.779211 -12.294374 -22.065431 11.453222 -6.572219 -7.422739
-3.869884 -0.396482 -25.586201 -18.891401 28.779676 -12.296749 -22.063634 11.451984 -6.568827 -7.421922
-3.869735 -0.396941 -25.586498 -18.891010 28.778543 -12.295391 -22.063395 11.454134 -6.566671 -7.422645
-3.869121 -0.397942 -25.586210 -18.891579 28.776997 -12.296045 -22.062817 11.455076 -6.565260 -7.422392
-3.869124 -0.398479 -25.586892 -18.891521 28.778072 -12.295184 -22.062561 11.456858 -6.564307 -7.424171
-3.870523 -0.399818 -25.587988 -18.893476 28.777186 -12.298525 -22.062555 11.457570 -6.564663 -7.424168
-3.870467 -0.400679 -25.587929 -18.893889 28.777034 -12.297836 -22.062601 11.458974 -6.563317 -7.425193
-3.871049 -0.401500 -25.590310 -18.891978 28.775553 -12.297808 -22.063970 11.463681 -6.561089 -7.424856
-3.871978 -0.401806 -25.592322 -18.890311 28.774686 -12.297011 -22.064643 11.466515 -6.559209 -7.425865
-3.870337 -0.402688 -25.592378 -18.888061 28.774223 -12.294863 -22.064376 11.466332 -6.557761 -7.426456
-3.871414 -0.402218 -25.591362 -18.889042 28.774340 -12.292846 -22.063076 11.467444 -6.557547 -7.425420
-3.870641 -0.401944 -25.591312 -18.888563 28.774505 -12.293059 -22.063004 11.468073 -6.556932 -7.425144
-3.871566 -0.401545 -25.591822 -18.889049 28.775980 -12.294329 -22.063559 11.467233 -6.557977 -7.426539
-3.870628 -0.402074 -25.591577 -18.888316 28.774642 -12.295278 -22.063320 11.467649 -6.556051 -7.426874
-3.870465 -0.402677 -25.591554 -18.889163 28.773946 -12.296344 -22.063033 11.468334 -6.555643 -7.426566
-3.870031 -0.401993 -25.592716 -18.886216 28.774594 -12.294829 -22.063234 11.468654 -6.555944 -7.426411
-3.870107 -0.403089 -25.592808 -18.886448 28.773724 -12.294517 -22.063167 11.470565 -6.554619 -7.426106
-3.868519 -0.403827 -25.593630 -18.885439 28.773307 -12.294247 -22.063122 11.472305 -6.553754 -7.426445
-3.867673 -0.404537 -25.594097 -18.883864 28.772469 -12.293324 -22.063653 11.474539 -6.551972 -7.427305
-3.866735 -0.406153 -25.594646 -18.883265 28.771251 -12.290638 -22.065118 11.479682 -6.549995 -7.428271
-3.867961 -0.407026 -25.596344 -18.882156 28.769985 -12.289144 -22.066353 11.483307 -6.548324 -7.427962
-3.868621 -0.407391 -25.596875 -18.882083 28.768967 -12.288755 -22.066252 11.485500 -6.546725 -7.427183
-3.867632 -0.408319 -25.596551 -18.882060 28.769163 -12.289046 -22.067138 11.488188 -6.546915 -7.426729
-3.869438 -0.409224 -25.599089 -18.880097 28.766484 -12.287041 -22.068911 11.493224 -6.542663 -7.427786
-3.895308 -0.460116 -25.623360 -18.944790 28.763718 -12.307103 -21.995666 11.423058 -6.587782 -7.445305
-3.952930 -0.627082 -25.550792 -19.221309 28.733228 -12.330938 -21.859440 11.250392 -6.754453 -7.495836
-4.072938 -0.895773 -25.535802 -19.635990 28.575016 -12.347381 -21.458528 10.923122 -6.889477 -7.520427
-4.154152 -1.343454 -25.603424 -20.175007 28.144046 -12.275609 -20.624162 10.394521 -6.925849 -7.503127
-4.219476 -1.876526 -25.710315 -20.836350 27.547116 -12.183691 -19.349851 9.453481 -6.971115 -7.438841
-4.682923 -2.499905 -26.135575 -21.676666 26.653842 -12.156470 -17.849695 8.695565 -6.904282 -7.181908
-5.139293 -3.166369 -26.495859 -22.594605 25.536222 -11.952039 -16.155487 7.860628 -6.821929 -6.639812
-5.974072 -3.460377 -26.588300 -23.467410 24.419046 -11.666242 -14.577367 6.956761 -6.510950 -5.948844
-6.952197 -3.689735 -26.804263 -24.330898 23.144593 -11.476269 -12.963343 6.039869 -6.235058 -5.191371
-8.048475 -3.620796 -26.625610 -25.308902 21.906056 -11.304184 -11.742916 5.050014 -6.158830 -4.158798
-9.093905 -3.636204 -26.220618 -26.409811 20.637911 -10.939207 -10.627322 4.009298 -6.135261 -3.212581
-9.939959 -3.537869 -25.871260 -27.268386 19.446301 -10.721182 -9.644328 3.215779 -6.065439 -2.190760
-10.938917 -3.468249 -25.193629 -28.378914 18.416768 -10.415790 -8.555595 2.425942 -5.893901 -0.943153
-11.800692 -3.407593 -24.417296 -29.414191 17.705484 -9.991790 -7.762745 1.595544 -6.082432 0.177090
-12.771533 -3.375022 -23.977024 -30.307932 16.878141 -9.637860 -7.092695 0.989274 -6.095516 1.150875
-13.578780 -3.373879 -23.329912 -31.190728 16.107280 -9.090216 -6.516532 0.578091 -5.872607 2.030908
-14.055112 -3.367793 -22.892814 -31.727046 15.473064 -8.668088 -5.982154 0.201917 -5.717370 2.864074
-14.531361 -3.325043 -22.513711 -32.174154 15.139086 -8.319119 -5.699847 -0.013099 -5.616182 3.463101
-14.713530 -3.323152 -22.285453 -32.406308 14.964687 -8.124446 -5.519752 -0.115852 -5.571084 3.829095
-14.778875 -3.327725 -22.197890 -32.493736 14.908519 -8.031868 -5.439511 -0.173924 -5.551669 3.947477
-14.521777 -3.459384 -22.113854 -32.516679 14.820246 -7.972246 -5.359998 -0.179809 -5.214826 3.741273
-13.517255 -3.948742 -21.726824 -32.571605 14.690852 -7.547084 -5.238934 -0.066338 -4.256153 3.039580
-11.463221 -4.660015 -21.110278 -32.317863 14.518626 -7.039754 -5.163059 0.545975 -2.353879 1.867293
-7.734302 -5.524373 -20.248304 -31.114306 14.711154 -5.799700 -5.024381 1.622495 0.101120 -0.096022
-4.559382 -6.015780 -19.069806 -29.893862 15.400162 -4.431939 -5.412595 2.868101 2.221575 -1.939037
-1.273356 -6.746786 -17.850597 -29.217565 16.587806 -3.521503 -4.510424 3.865149 4.212052 -3.475220
1.584909 -7.567503 -16.928923 -28.514006 17.254837 -2.539721 -2.820164 4.221141 6.593171 -4.599894
3.570074 -7.725725 -16.089392 -27.575285 17.177051 -0.988709 -0.972625 4.565919 9.860369 -5.017222
5.076474 -7.029468 -15.522477 -26.891889 16.453450 0.169915 1.563572 5.481166 14.242463 -4.870255
6.327025 -5.594320 -13.850528 -26.779132 15.283773 1.640294 4.140223 4.565570 18.147486 -3.803779
7.227946 -4.846231 -11.538839 -26.766706 13.110221 3.988973 6.393384 3.152603 22.132047 -2.311816
7.962191 -3.373761 -8.826128 -26.881671 11.440285 5.893284 7.980131 0.831822 25.058397 -0.930556
9.749300 -2.136425 -4.733380 -26.733439 10.267530 7.663690 8.065266 -1.028373 27.117835 0.608218
11.445829 -0.604653 -0.714049 -26.466504 8.585196 9.392206 6.578344 -3.414100 28.513053 2.071219
11.479337 1.866383 0.747263 -24.890691 6.500288 10.378353 4.549357 -5.333367 29.623469 3.518804
10.662949 4.338084 1.152076 -23.083276 4.165185 11.116456 1.465568 -7.274995 30.157161 4.626200
9.564362 6.003588 0.701895 -20.943091 1.975179 11.999835 -1.504966 -8.439974 30.472801 5.145335
8.888351 7.345811 0.340320 -18.797202 0.051476 12.787177 -4.529788 -9.281950 31.028538 5.125303
8.587477 7.909775 -0.094836 -17.595891 -1.192014 13.067676 -6.145525 -9.731808 30.887095 5.269371
8.592295 8.097302 -0.186676 -17.251986 -1.615059 13.091395 -6.520986 -9.866660 30.831741 5.432033
8.646530 8.127525 -0.187730 -17.208006 -1.643996 13.090598 -6.515171 -9.920278 30.858376 5.473199
8.824288 8.187031 -0.211019 -17.037868 -1.736364 13.094554 -6.565693 -10.039944 30.892773 5.533916
9.105613 8.264954 -0.240534 -16.804081 -1.853426 13.113970 -6.546648 -10.190640 31.000612 5.591441
9.521527 8.408465 -0.264773 -16.524795 -2.042599 13.083562 -6.304558 -10.430527 31.191001 5.844542
10.027414 8.621409 -0.270980 -16.224812 -2.405064 13.021593 -5.891590 -10.708009 31.453380 6.290112
10.717908 8.811948 -0.268776 -15.918338 -2.943432 12.899156 -5.521797 -11.127411 31.544562 6.895666
11.510276 8.911741 -0.119820 -15.724447 -3.593370 12.823161 -4.961528 -11.538226 31.681206 7.487489
12.402288 8.889962 -0.178146 -15.512041 -4.085835 12.512073 -3.885047 -12.025159 31.701856 8.129005
13.452336 8.782459 -0.224759 -15.154780 -4.635544 12.258363 -2.773973 -12.550880 31.826827 8.722492
14.445458 8.720478 -0.268995 -14.849782 -5.085337 12.005294 -1.641172 -13.067089 32.024939 9.259805
15.213144 8.761014 -0.400008 -14.617651 -5.380633 11.723735 -0.353380 -13.623104 32.178519 9.813632
16.312311 8.676907 -0.218724 -14.373497 -5.755452 11.659617 0.775719 -14.172413 32.549961 10.269894
17.454693 8.441284 -0.074201 -14.107088 -6.032783 11.618519 1.702140 -14.651723 32.782843 10.577126
18.541976 8.103813 0.135390 -13.972793 -6.327119 11.582634 2.530801 -14.874963 33.011052 10.866951
19.405054 7.772865 0.304272 -13.907837 -6.587240 11.558407 3.465920 -15.077264 33.266660 11.168977
20.031447 7.525091 0.479929 -13.810426 -6.876913 11.626266 4.166398 -15.302695 33.497561 11.376674
20.581830 7.280104 0.497208 -13.687935 -6.980418 11.571150 4.792096 -15.424868 33.622723 11.483305
20.980549 7.084648 0.564547 -13.676603 -7.078988 11.555567 5.192924 -15.462355 33.697032 11.556547
21.208025 6.956645 0.565446 -13.648037 -7.112600 11.522184 5.509146 -15.486330 33.732295 11.617167
21.316257 6.901560 0.559067 -13.655414 -7.085157 11.484830 5.631273 -15.472113 33.743035 11.618589
21.367171 6.850870 0.549701 -13.716929 -6.990096 11.450508 5.719414 -15.402771 33.774487 11.584845
21.515348 6.681612 0.676983 -13.956770 -6.734189 11.429313 5.842094 -15.178045 33.863703 11.469721
21.730389 6.456144 0.680747 -14.268302 -6.224709 11.211849 6.223758 -14.799551 33.956956 11.341486
21.944451 6.088877 0.534465 -14.740826 -5.365848 10.805735 6.926891 -14.167013 34.054005 11.119474
22.151909 5.605657 0.350105 -15.334537 -4.283983 10.346147 7.602276 -13.268011 34.203162 10.698119
22.344424 5.060241 0.279167 -16.165200 -3.011531 9.806238 8.327182 -12.167314 34.382484 10.150986
22.394911 4.581322 -0.016384 -16.941470 -1.623106 9.145205 8.839949 -10.833426 34.384247 9.531164
22.255298 4.078079 -0.779514 -17.493142 -0.136387 8.442497 9.592103 -9.543091 34.341699 8.787982
22.105432 3.480225 -1.810797 -17.921519 1.501963 7.670122 10.629545 -8.073263 34.333410 8.040753
