-4.663119 -1.537092 -31.348765 -13.813921 9.914962 7.754715 1.331433 -4.892547 -3.769816 11.402632
-4.125123 -0.468247 -30.451855 -14.525692 10.399840 7.402496 2.418101 -5.908367 -5.014430 12.980600
-4.034633 -0.046704 -30.197282 -14.038791 10.580690 8.458542 2.165929 -5.503842 -4.930634 13.520041
-4.855545 1.122344 -29.501460 -12.907223 9.689715 9.934000 0.825823 -5.644014 -4.019038 14.464647
-5.167820 2.211361 -29.052156 -11.819099 9.367237 10.535137 -0.655984 -5.464433 -3.496748 14.725922
-5.881338 3.981600 -28.947543 -10.811599 9.075199 10.422590 -2.033071 -5.177478 -2.973220 16.093928
-5.603729 5.046972 -29.249008 -9.591705 8.853877 9.565080 -3.694137 -4.853805 -3.379001 17.240861
-6.358977 6.211382 -29.631254 -7.889108 7.996748 9.249895 -5.917781 -4.942495 -3.070666 18.493434
-6.820162 7.263961 -29.814564 -6.257035 6.673155 9.320274 -7.937727 -5.548271 -2.373444 19.457297
-5.323686 8.198305 -29.336451 -4.609661 4.021314 8.595097 -8.002061 -7.898156 -0.373621 20.246293
-2.211326 8.305153 -29.490208 -2.811425 1.872902 6.976754 -7.213478 -10.127587 1.632780 19.965901
-1.562590 9.113545 -29.419130 -1.796251 0.418010 6.143490 -6.833568 -11.524814 4.015766 19.751747
-1.484909 10.419418 -28.841637 -1.351095 -0.908547 5.829922 -5.891414 -13.062793 5.678647 21.248870
-0.847193 11.007409 -27.547054 -1.308445 -2.492560 5.881096 -6.047341 -14.535418 6.645709 22.105865
0.534247 10.598987 -26.577392 -1.479707 -3.848209 5.382110 -6.460331 -15.561071 7.061187 21.763404
1.750125 10.162734 -26.613111 -1.238265 -5.079960 4.331792 -6.183853 -16.766936 8.033338 21.171701
2.945672 10.111701 -26.407784 -0.718183 -6.594742 4.467343 -4.991152 -18.383692 9.389519 21.025021
3.727723 10.183167 -26.315907 -0.089424 -7.586364 4.382667 -4.140268 -19.511323 10.040139 21.404108
3.903193 10.174526 -26.407521 0.164924 -7.970260 4.323576 -4.240845 -19.772992 9.938464 21.431974
3.866144 10.152062 -26.385145 0.083301 -7.981890 4.245291 -4.247629 -19.788222 9.918485 21.376906
4.002187 10.116612 -26.499161 0.211684 -7.999636 4.232447 -4.287250 -19.764446 9.819947 21.348561
4.371021 10.036806 -26.823755 0.568762 -8.064868 4.162545 -4.383949 -19.718179 9.600177 21.245270
5.001569 9.878319 -27.306353 1.087483 -8.182679 4.023082 -4.461248 -19.670108 9.282204 21.042260
5.812494 9.649059 -27.835667 1.640483 -8.345878 3.785400 -4.491914 -19.641657 8.900421 20.762326
6.747289 9.347541 -28.326139 2.126669 -8.499082 3.416288 -4.511780 -19.621454 8.483763 20.338971
7.930100 8.897416 -28.921603 2.594099 -8.540039 2.888309 -4.493823 -19.534890 7.994950 19.531693
9.381955 8.311506 -29.524229 3.108996 -8.425853 2.410502 -4.589794 -19.352311 7.421468 18.353448
10.737590 7.780620 -29.930709 3.492542 -8.356540 1.916189 -4.848628 -19.213301 6.986207 17.131840
12.054258 7.243141 -30.269590 3.753480 -8.254287 1.346975 -4.990497 -19.101644 6.601904 15.973553
13.393825 6.680511 -30.824964 4.152527 -8.006104 0.838694 -5.047894 -18.873738 6.205506 14.724283
14.548634 6.105293 -31.309333 4.289657 -7.448747 0.377411 -4.987180 -18.452402 5.830620 13.432366
15.821327 5.500721 -31.680959 4.440821 -6.920787 -0.053237 -5.156134 -17.981744 5.462572 12.034064
17.136173 4.892545 -32.072747 4.716315 -6.350732 -0.497970 -5.393619 -17.393035 4.995217 10.725287
18.289757 4.317866 -32.344229 4.925520 -5.838591 -0.818243 -5.768775 -16.855766 4.458527 9.512247
19.269472 3.802815 -32.680135 5.143814 -5.359450 -1.161202 -6.147555 -16.288615 3.841054 8.513744
20.078896 3.356261 -32.972115 5.313936 -4.889162 -1.500519 -6.524579 -15.675263 3.215911 7.681088
20.656216 3.094247 -33.150212 5.471865 -4.660991 -1.704317 -6.777036 -15.351705 2.878614 7.181940
20.959424 2.905312 -33.230571 5.482416 -4.491664 -1.871131 -6.889356 -15.127066 2.674555 6.839013
21.107505 2.763821 -33.231839 5.402526 -4.292913 -1.976869 -6.874240 -14.946803 2.572744 6.578751
21.170095 2.707574 -33.253032 5.387780 -4.211800 -2.022342 -6.871462 -14.862191 2.520287 6.491591
20.805229 2.876993 -33.086764 5.259360 -4.065674 -1.970919 -7.302349 -14.608709 2.564656 6.566288
19.506947 3.426699 -32.579104 4.780541 -3.854310 -1.694884 -8.554272 -14.126916 2.760896 6.772634
16.569092 4.522096 -31.720779 3.863443 -3.846571 -1.211166 -10.628972 -13.699487 2.837360 7.878335
13.315485 5.875175 -30.864293 3.153456 -3.860711 -0.677945 -12.421997 -13.235559 2.850085 9.986895
10.535118 6.785902 -29.557548 2.190083 -3.725487 0.877659 -13.799586 -12.986030 2.722708 11.573873
7.178291 7.814550 -27.420485 0.208918 -3.833475 2.154892 -14.818579 -13.302817 3.760852 12.670705
3.943307 9.095059 -25.470392 -1.028704 -4.024848 3.479713 -17.246295 -13.104347 3.842540 13.539670
0.882266 9.618630 -22.694273 -1.493781 -4.932843 5.483124 -20.537082 -12.972879 3.113692 15.115795
-2.273636 10.497443 -20.416500 -2.064885 -4.839796 7.450970 -24.223717 -11.513088 3.461104 15.117669
-3.459909 10.710911 -18.807613 -1.548500 -3.338385 11.402403 -28.414393 -8.556846 2.836915 13.340348
-3.524561 9.467008 -16.134260 -3.261171 -3.323885 13.484714 -29.451754 -8.952166 2.175567 12.210097
-2.339654 8.167207 -13.907243 -4.581884 -4.139766 14.451997 -29.943611 -10.283053 1.970006 11.166583
-1.722453 7.170814 -12.444587 -5.917949 -4.285010 14.896002 -30.150118 -10.846758 2.403811 9.342670
-0.068919 5.814157 -11.979811 -7.245078 -4.040300 14.245809 -28.845588 -11.847479 3.555466 6.680208
0.660917 4.815979 -11.944599 -8.441578 -3.944819 13.530832 -28.457888 -12.808505 4.631206 4.401630
1.379615 4.007800 -11.592481 -9.170630 -4.103487 12.981907 -28.901569 -12.931224 5.004103 2.427207
2.050534 3.247326 -10.919426 -9.941418 -4.582076 12.286340 -29.705870 -13.195496 4.738219 0.903937
2.390019 2.723242 -10.250805 -10.663179 -4.908153 11.928323 -29.862527 -13.539912 4.710386 0.022404
2.719746 2.397633 -10.017953 -11.011943 -5.016437 11.676243 -29.978097 -13.684070 4.557567 -0.416457
2.863491 2.279543 -9.961035 -11.127371 -5.078078 11.502456 -29.939489 -13.750481 4.474611 -0.491724
2.842055 2.263272 -9.879122 -11.192426 -5.085335 11.536637 -30.031727 -13.756026 4.451106 -0.555122
2.824339 2.178500 -9.674311 -11.376282 -5.050495 11.671135 -30.239875 -13.747962 4.375527 -0.807320
2.810989 2.032359 -9.410818 -11.681570 -5.020042 11.803990 -30.521453 -13.769342 4.246288 -1.129561
2.839381 1.839720 -9.256898 -11.985402 -4.835779 12.003542 -30.709548 -13.640199 4.031571 -1.473537
2.884204 1.622040 -9.099487 -12.285655 -4.568321 12.215268 -31.026620 -13.349666 3.698960 -1.908393
2.825530 1.326545 -8.787042 -12.804020 -4.186507 12.589624 -31.462690 -12.957458 3.242040 -2.462252
2.639117 1.032266 -8.452260 -13.357134 -3.790722 12.930727 -31.931956 -12.502013 2.719470 -2.945022
2.331395 0.798454 -8.036786 -13.872982 -3.600256 13.269317 -32.733935 -12.047706 2.039148 -3.347631
1.795208 0.755034 -7.761843 -14.361875 -3.458577 13.516048 -33.678338 -11.668357 1.370504 -3.559752
0.978884 0.819537 -7.130253 -15.022440 -2.955337 14.110934 -34.578625 -11.072519 0.697911 -3.700073
0.310067 0.921483 -6.491652 -15.657028 -2.534855 14.843347 -35.351311 -10.527801 0.155937 -3.998760
-0.489476 1.134068 -5.685624 -16.369362 -2.163181 15.502840 -35.910308 -10.025106 -0.352658 -4.161984
-1.154272 1.222450 -4.821496 -17.269661 -1.756581 16.280671 -36.428525 -9.594274 -0.913513 -4.517061
-1.824452 1.303252 -4.008675 -18.127879 -1.407118 17.023801 -36.728324 -9.230928 -1.416237 -4.901420
-2.546390 1.278573 -3.158510 -19.211868 -0.970940 17.840055 -36.983820 -8.881503 -1.937456 -5.644709
-3.454800 1.239116 -1.916093 -20.523377 -0.671310 18.854187 -37.401895 -8.623495 -2.462981 -6.704937
-4.481943 1.239677 -0.639688 -21.813449 -0.510121 19.790148 -37.764384 -8.378163 -2.897678 -7.779160
-5.322118 1.259698 0.379356 -22.816282 -0.392931 20.581402 -38.028090 -8.138677 -3.279969 -8.626197
-5.784470 1.276637 0.916916 -23.355481 -0.280522 21.040321 -38.081829 -7.966713 -3.456646 -9.081250
-5.909093 1.289615 1.087557 -23.523248 -0.229863 21.174014 -38.059227 -7.903980 -3.507476 -9.214435
-5.908055 1.291211 1.097747 -23.526456 -0.224624 21.179767 -38.055509 -7.905380 -3.508476 -9.221138
-5.913048 1.295014 1.107308 -23.529741 -0.213096 21.179441 -38.048049 -7.911170 -3.514532 -9.231877
-5.908900 1.297422 1.118302 -23.531111 -0.206317 21.182673 -38.038279 -7.919756 -3.511386 -9.238983
-5.910885 1.297668 1.124857 -23.531281 -0.202483 21.186997 -38.040834 -7.922675 -3.508510 -9.248414
-5.912040 1.297647 1.130743 -23.525974 -0.207480 21.186333 -38.046050 -7.919490 -3.506147 -9.251579
-5.916567 1.297783 1.138259 -23.528693 -0.214544 21.187557 -38.049505 -7.919414 -3.507636 -9.250742
-5.925542 1.300946 1.139777 -23.528138 -0.215611 21.184580 -38.059260 -7.914157 -3.514293 -9.247695
-5.932767 1.300963 1.145091 -23.533459 -0.223253 21.186630 -38.062781 -7.904418 -3.515391 -9.246099
-5.937469 1.297381 1.147912 -23.540194 -0.236540 21.182675 -38.066494 -7.901745 -3.512689 -9.245148
