-2.522080 -2.140493 -25.644522 -17.047423 27.284702 -10.526897 -23.200194 12.085826 -4.493586 -6.930327
-2.522080 -2.140493 -25.644522 -17.047423 27.284702 -10.526897 -23.200194 12.085826 -4.493586 -6.930327
-2.522080 -2.140493 -25.644522 -17.047423 27.284702 -10.526897 -23.200194 12.085826 -4.493586 -6.930327
-2.522080 -2.140493 -25.644522 -17.047423 27.284702 -10.526897 -23.200194 12.085826 -4.493586 -6.930327
-2.522080 -2.140493 -25.644522 -17.047423 27.284702 -10.526897 -23.200194 12.085826 -4.493586 -6.930327
-2.709501 -1.860822 -25.650638 -17.466119 27.969932 -9.806409 -22.517944 11.975410 -4.616544 -6.648662
-2.840701 -1.714052 -25.627944 -17.438786 28.034352 -9.742017 -22.466115 11.787407 -4.617649 -6.609312
-2.840327 -1.713066 -25.627837 -17.440398 28.030131 -9.757286 -22.459710 11.773751 -4.617586 -6.601147
-2.840264 -1.712639 -25.629654 -17.438279 28.029559 -9.762766 -22.458384 11.771398 -4.617045 -6.600391
-2.838778 -1.714574 -25.630318 -17.438487 28.027857 -9.764211 -22.458619 11.773809 -4.616267 -6.600425
-2.837746 -1.715080 -25.629908 -17.438665 28.027543 -9.764026 -22.458389 11.775688 -4.615194 -6.600860
-2.837743 -1.715319 -25.629838 -17.438715 28.028097 -9.764344 -22.458668 11.777456 -4.615241 -6.600075
-2.837530 -1.716845 -25.629836 -17.441093 28.027248 -9.766071 -22.457834 11.776921 -4.615598 -6.600854
-2.837990 -1.717225 -25.630420 -17.440872 28.026307 -9.765981 -22.458254 11.776777 -4.614513 -6.602358
-2.835479 -1.718542 -25.630705 -17.440192 28.026089 -9.766973 -22.458528 11.780304 -4.614642 -6.601477
-2.832687 -1.720529 -25.629781 -17.441012 28.025764 -9.767084 -22.458978 11.783335 -4.614840 -6.601444
-2.833034 -1.720288 -25.629691 -17.440167 28.024655 -9.766419 -22.458877 11.782509 -4.614084 -6.600950
-2.832746 -1.720335 -25.628765 -17.440754 28.024672 -9.764601 -22.458459 11.783464 -4.612476 -6.601555
-2.831928 -1.719621 -25.628383 -17.439684 28.024358 -9.764541 -22.458377 11.783108 -4.611691 -6.600326
-2.830745 -1.720627 -25.627858 -17.440951 28.024882 -9.764423 -22.458499 11.784845 -4.612245 -6.600615
-2.829860 -1.720902 -25.628098 -17.440848 28.024707 -9.764473 -22.457999 11.788088 -4.610477 -6.600301
-2.827390 -1.723140 -25.627841 -17.441958 28.024543 -9.766828 -22.458071 11.790294 -4.610451 -6.600633
-2.826678 -1.722510 -25.628412 -17.440065 28.026162 -9.765431 -22.458112 11.791241 -4.612098 -6.600443
-2.827407 -1.722396 -25.628780 -17.439519 28.025055 -9.765392 -22.458059 11.790951 -4.611333 -6.600557
-2.825472 -1.723085 -25.627950 -17.439580 28.023885 -9.764352 -22.458073 11.792085 -4.610204 -6.600940
-2.823638 -1.724497 -25.627890 -17.438833 28.022726 -9.764615 -22.458525 11.794641 -4.609598 -6.600871
-2.821008 -1.728455 -25.629063 -17.439447 28.020516 -9.763724 -22.458866 11.800963 -4.609264 -6.601573
-2.820313 -1.729040 -25.628916 -17.439665 28.020332 -9.762781 -22.459290 11.801793 -4.609430 -6.601573
-2.819026 -1.730268 -25.628693 -17.440131 28.020876 -9.763728 -22.459299 11.804676 -4.608949 -6.601843
-2.817698 -1.732602 -25.629489 -17.440061 28.020503 -9.763862 -22.460779 11.808440 -4.608249 -6.603510
-2.817093 -1.734459 -25.630535 -17.440384 28.019103 -9.764192 -22.461135 11.811366 -4.607756 -6.604213
-2.859234 -1.787620 -25.667314 -17.513505 27.993547 -9.783985 -22.374932 11.751158 -4.652604 -6.607027
-2.966479 -1.942364 -25.613594 -17.800661 27.898124 -9.801953 -22.216469 11.602040 -4.781230 -6.619575
-3.173217 -2.207581 -25.633660 -18.263644 27.650891 -9.845798 -21.793267 11.293855 -4.925064 -6.595478
-3.482401 -2.611142 -25.783965 -18.884900 27.085127 -9.827419 -20.972271 10.826330 -4.994466 -6.499866
-3.875813 -2.978494 -25.958576 -19.632557 26.310096 -9.825120 -19.716462 9.990980 -4.979807 -6.225908
-4.460365 -3.510327 -26.367756 -20.611913 25.258255 -9.906089 -18.164225 9.272048 -4.850010 -5.811204
-5.036994 -4.070439 -26.636862 -21.613814 24.061634 -9.789530 -16.461378 8.510197 -4.696872 -5.151355
-5.891654 -4.374308 -26.710776 -22.509385 22.966209 -9.640538 -14.998173 7.739847 -4.427115 -4.513241
-6.715647 -4.690721 -26.869823 -23.521142 21.752401 -9.584792 -13.470893 6.925443 -4.226537 -3.835292
-7.772230 -4.748708 -26.805415 -24.538057 20.458410 -9.432789 -12.227705 6.044863 -4.054938 -3.002299
-8.675401 -4.843896 -26.388469 -25.689868 19.224195 -9.091210 -11.085503 4.979594 -4.048495 -2.266743
-9.140289 -4.908976 -25.915042 -26.658146 18.100775 -8.944494 -10.033919 4.036354 -4.115635 -1.428035
-10.073664 -4.759145 -25.193974 -27.732544 17.086309 -8.685673 -8.929697 3.225193 -3.984811 -0.129230
-10.942701 -4.545682 -24.387190 -28.657253 16.376114 -8.183239 -8.113581 2.418655 -4.099546 1.072172
-11.850657 -4.458757 -23.926804 -29.487586 15.655928 -7.823867 -7.448732 1.860656 -4.132085 2.036011
-12.548664 -4.458036 -23.246372 -30.371740 15.094631 -7.368021 -6.894092 1.441442 -4.010147 2.795111
-13.010211 -4.403738 -22.775224 -30.897089 14.657347 -7.002389 -6.334560 1.016342 -3.942386 3.515528
-13.439427 -4.331613 -22.362526 -31.325895 14.448294 -6.676163 -6.050892 0.782076 -3.888879 4.040727
-13.601359 -4.301864 -22.100942 -31.555834 14.364119 -6.492362 -5.870471 0.642822 -3.886920 4.347339
-13.658357 -4.298003 -21.996192 -31.644104 14.343652 -6.408868 -5.791494 0.568712 -3.885637 4.444120
-13.438161 -4.403579 -21.967380 -31.594154 14.300910 -6.394376 -5.723485 0.530978 -3.564309 4.230443
-12.519826 -4.841061 -21.698910 -31.482307 14.311929 -6.055878 -5.675407 0.510567 -2.638999 3.461689
-10.453900 -5.598205 -21.061255 -31.210091 14.297838 -5.660726 -5.595499 0.955446 -0.836402 2.241378
-6.751644 -6.565178 -20.160728 -30.040910 14.409389 -4.535241 -5.541820 1.975779 1.297118 0.393194
-3.265353 -7.105778 -18.713143 -28.992194 15.356241 -3.198168 -5.841889 3.068157 3.236644 -1.433988
0.059299 -7.758899 -17.417222 -28.439067 16.727604 -2.325688 -4.925082 3.960644 5.116501 -2.796429
2.850055 -8.182087 -16.195056 -28.176045 17.269344 -1.672129 -3.078891 3.732809 7.199356 -3.194939
4.862339 -8.301567 -15.214621 -27.663755 17.444830 -0.483190 -1.289963 3.593154 9.923962 -3.574995
6.670613 -7.958502 -14.549101 -27.238398 17.092698 0.204949 1.202312 3.896448 13.523525 -3.917355
7.943628 -7.009527 -12.916190 -27.195137 16.120333 1.609308 4.013874 3.120564 17.317241 -2.972920
9.524778 -5.878382 -10.333956 -27.160239 14.293127 3.097590 6.094863 1.302867 20.817072 -1.750286
10.550974 -4.601687 -7.548809 -27.162302 12.839054 4.960795 7.227610 -0.762056 23.533805 -0.390709
12.359824 -3.658500 -4.001548 -26.345686 11.224121 7.255227 6.416202 -2.382204 25.848348 0.363519
14.007036 -2.357258 -0.348903 -25.286286 8.554260 9.789231 4.701092 -4.248877 27.454955 1.869158
13.765753 0.146324 0.869650 -23.445886 6.065307 11.000184 2.621979 -6.077705 28.645761 3.464724
12.609007 2.693046 1.201120 -21.751427 3.608384 11.760967 -0.241607 -8.233848 29.239498 4.622662
11.413777 4.352420 0.944664 -19.935301 1.027105 12.635097 -3.349960 -9.485162 29.320233 5.348954
10.999665 5.423495 0.738356 -17.862062 -1.056046 13.497000 -6.633809 -10.363747 29.593964 5.291372
10.896849 5.952020 0.308473 -16.651039 -2.290816 13.702259 -8.269397 -10.710681 29.456456 5.465554
11.000186 6.086578 0.241370 -16.309567 -2.664964 13.714487 -8.696364 -10.750092 29.374534 5.620666
11.035686 6.127506 0.231571 -16.263954 -2.710123 13.719771 -8.681284 -10.819381 29.411700 5.658927
11.173669 6.214750 0.199949 -16.105002 -2.846476 13.727623 -8.702271 -10.983454 29.454450 5.737247
11.406958 6.335497 0.161394 -15.899062 -2.995999 13.730538 -8.638098 -11.186232 29.558719 5.823085
11.738923 6.517116 0.092010 -15.645285 -3.223110 13.686274 -8.332256 -11.470181 29.740568 6.093670
12.206029 6.715211 -0.045293 -15.261737 -3.642100 13.684202 -7.876130 -11.779656 30.087723 6.391540
12.732335 6.926113 -0.137704 -14.878963 -4.220269 13.647863 -7.492613 -12.234569 30.276297 6.907917
13.306305 7.062434 -0.136246 -14.599464 -4.875733 13.577201 -6.865305 -12.731496 30.483983 7.423126
14.033247 7.037193 -0.236106 -14.378313 -5.448645 13.308688 -5.766272 -13.208033 30.568936 8.114768
14.949282 6.928582 -0.351216 -13.975634 -6.068330 13.109037 -4.607064 -13.730761 30.792075 8.723911
15.829694 6.888341 -0.450556 -13.623154 -6.535391 12.847765 -3.369287 -14.281616 31.071689 9.273997
16.575699 6.899172 -0.612154 -13.428915 -6.807675 12.507569 -1.945038 -14.857891 31.288296 9.831069
17.597648 6.818095 -0.518886 -13.141534 -7.216204 12.395091 -0.685725 -15.414747 31.664758 10.315970
18.611851 6.663908 -0.483293 -12.801300 -7.559791 12.317873 0.415072 -15.934784 31.983424 10.616823
19.657605 6.415992 -0.323965 -12.606103 -7.908290 12.262582 1.401327 -16.260391 32.252255 10.865094
20.588991 6.118541 -0.160921 -12.492412 -8.230896 12.230888 2.397306 -16.447787 32.537063 11.163280
21.277428 5.921143 0.041664 -12.433947 -8.573400 12.236525 3.109268 -16.621789 32.727409 11.470357
21.888944 5.694505 0.045268 -12.309475 -8.700358 12.150310 3.761180 -16.677822 32.864873 11.641309
22.272380 5.503214 0.069365 -12.284550 -8.799534 12.103167 4.177211 -16.653931 32.932644 11.757626
22.499711 5.380090 0.045244 -12.248450 -8.828552 12.039343 4.511901 -16.649891 32.962221 11.844724
22.605265 5.323241 0.028503 -12.253391 -8.795434 11.989796 4.640619 -16.618449 32.970190 11.857604
22.662918 5.274130 0.035871 -12.325224 -8.705674 11.953946 4.725783 -16.549947 32.986792 11.844115
22.804497 5.121801 0.179770 -12.561564 -8.439996 11.933524 4.840137 -16.315244 33.045387 11.764588
23.035581 4.904527 0.237893 -12.874243 -7.923485 11.741747 5.184562 -15.939695 33.112812 11.654911
23.366743 4.531018 0.189974 -13.334857 -7.049319 11.388992 5.753563 -15.289329 33.163603 11.408116
23.740083 4.028484 0.145358 -13.964084 -5.948555 10.970686 6.298276 -14.331307 33.207507 11.002741
24.092177 3.385589 0.119797 -14.780339 -4.573268 10.442357 6.981345 -13.154141 33.309438 10.469396
24.383455 2.722076 -0.055570 -15.588072 -2.980400 9.793151 7.468513 -11.726398 33.236533 9.858890
24.509907 2.069465 -0.651898 -16.252976 -1.251745 8.995368 8.048829 -10.309744 33.038621 9.147080
24.728890 1.418679 -1.415140 -16.830971 0.545269 8.140899 8.951202 -8.765299 32.995047 8.469560
