-4.718751 -1.543886 -31.329083 -13.835232 9.865159 7.756296 1.289839 -4.929296 -3.805805 11.413088
-4.143216 -0.484461 -30.447365 -14.542242 10.379652 7.401914 2.409282 -5.920494 -5.014104 12.961387
-4.046417 -0.052081 -30.195928 -14.045981 10.570504 8.459134 2.162606 -5.508281 -4.927828 13.514378
-4.872480 1.115496 -29.498120 -12.915535 9.677713 9.932032 0.818098 -5.648536 -4.021027 14.463610
-5.187404 2.202201 -29.048600 -11.827312 9.355625 10.538258 -0.665627 -5.467829 -3.499269 14.721182
-5.905415 3.964771 -28.943225 -10.823882 9.057102 10.422212 -2.036825 -5.189244 -2.974821 16.083648
-5.657523 5.021865 -29.240462 -9.605111 8.816340 9.563501 -3.687112 -4.869349 -3.367409 17.228476
-6.410070 6.173089 -29.609887 -7.875759 7.946596 9.206763 -5.953563 -4.964462 -3.076356 18.515512
-6.859717 7.177041 -29.850725 -6.243014 6.601715 9.281614 -7.965360 -5.596657 -2.371919 19.430368
-5.404237 8.142923 -29.275048 -4.499807 3.920617 8.292570 -8.059935 -8.045377 -0.336867 20.584515
-2.458335 8.117382 -29.702046 -2.436487 1.557789 6.486589 -7.477610 -10.326448 2.072401 20.212352
-1.773427 8.920117 -29.877947 -1.138674 0.140061 5.904439 -7.283780 -11.407360 4.351294 20.091700
-1.674518 10.088971 -29.256670 -0.741604 -1.381489 5.625928 -6.322044 -13.078437 5.927730 21.678756
-1.040472 10.575795 -27.712486 -0.914785 -3.074836 5.448964 -6.338612 -14.768927 6.701355 22.951383
0.331384 10.053459 -26.863154 -0.836675 -4.605789 4.854924 -6.775143 -15.897973 7.360280 22.748840
1.345640 9.518626 -27.043912 -0.256886 -5.981017 3.835726 -6.871006 -16.968547 8.490080 22.257096
2.462913 9.451664 -26.698151 0.300951 -7.545106 4.066570 -5.892561 -18.605114 9.728537 22.263813
3.149234 9.543615 -26.612475 0.969026 -8.504567 3.970052 -5.170782 -19.674526 10.255334 22.785703
3.289839 9.541858 -26.677180 1.215592 -8.896093 3.865902 -5.281001 -19.946845 10.185767 22.856669
3.230138 9.530103 -26.677703 1.162289 -8.916603 3.770525 -5.287467 -19.954487 10.207297 22.810178
3.374177 9.495758 -26.786126 1.290157 -8.930007 3.755801 -5.320812 -19.932917 10.106252 22.786550
3.759916 9.412520 -27.095952 1.636677 -8.980225 3.684681 -5.404297 -19.891229 9.857184 22.694987
4.409233 9.258413 -27.567048 2.155765 -9.070294 3.546354 -5.464252 -19.840591 9.500016 22.523442
5.231995 9.041496 -28.112583 2.738926 -9.205368 3.323943 -5.465966 -19.790558 9.115904 22.258567
6.161130 8.746966 -28.643335 3.281857 -9.359068 2.985774 -5.490487 -19.738037 8.730682 21.801728
7.318186 8.313570 -29.221217 3.770005 -9.397631 2.523013 -5.525223 -19.613867 8.242052 20.999829
8.704834 7.767257 -29.814040 4.303444 -9.298921 2.093620 -5.673494 -19.421954 7.685369 19.875720
9.992629 7.270435 -30.264779 4.753564 -9.242843 1.584168 -5.999612 -19.247342 7.241074 18.738426
11.251214 6.746808 -30.685128 5.106478 -9.141144 0.989466 -6.194797 -19.091669 6.876731 17.603685
12.559183 6.150453 -31.305133 5.544125 -8.953714 0.412679 -6.343316 -18.872032 6.504884 16.281578
13.711069 5.523782 -31.822457 5.706966 -8.467002 -0.121939 -6.361541 -18.486532 6.173341 14.920539
14.982866 4.910320 -32.251229 5.927135 -7.965609 -0.559333 -6.577997 -18.021994 5.853997 13.486463
16.297354 4.299078 -32.661286 6.210603 -7.404018 -1.009168 -6.784068 -17.460842 5.465353 12.132678
17.433427 3.724270 -32.939745 6.405928 -6.920683 -1.362513 -7.137607 -16.965278 5.000483 10.894576
18.410487 3.210194 -33.274652 6.616525 -6.455538 -1.717895 -7.496491 -16.422501 4.419577 9.898562
19.242323 2.736868 -33.577552 6.777722 -5.980121 -2.050208 -7.846442 -15.816559 3.804432 9.037149
19.831661 2.461746 -33.756743 6.927937 -5.749688 -2.243778 -8.094371 -15.497125 3.471025 8.521857
20.141079 2.266495 -33.848923 6.937372 -5.577607 -2.395425 -8.208761 -15.266821 3.265436 8.167515
20.295798 2.114305 -33.862739 6.855190 -5.376136 -2.490784 -8.193212 -15.080205 3.161526 7.891972
20.360205 2.057547 -33.888324 6.839481 -5.293080 -2.536345 -8.184271 -14.993155 3.110273 7.801322
19.978075 2.236058 -33.719431 6.713633 -5.157022 -2.515907 -8.621237 -14.740112 3.140092 7.906430
18.652777 2.821943 -33.197718 6.251457 -4.994000 -2.320294 -9.919501 -14.265382 3.335585 8.171554
15.723876 3.986243 -32.310864 5.336414 -5.000317 -1.920073 -12.061229 -13.794940 3.262930 9.405646
12.567886 5.377739 -31.375165 4.482091 -4.845482 -1.190020 -13.726084 -13.227335 3.157265 11.471365
9.857564 6.295162 -30.010190 3.266791 -4.605384 0.355169 -14.742060 -13.024196 3.020045 12.958840
6.485127 7.281865 -27.913940 1.320409 -4.800507 1.577031 -15.872227 -13.388051 4.083931 13.947828
3.239454 8.460411 -26.110303 0.132751 -5.023009 2.914861 -18.145476 -13.248571 4.535778 14.511656
1.020239 9.565197 -22.811061 -1.003798 -5.598692 5.791880 -20.809847 -12.943093 2.838007 15.788775
-2.184004 10.915522 -21.000262 -1.288234 -4.992689 7.863467 -24.564112 -10.780918 3.981964 14.692094
-3.834975 11.329074 -19.146208 -1.535493 -4.107953 11.765325 -28.784777 -8.456381 3.415944 12.430708
-3.741926 9.921427 -16.030648 -3.792300 -4.271974 13.370885 -29.721069 -9.349857 2.317592 11.535586
-2.737675 8.654667 -13.734952 -5.295797 -5.175549 14.330333 -30.323762 -10.798204 2.084662 10.520471
-2.181754 7.616842 -12.146295 -6.748906 -5.260424 14.837899 -30.479435 -11.311526 2.568597 8.680381
-1.031942 6.567396 -11.774862 -7.920115 -4.940656 14.267598 -29.451090 -11.960816 3.684752 6.339093
-0.145550 5.492129 -11.785547 -8.876142 -4.716770 13.533446 -28.781906 -12.776116 4.817346 4.091946
0.682750 4.591498 -11.442274 -9.437045 -4.773143 12.893169 -29.184395 -12.860712 5.170217 2.146491
1.472764 3.805275 -10.761320 -10.085748 -5.132893 12.150304 -30.012216 -13.026437 4.857701 0.761457
1.830437 3.245994 -10.086280 -10.764342 -5.344952 11.817177 -30.229973 -13.344456 4.789965 -0.061972
2.216014 2.862695 -9.872624 -11.109992 -5.428408 11.573932 -30.330901 -13.525795 4.655121 -0.513456
2.378714 2.723166 -9.832111 -11.228102 -5.476522 11.399624 -30.281678 -13.601606 4.567255 -0.571048
2.361753 2.707383 -9.755379 -11.291446 -5.478590 11.432419 -30.373815 -13.606165 4.541837 -0.618175
2.366506 2.610347 -9.561816 -11.473313 -5.424435 11.573207 -30.571928 -13.600248 4.472886 -0.847243
2.391262 2.427340 -9.318330 -11.777343 -5.354558 11.708135 -30.812133 -13.635636 4.354012 -1.139214
2.470764 2.199775 -9.165024 -12.091542 -5.143909 11.922330 -30.932751 -13.527723 4.147741 -1.449562
2.538043 1.989682 -8.969015 -12.405592 -4.849462 12.147985 -31.224650 -13.233355 3.798016 -1.848636
2.533746 1.682576 -8.613695 -12.902534 -4.413471 12.543786 -31.589365 -12.846749 3.342842 -2.380649
2.404274 1.353567 -8.314797 -13.395764 -3.984053 12.840625 -32.040979 -12.396876 2.808201 -2.785971
2.118960 1.128127 -7.926603 -13.875569 -3.760869 13.131310 -32.961326 -11.915640 2.033990 -3.052632
1.711422 1.038224 -7.625768 -14.335557 -3.598460 13.360272 -33.917183 -11.572221 1.337052 -3.256273
0.916603 1.097076 -7.011899 -15.015043 -3.100043 13.942980 -34.840125 -11.003268 0.659013 -3.451181
0.216551 1.256959 -6.255473 -15.733395 -2.665545 14.686822 -35.751408 -10.434695 0.056038 -3.783678
-0.654200 1.523262 -5.388893 -16.529052 -2.253925 15.373185 -36.399456 -9.904763 -0.476986 -3.961604
-1.330521 1.637462 -4.487369 -17.435614 -1.834830 16.141519 -37.012271 -9.457778 -1.018369 -4.299791
-2.051024 1.826290 -3.602465 -18.286415 -1.429418 16.946620 -37.362072 -9.026795 -1.520449 -4.595043
-2.838991 1.900362 -2.645020 -19.419513 -0.965456 17.835951 -37.702953 -8.651610 -2.087184 -5.260950
-3.868121 1.930059 -1.315205 -20.811235 -0.641760 18.931527 -38.171556 -8.319640 -2.630708 -6.296690
-4.931527 1.937488 0.012592 -22.182723 -0.461428 19.920416 -38.519201 -8.051397 -3.069142 -7.393995
-5.770969 1.961364 1.002083 -23.232269 -0.331619 20.754984 -38.733297 -7.798330 -3.433897 -8.269279
-6.274645 2.002514 1.524997 -23.781533 -0.254607 21.222254 -38.760334 -7.622251 -3.597223 -8.758367
-6.412646 2.021496 1.678496 -23.944180 -0.218431 21.359913 -38.735795 -7.563575 -3.646110 -8.904076
-6.412341 2.023417 1.688788 -23.945697 -0.212442 21.362831 -38.739296 -7.565463 -3.651133 -8.906463
-6.420630 2.029314 1.699739 -23.950247 -0.203122 21.362575 -38.738019 -7.572453 -3.659775 -8.917473
-6.418670 2.030597 1.712739 -23.953846 -0.198733 21.366941 -38.732799 -7.584031 -3.660212 -8.926746
-6.418258 2.030750 1.718631 -23.951453 -0.196034 21.369267 -38.734506 -7.590035 -3.659474 -8.932858
-6.416168 2.030180 1.726208 -23.946048 -0.203409 21.368335 -38.741181 -7.590664 -3.658197 -8.935142
-6.415896 2.029729 1.735482 -23.947591 -0.211403 21.368591 -38.745275 -7.595052 -3.661613 -8.932089
-6.422785 2.033383 1.738189 -23.947935 -0.215096 21.365917 -38.752841 -7.593023 -3.669018 -8.929871
-6.424867 2.032964 1.742283 -23.950734 -0.225787 21.367813 -38.755338 -7.587546 -3.670694 -8.927264
-6.423850 2.028810 1.745975 -23.954090 -0.242207 21.362790 -38.758661 -7.589900 -3.671690 -8.922741
