20.812990 3.412545 -4.698866 -17.785270 4.586566 4.484353 11.988586 -9.284934 30.636594 6.581854
20.460053 2.789562 -6.139389 -18.127148 5.624284 3.564128 12.984867 -7.549919 30.725362 6.029826
19.625360 2.288410 -8.002496 -18.291533 6.796731 2.676064 13.657191 -5.894750 30.589786 5.233429
18.762461 1.971042 -9.634571 -18.244515 7.812226 2.002150 13.791321 -4.568356 30.368971 4.511098
17.815763 1.700900 -11.654042 -17.937198 9.091620 1.046865 13.697955 -3.273167 30.007440 3.805434
15.801967 2.380697 -13.984426 -18.571037 10.305310 -0.773443 14.921494 -2.756585 28.230008 5.113327
14.732794 2.441754 -16.135750 -18.103031 11.480612 -1.797649 15.067022 -1.816839 27.480108 4.947862
13.839120 2.154825 -17.865837 -18.074693 13.259271 -3.082464 15.072613 -0.750724 26.244759 4.358555
12.981561 1.949901 -19.086506 -18.418251 14.814249 -4.184014 15.018094 -0.008603 25.105082 3.517244
12.775247 1.655294 -20.000053 -18.448072 16.573731 -5.286827 14.846018 0.607849 23.631397 2.464587
12.284949 1.392414 -21.001330 -18.567781 17.826765 -6.351063 15.048274 0.866024 21.979050 1.952421
12.320480 0.820753 -21.635599 -18.915286 19.400645 -7.529920 15.148574 0.884539 19.878842 1.251450
12.160277 0.259128 -22.516291 -19.299881 20.643304 -8.586630 15.409794 0.614043 17.686583 0.960114
12.214460 -0.136834 -23.561380 -19.384258 21.993027 -9.646949 15.741999 0.352574 15.389404 0.672606
12.238297 -0.504461 -24.823532 -19.281121 23.141307 -10.683528 15.942324 0.312518 13.392296 0.299314
12.156496 -0.906702 -26.043646 -19.264057 24.050527 -11.647319 16.174700 0.370519 11.537542 0.015830
11.475458 -0.919615 -27.004416 -19.338797 24.703168 -12.505663 16.076572 0.193168 9.782620 0.085236
10.300197 -0.810812 -27.966184 -19.412543 24.913753 -13.049780 16.013114 0.335624 8.692560 0.494825
8.857099 -0.669161 -28.814012 -19.652127 25.147706 -13.499518 15.847529 0.608307 7.670434 0.989348
7.624949 -0.699843 -29.552452 -19.949322 25.158447 -13.913007 15.521600 1.060412 6.789901 1.431293
6.542242 -0.675477 -30.210402 -20.152392 25.138446 -14.229109 15.123537 1.438993 5.970357 1.762484
5.611514 -0.776443 -30.995173 -20.327179 25.115693 -14.574970 14.916239 1.748354 5.119773 1.957978
4.648412 -0.771666 -31.849934 -20.329778 24.974232 -14.975980 14.743627 1.951134 4.187521 2.394894
3.893243 -0.729668 -32.732481 -20.167578 24.828490 -15.298627 14.664175 2.097050 3.342578 2.877678
3.364494 -0.695449 -33.371317 -19.953864 24.614696 -15.460239 14.432717 2.190757 2.747628 3.192505
2.948499 -0.754319 -33.931501 -19.741615 24.424205 -15.596986 14.029161 2.387818 2.248266 3.275562
2.639662 -0.851398 -34.340883 -19.579028 24.277580 -15.616704 13.540086 2.630997 1.806492 3.245308
2.401250 -0.935916 -34.625205 -19.442992 24.135212 -15.575579 13.165008 2.771489 1.397178 3.287960
2.227304 -0.956309 -34.785301 -19.334386 23.991472 -15.512050 12.951726 2.783241 1.145775 3.367498
2.138726 -0.948277 -34.854240 -19.273910 23.893339 -15.467397 12.848505 2.772366 1.044372 3.414932
2.085205 -0.944149 -34.890762 -19.260296 23.857105 -15.455486 12.815958 2.763544 1.009227 3.438564
2.053809 -0.966744 -34.889575 -19.278072 23.803104 -15.404985 12.875370 2.686542 1.000854 3.463538
1.887846 -1.030674 -34.890184 -19.401070 23.642279 -15.279958 13.081108 2.489020 0.966375 3.603453
1.580852 -1.118640 -34.849024 -19.570309 23.310112 -14.998828 13.376775 2.083556 0.946962 3.812771
1.125772 -1.202027 -34.816439 -19.837682 22.923263 -14.725036 13.809484 1.526249 0.885805 4.137117
0.576981 -1.328435 -34.789916 -20.158920 22.409965 -14.407525 14.266730 0.880218 0.779950 4.529398
-0.170005 -1.454949 -34.806358 -20.578569 21.739569 -14.114828 14.651890 0.120018 0.622895 4.960545
-1.085170 -1.532021 -34.671868 -21.096256 20.944816 -13.715665 14.989751 -0.865488 0.406486 5.448001
-1.862904 -1.621627 -34.432372 -21.630033 19.965443 -13.355131 15.382704 -1.992025 0.250949 6.083982
-2.829001 -1.682710 -34.068522 -22.329851 18.894974 -13.043845 15.790549 -3.222836 0.047340 6.934471
-3.787211 -1.548209 -33.588105 -22.916501 17.829288 -12.694705 16.241803 -4.509158 0.072158 7.898876
-4.484765 -1.450351 -33.195393 -23.297364 16.866687 -12.387237 16.441672 -5.578965 0.118561 8.614481
-5.110985 -1.370867 -32.674957 -23.687760 15.864377 -11.925967 16.866200 -6.685173 0.235951 9.425141
-5.655248 -1.246162 -32.104342 -24.019545 14.969582 -11.481512 17.345033 -7.681931 0.464427 10.288643
-5.699237 -1.215787 -31.817965 -24.056421 14.326262 -11.236036 17.702067 -8.376717 0.397270 10.894388
-5.875070 -1.145422 -31.572561 -24.121882 13.771293 -10.949210 17.945250 -9.094263 0.304790 11.389894
-5.869351 -1.120642 -31.311540 -24.141760 13.400057 -10.704875 18.136582 -9.637698 0.318801 11.670119
-5.589631 -1.172236 -31.128486 -24.054709 13.122155 -10.495664 18.279350 -9.997482 0.373883 11.768410
-5.351361 -1.192606 -30.931223 -24.029273 12.952095 -10.370614 18.400017 -10.229878 0.466755 11.877959
-5.165437 -1.201417 -30.781735 -23.975469 12.870771 -10.242708 18.431351 -10.376068 0.553522 11.885031
-5.108197 -1.207717 -30.725704 -23.967186 12.834290 -10.194792 18.439650 -10.437509 0.583981 11.878619
-5.058462 -1.287888 -30.436585 -24.117495 12.855655 -10.007250 18.313258 -10.516092 0.759151 11.602546
-4.615500 -1.567834 -29.778137 -24.445140 13.240964 -9.553638 18.098822 -10.486211 1.297564 10.568202
-3.201063 -2.001854 -28.404378 -24.535517 13.830566 -8.653582 17.084133 -9.968283 2.515250 8.608400
-0.671248 -2.720149 -27.118529 -24.300900 14.687387 -7.846022 16.210336 -9.018102 3.685968 6.224098
2.210300 -3.698973 -25.720619 -23.942933 15.376721 -6.614789 14.898775 -7.457938 5.570984 3.424229
3.757092 -4.592821 -23.703972 -24.257275 16.781994 -4.940219 12.622623 -4.399477 7.911519 0.239819
5.496452 -5.977110 -20.845741 -23.703783 17.373068 -1.541103 8.404070 0.213047 13.113095 -4.286508
5.481470 -5.468238 -16.657316 -23.945042 17.379517 1.519009 3.719026 3.969918 17.444899 -5.740929
5.619733 -5.340866 -12.586272 -25.192460 16.741880 3.384169 -1.272835 6.989492 19.335162 -6.313473
7.947995 -4.984232 -11.101066 -22.987481 12.497040 4.569951 -8.030376 10.669721 20.996947 -5.437414
10.766282 -5.150504 -11.444056 -20.643734 8.421788 5.279115 -9.412268 11.332780 22.664885 -3.661209
15.077421 -5.658786 -10.450733 -19.052009 5.289888 5.340230 -11.337627 11.418336 21.232564 -1.573846
19.207342 -6.818677 -11.099059 -16.006741 3.062444 6.504985 -13.566194 11.355948 18.330459 0.375241
22.764806 -8.171108 -12.265063 -13.328852 0.176084 7.403048 -14.718094 10.330503 15.188917 1.457426
27.280568 -10.388634 -12.314717 -12.274069 -1.143051 8.068672 -14.398571 10.246695 12.172267 3.757952
29.964806 -11.182609 -14.593326 -10.993506 -1.190337 7.073211 -11.178927 10.835451 10.103775 5.835869
32.728660 -11.848188 -17.581347 -9.382906 -0.878710 5.546140 -6.820421 11.434035 8.700418 7.593026
33.559055 -12.518172 -18.828968 -9.558708 -0.680429 4.356565 -3.462536 11.976041 7.502360 9.201969
33.939416 -12.980145 -19.039864 -10.038899 -0.433655 3.688124 -1.959975 11.769429 6.757026 9.680250
33.785934 -13.051852 -18.983222 -10.295470 -0.503854 3.556157 -1.617760 11.580563 6.362653 9.913025
33.887017 -13.067507 -18.954366 -10.287882 -0.584073 3.554811 -1.616705 11.601378 6.383619 10.008265
34.042200 -13.102569 -18.878523 -10.363072 -0.734414 3.548372 -1.622215 11.696455 6.377684 10.259291
34.119890 -13.070652 -18.554747 -10.531456 -1.177077 3.774354 -1.816209 11.646850 6.396411 10.759774
34.063710 -13.065521 -17.962201 -10.841805 -1.773491 4.010245 -2.337570 11.603558 6.238144 11.224500
33.656701 -12.858767 -17.365311 -11.107281 -2.457949 4.425758 -3.051237 11.480224 6.177479 11.802536
33.237487 -12.967046 -16.156926 -11.862658 -3.431606 5.056222 -4.116603 11.176188 6.173663 12.152983
32.374061 -13.157219 -14.911265 -12.997408 -4.684776 5.638694 -5.115917 10.991972 5.929693 12.838722
31.526825 -13.468275 -13.255859 -14.197209 -5.830845 6.586048 -6.343553 10.910597 6.077864 12.983178
30.630456 -13.883286 -11.997577 -15.173994 -7.023198 7.373734 -7.544124 10.568050 5.719127 13.127778
29.671083 -14.127471 -10.836026 -16.114615 -8.169824 8.029196 -8.552323 10.083187 5.534653 13.339294
28.901287 -14.594837 -9.683478 -17.177501 -9.246716 8.550661 -9.084372 9.694349 5.366837 13.887488
28.128118 -15.040778 -8.731272 -18.221967 -10.033260 8.723250 -9.368040 9.325761 4.979485 14.321383
27.622489 -15.515224 -7.849485 -19.034275 -10.633683 8.867519 -9.764060 9.222397 4.502321 14.837193
27.014492 -15.815635 -7.156404 -19.606925 -11.131976 9.021088 -10.011783 8.877379 3.980315 15.446256
26.448000 -16.096523 -6.473283 -20.127458 -11.706557 9.182965 -10.238185 8.420788 3.400025 15.989012
26.166116 -16.369589 -5.843681 -20.520557 -12.027563 9.327283 -10.524905 8.275841 2.983665 16.317548
25.751319 -16.506745 -5.480635 -20.819031 -12.201203 9.378610 -10.479946 8.035496 2.783301 16.581818
25.320627 -16.508242 -5.331339 -21.028844 -12.281878 9.295552 -10.346137 7.720512 2.581120 16.778593
24.992197 -16.410199 -5.309526 -21.108271 -12.319917 9.221088 -10.250726 7.461783 2.519240 16.820459
24.881112 -16.340801 -5.338729 -21.093444 -12.316044 9.197922 -10.234421 7.379319 2.496139 16.818410
