-3.653841 9.562378 -21.413234 -3.480249 -8.261286 5.782486 -8.124272 -18.742168 16.347376 20.065541
-4.535344 9.536363 -20.327708 -4.650958 -7.924324 5.975538 -8.472649 -18.676542 16.802717 19.670174
-5.368816 9.376458 -19.008133 -6.028413 -7.562700 6.284437 -9.123566 -18.598032 17.120300 19.043011
-6.017286 9.095395 -17.668694 -7.472955 -7.162236 6.494364 -9.770498 -18.491622 17.329409 18.306291
-6.489235 8.616887 -16.419984 -8.897082 -6.565345 6.638864 -10.799710 -18.079271 17.120908 17.168520
-6.718948 9.185217 -14.227381 -11.924608 -5.246888 5.961630 -10.134140 -19.045540 15.267377 17.709363
-6.762246 8.723924 -12.862063 -13.438400 -4.422240 6.341576 -10.833585 -18.616021 14.901755 16.534943
-6.872688 8.203770 -11.816535 -14.588663 -3.771191 6.669559 -11.710686 -18.144178 14.615378 15.150349
-6.925324 7.820442 -11.064687 -15.378984 -3.200588 7.044427 -12.515641 -17.673155 14.343822 14.100188
-7.144520 7.213273 -9.973366 -16.531939 -2.462378 7.616015 -13.867991 -16.946037 13.755087 12.529703
-7.282065 6.707792 -9.124650 -17.441859 -1.705938 8.097944 -15.158684 -16.200423 13.138426 11.149440
-7.478059 6.256274 -8.096616 -18.523632 -0.998903 8.635351 -16.313238 -15.544501 12.594591 9.831923
-7.616486 5.911434 -7.335230 -19.413600 -0.306282 9.059114 -17.149654 -14.831023 12.174744 8.655021
-7.916358 5.735738 -6.709465 -20.162794 0.326834 9.449373 -17.908732 -14.160078 11.799745 7.777884
-8.182374 5.583411 -6.171993 -20.736258 0.812963 9.773296 -18.415764 -13.599241 11.517553 7.040760
-8.531608 5.430100 -5.584291 -21.525334 1.256572 10.085398 -18.917269 -13.073356 11.279995 6.153589
-9.181009 5.340696 -4.787472 -22.581149 1.804266 10.427601 -19.251069 -12.608737 11.091771 5.442192
-9.689615 5.247457 -4.223021 -23.528985 2.456688 10.707646 -19.396773 -12.069251 10.855610 4.749083
-10.303186 5.224261 -3.792091 -24.403036 3.142559 10.858976 -19.310642 -11.485690 10.602046 4.237707
-10.870116 5.201158 -3.338687 -25.197389 3.741632 11.002698 -19.252981 -10.968221 10.386154 3.852733
-11.413958 5.117420 -2.881849 -26.009689 4.286265 11.122738 -19.234326 -10.540537 10.188765 3.453728
-11.925323 5.056997 -2.430253 -26.756701 4.766596 11.313519 -19.357664 -10.142770 9.993655 3.031499
-12.412914 5.011175 -1.967769 -27.459927 5.171471 11.525679 -19.406818 -9.817843 9.871963 2.633784
-12.807564 4.955708 -1.547145 -28.113001 5.540377 11.678745 -19.288997 -9.527666 9.748314 2.277633
-13.041079 4.844502 -1.227245 -28.611872 5.857381 11.770992 -19.174464 -9.230333 9.553066 1.884264
-13.217836 4.738166 -0.995654 -29.027456 6.108827 11.813689 -19.049082 -8.957203 9.348394 1.526055
-13.374697 4.646048 -0.839970 -29.373301 6.308766 11.835176 -18.895249 -8.720449 9.151574 1.228775
-13.453795 4.577440 -0.749179 -29.597336 6.450407 11.836209 -18.694202 -8.558838 9.029215 1.027932
-13.497201 4.544848 -0.701811 -29.727279 6.539170 11.827447 -18.570513 -8.453982 8.958660 0.898782
-13.535675 4.529234 -0.715821 -29.800523 6.613909 11.779762 -18.437233 -8.385940 8.917304 0.864541
-13.531636 4.513918 -0.726948 -29.813678 6.644085 11.766888 -18.383308 -8.355150 8.901469 0.838962
-13.550892 4.531448 -0.719123 -29.827067 6.656517 11.753205 -18.355842 -8.376505 8.959942 0.900445
-13.583685 4.575345 -0.739781 -29.819458 6.678952 11.701754 -18.249525 -8.459436 9.135367 1.124545
-13.598937 4.673741 -0.871949 -29.726117 6.722522 11.542441 -17.985012 -8.584732 9.462588 1.563121
-13.542493 4.789318 -1.118392 -29.551112 6.743715 11.278354 -17.444897 -8.797112 9.921116 2.206705
-13.449671 4.950303 -1.432977 -29.238170 6.630673 10.981314 -16.876272 -9.081584 10.435310 2.964826
-13.254245 5.151926 -1.930311 -28.736983 6.359753 10.526665 -16.012565 -9.514020 11.092298 3.965901
-13.031987 5.328728 -2.414415 -28.320684 6.137527 10.073315 -14.978477 -9.893900 11.708742 4.883453
-12.844227 5.551534 -2.917741 -27.883723 5.908258 9.594768 -13.897278 -10.271942 12.284605 5.842934
-12.785663 5.755912 -3.233525 -27.630480 5.687065 9.226193 -13.069330 -10.676952 12.881533 6.701438
-12.705171 5.969683 -3.654026 -27.216884 5.399198 8.777247 -12.303601 -11.127370 13.460231 7.692913
-12.647001 6.156790 -4.013940 -26.794383 5.128738 8.387258 -11.665355 -11.495188 13.913690 8.530086
-12.540244 6.324857 -4.453472 -26.340904 4.958755 7.966256 -11.018454 -11.776896 14.303742 9.387836
-12.521520 6.548318 -4.879282 -25.865146 4.800279 7.614080 -10.443138 -12.109571 14.690398 10.326507
-12.542365 6.715574 -5.211938 -25.600824 4.654615 7.309357 -9.869729 -12.474422 15.050809 11.117282
-12.549461 6.866847 -5.532364 -25.356728 4.543429 7.042732 -9.302012 -12.755177 15.316062 11.792571
-12.553386 6.996896 -5.858052 -25.093582 4.473478 6.789811 -8.841361 -12.938998 15.496359 12.321093
-12.512241 7.086373 -6.189014 -24.816332 4.404354 6.560875 -8.468693 -13.058745 15.590233 12.716772
-12.475614 7.179108 -6.500470 -24.548445 4.317946 6.343421 -8.117661 -13.165242 15.677724 13.083171
-12.439841 7.261070 -6.727760 -24.331930 4.230340 6.187949 -7.888000 -13.245018 15.751611 13.349968
-12.419259 7.276391 -6.799524 -24.267233 4.213637 6.142633 -7.807737 -13.267317 15.772125 13.425654
-12.426410 7.429705 -6.861387 -24.065113 4.013877 6.105035 -7.922217 -13.352177 15.880938 13.574959
-12.412263 7.870634 -7.069236 -23.453090 3.516387 5.976085 -8.334880 -13.523969 16.134501 13.971927
-12.505513 8.546774 -7.196215 -22.652225 2.748918 5.786270 -9.182630 -13.788208 16.450150 14.501122
-12.408690 9.376131 -7.761414 -21.289727 1.731440 5.507163 -10.453240 -13.916683 16.542117 14.965665
-12.440190 10.434555 -8.187741 -19.624655 0.157228 5.535429 -12.456844 -14.409481 16.487495 15.668697
-11.866778 11.061653 -9.071998 -17.400480 -1.476052 5.780791 -14.981768 -14.679628 15.642685 15.723206
-10.759134 11.737394 -10.728194 -14.194691 -3.475701 6.087739 -17.964975 -15.110210 14.191104 16.206590
-8.211376 11.885855 -13.751014 -9.476024 -4.073621 7.628450 -21.598677 -13.755731 11.254854 16.301532
-5.118387 11.152196 -17.140931 -5.619993 -4.122542 7.524539 -23.894555 -12.418072 8.146091 15.337127
-2.133060 9.813668 -19.778956 -3.054947 -3.387039 7.818580 -25.894625 -10.750028 4.336371 13.704713
-0.099433 8.552699 -22.488762 -1.118086 -2.643687 8.116386 -26.708594 -9.411185 0.607215 13.006018
1.605948 7.241820 -25.074136 0.014376 -1.320579 8.624162 -25.864273 -8.159303 -3.116790 12.831586
3.323578 6.138926 -27.337909 0.864529 -0.217044 8.777902 -23.887341 -7.451585 -5.627391 13.115233
4.931854 5.137781 -28.922743 1.195715 0.678550 7.844693 -21.842642 -6.960762 -8.382596 14.264410
6.529899 4.306155 -31.313984 1.962018 1.820150 7.081866 -19.249293 -6.233240 -9.694042 14.068170
7.997824 3.655919 -33.313619 2.414199 3.073049 5.875947 -16.478617 -5.431514 -10.635189 14.155812
9.203482 2.829677 -35.039212 2.441337 4.322913 4.172127 -14.304758 -4.489864 -11.564593 13.754487
9.743747 2.534441 -36.482566 2.399879 5.453836 2.574179 -12.599843 -3.567911 -12.058932 13.557505
9.755869 2.379384 -36.891309 2.124517 5.803959 1.990883 -11.701273 -3.271607 -12.150729 13.608014
9.704481 2.382052 -36.978780 2.010923 5.861552 1.790704 -11.390219 -3.250583 -12.139683 13.744087
9.617389 2.400410 -36.987966 1.990926 5.898708 1.840004 -11.358208 -3.227387 -12.135499 13.804718
9.406372 2.431689 -37.002279 1.928019 5.998979 1.964315 -11.312786 -3.181526 -12.160996 13.937096
9.068387 2.518059 -37.046487 1.880536 6.099322 2.163219 -11.272563 -3.160661 -12.150592 14.154429
8.591003 2.695445 -37.069336 1.835702 6.204003 2.416137 -11.168294 -3.173950 -12.040873 14.535763
7.914848 2.963547 -36.956642 1.686146 6.338059 2.863795 -10.928633 -3.211158 -11.748763 15.062947
6.961806 3.306244 -36.664856 1.407264 6.469000 3.477846 -10.724173 -3.334996 -11.297179 15.613124
5.633018 3.803009 -36.113354 0.939085 6.633997 4.124008 -10.778064 -3.401026 -10.839994 16.371915
4.525609 4.159185 -35.573892 0.451694 6.798585 4.715290 -10.711575 -3.481036 -10.273114 16.840534
3.288942 4.441587 -34.947322 -0.197108 6.943593 5.191980 -10.727864 -3.533081 -9.843306 17.290737
1.741872 4.829909 -34.280319 -0.946894 7.012693 5.711325 -10.803396 -3.655862 -9.306387 17.837438
0.157673 5.163143 -33.582706 -1.859002 7.048330 6.225935 -10.663877 -3.792405 -8.640170 18.367337
-1.269663 5.550520 -33.077344 -2.511905 7.171570 6.703843 -10.526150 -3.862941 -8.067112 18.922001
-2.631148 5.899446 -32.332233 -3.335488 7.310158 7.089343 -10.646671 -3.898916 -7.573340 19.330784
-3.836664 6.242976 -31.790463 -4.081734 7.415858 7.231863 -10.554486 -4.012284 -7.113150 19.837669
-5.001115 6.533155 -31.230601 -4.927601 7.474248 7.256928 -10.375135 -4.240113 -6.563393 20.252655
-5.926865 6.799967 -30.785416 -5.599309 7.587496 7.278608 -10.197947 -4.395071 -6.048578 20.506128
-6.679687 6.977370 -30.490083 -6.139152 7.635279 7.193871 -10.042949 -4.503871 -5.680953 20.719533
-7.151805 7.067826 -30.284171 -6.512531 7.616134 7.137495 -9.926956 -4.621613 -5.425961 20.839811
-7.428836 7.117844 -30.131526 -6.760258 7.597709 7.112293 -9.859942 -4.707877 -5.256975 20.910513
-7.508159 7.127454 -30.068423 -6.838936 7.554581 7.121404 -9.842571 -4.754421 -5.192027 20.941002
-7.492377 7.116681 -30.179634 -6.817061 7.624625 7.058283 -9.733978 -4.707354 -5.232325 20.951567
-7.370031 7.071149 -30.511529 -6.713137 7.761879 6.864458 -9.464624 -4.594689 -5.356273 20.952455
-7.069961 6.967542 -30.963412 -6.538192 7.949822 6.642053 -9.035947 -4.440613 -5.572750 20.940234
-6.552273 6.804211 -31.633981 -6.227561 8.186017 6.306577 -8.421973 -4.253129 -5.825477 20.862037
-5.950401 6.614402 -32.649774 -5.761822 8.465386 5.819004 -7.599413 -4.006553 -6.132484 20.764379
-5.021724 6.266515 -33.773402 -5.319382 8.651720 4.928097 -6.422893 -3.925228 -6.324070 20.519637
-3.903568 5.911031 -35.032847 -4.759845 8.691143 3.856312 -5.062111 -3.941364 -6.523316 20.387144
-2.712569 5.438850 -36.196860 -4.396479 8.948044 2.640294 -3.843971 -3.687574 -6.821121 19.964623
-1.400963 4.984106 -37.644766 -3.925210 8.977974 0.963558 -2.113431 -3.648111 -6.959879 19.656131
