20.979084 2.689177 -4.441943 -17.621160 4.062501 5.656264 11.417602 -9.320669 31.509107 5.694465
20.604876 2.157605 -5.896719 -17.970214 5.092258 4.691105 12.445036 -7.607449 31.497792 5.293948
19.832715 1.711967 -7.831747 -18.031954 6.295773 3.752614 13.147486 -5.926367 31.313203 4.562064
18.988620 1.389080 -9.542848 -17.943888 7.423170 3.007694 13.238437 -4.513855 30.948694 3.855253
17.996876 1.082317 -11.597379 -17.729594 8.807010 1.935238 13.193494 -3.100578 30.466947 3.180272
16.092392 1.973972 -13.851349 -18.341896 10.518304 -0.050051 14.625523 -2.815616 28.820224 4.260982
15.033162 2.108290 -15.951962 -18.003538 11.961160 -1.254993 14.783390 -1.796775 27.961215 4.109683
14.143902 1.822453 -17.614733 -18.083199 13.698365 -2.590425 14.906257 -0.749462 26.786674 3.561183
13.269554 1.599441 -18.870208 -18.419671 15.404728 -3.768762 14.894782 0.023481 25.665448 2.614765
12.991505 1.166119 -19.912992 -18.515265 16.988945 -4.863401 14.780045 0.771514 24.308500 1.471807
12.385949 0.857126 -20.978942 -18.698336 18.275945 -5.925765 14.850225 1.058745 22.613837 0.825334
12.358866 0.190741 -21.660901 -19.121897 19.709518 -7.002261 14.874099 1.157729 20.627371 0.060374
12.233684 -0.397504 -22.528976 -19.406345 20.929575 -7.949623 14.946612 1.024688 18.653179 -0.360539
12.350112 -0.937464 -23.571722 -19.452803 22.081704 -8.866845 15.158373 0.928054 16.573620 -0.770678
12.461033 -1.346377 -24.766496 -19.290853 23.197789 -9.807062 15.344896 0.874413 14.756684 -1.251407
12.454413 -1.825132 -25.965373 -19.265824 24.103988 -10.775880 15.582748 0.959303 12.955903 -1.625852
11.936522 -1.974379 -26.885188 -19.323306 24.817092 -11.621513 15.465754 0.872034 11.285435 -1.711094
10.896404 -1.874057 -27.734580 -19.398766 25.101175 -12.127528 15.469383 0.892129 10.241327 -1.368788
9.535601 -1.725520 -28.500856 -19.604609 25.385368 -12.537641 15.315655 1.121543 9.280588 -0.915414
8.342899 -1.755606 -29.196623 -19.900730 25.384376 -12.930526 15.027056 1.579437 8.420008 -0.435083
7.246786 -1.739361 -29.858321 -20.120934 25.389383 -13.266440 14.639584 1.956088 7.545993 -0.083980
6.343232 -1.824111 -30.608679 -20.287123 25.358845 -13.597532 14.446134 2.218493 6.696458 0.128659
5.396361 -1.809690 -31.447330 -20.281345 25.211101 -13.986109 14.284654 2.395196 5.760894 0.577139
4.670092 -1.769905 -32.316356 -20.117064 25.061728 -14.297868 14.242976 2.527899 4.936681 1.063962
4.121216 -1.728234 -32.963654 -19.904559 24.809623 -14.436362 14.043240 2.616002 4.353956 1.399989
3.701783 -1.776468 -33.521197 -19.693058 24.595752 -14.548226 13.672264 2.797954 3.872546 1.500146
3.383946 -1.862066 -33.926523 -19.534657 24.412756 -14.568067 13.209228 3.014395 3.438291 1.495862
3.127738 -1.936076 -34.217555 -19.407942 24.227956 -14.527939 12.857779 3.131995 3.046085 1.556455
2.929633 -1.947894 -34.387909 -19.309789 24.051427 -14.471220 12.657371 3.130407 2.796290 1.656221
2.821783 -1.931710 -34.464857 -19.254714 23.935399 -14.430617 12.565517 3.104487 2.693789 1.719652
2.762215 -1.925041 -34.504349 -19.243321 23.892776 -14.422110 12.536725 3.089867 2.657560 1.747376
2.734338 -1.946456 -34.502033 -19.259481 23.840665 -14.370114 12.595007 3.011647 2.653069 1.769112
2.567361 -2.012193 -34.505023 -19.380994 23.688203 -14.246065 12.792659 2.813892 2.612701 1.903696
2.253730 -2.100872 -34.468375 -19.550196 23.372607 -13.969355 13.072906 2.408817 2.577258 2.105839
1.781788 -2.186620 -34.438629 -19.823919 22.986956 -13.697389 13.482278 1.836412 2.489866 2.423213
1.217091 -2.303050 -34.412039 -20.142617 22.466592 -13.383573 13.919493 1.163064 2.358849 2.819735
0.459486 -2.440815 -34.422837 -20.568673 21.770151 -13.090901 14.287420 0.412410 2.190117 3.262085
-0.475674 -2.513565 -34.288684 -21.097094 20.934485 -12.719510 14.610684 -0.583610 1.963210 3.776822
-1.277515 -2.584818 -34.047217 -21.637718 19.928037 -12.392305 15.006471 -1.759220 1.791973 4.435555
-2.296614 -2.638826 -33.715779 -22.345577 18.870453 -12.109373 15.443335 -3.051789 1.532556 5.296304
-3.286040 -2.508418 -33.268969 -22.954023 17.820257 -11.786727 15.922306 -4.350780 1.508476 6.267615
-4.015256 -2.414515 -32.911819 -23.347157 16.848088 -11.492787 16.101550 -5.404554 1.528347 6.979658
-4.657663 -2.348874 -32.437829 -23.734894 15.869702 -11.042642 16.493924 -6.462978 1.641714 7.749136
-5.224577 -2.228340 -31.908268 -24.063711 15.016167 -10.617524 16.928409 -7.426729 1.838164 8.580980
-5.273126 -2.195728 -31.652253 -24.093236 14.400124 -10.380089 17.249590 -8.104686 1.762993 9.159375
-5.469238 -2.133657 -31.447472 -24.147792 13.842645 -10.096016 17.477326 -8.793131 1.677089 9.651420
-5.487899 -2.102717 -31.218522 -24.166481 13.470333 -9.860210 17.674118 -9.329864 1.711338 9.933887
-5.241822 -2.136222 -31.061427 -24.080139 13.192625 -9.662538 17.816414 -9.693333 1.778773 10.033791
-5.023987 -2.139389 -30.872174 -24.052934 13.033844 -9.544085 17.926067 -9.941610 1.868603 10.140741
-4.853742 -2.135474 -30.729230 -23.995193 12.956765 -9.422125 17.953311 -10.099765 1.952496 10.149696
-4.801317 -2.138872 -30.675006 -23.984850 12.920185 -9.374992 17.959394 -10.164659 1.983319 10.142560
-4.770397 -2.208940 -30.393581 -24.141402 12.941513 -9.193347 17.830813 -10.244334 2.156657 9.874840
-4.341361 -2.479967 -29.746719 -24.461136 13.358639 -8.753830 17.615605 -10.196904 2.699584 8.844561
-2.794215 -2.975266 -28.329314 -24.519955 14.080271 -7.805483 16.607734 -9.586424 3.974613 6.835301
-0.134434 -3.723706 -27.016041 -24.192488 15.078974 -6.912743 15.707177 -8.530986 5.251380 4.380137
2.587952 -4.618620 -25.679929 -23.821799 15.710142 -5.705945 14.232489 -6.778485 7.120589 1.678319
4.040792 -5.485248 -23.692356 -24.265411 17.001360 -4.132808 11.982472 -3.579329 9.339063 -1.264233
4.866005 -7.120046 -21.162094 -24.353712 16.989384 -0.758584 8.774601 0.075235 13.879247 -5.330108
4.577164 -6.811010 -17.049161 -24.742734 16.940200 2.368755 5.002677 2.805238 18.046846 -6.979381
4.807501 -6.887733 -12.871678 -26.043307 16.286030 4.330536 0.247737 5.572437 19.839706 -7.672719
7.302617 -8.060667 -11.807890 -24.142727 11.927135 6.220324 -5.035112 7.627452 20.899894 -7.726859
10.654430 -8.368704 -12.487570 -21.099441 8.207824 6.995499 -6.477142 8.105854 22.193219 -6.258578
14.852285 -8.733768 -11.842776 -19.371357 5.332005 6.943432 -8.372408 7.783095 20.482139 -4.332979
18.843106 -9.440387 -12.553167 -16.416682 3.068939 7.840044 -10.640003 7.501519 17.536355 -2.262057
22.249822 -10.496474 -13.724611 -13.785081 0.197302 8.597502 -11.950095 6.464145 14.398205 -1.113579
26.739986 -12.297742 -13.523027 -12.629156 -1.234638 9.169236 -12.195377 6.512601 11.514291 1.300390
29.496098 -12.944591 -15.423256 -11.396310 -1.440062 8.116537 -9.712996 7.559974 9.225276 3.833413
32.242785 -13.401137 -18.290814 -9.700067 -1.051964 6.439072 -5.726535 8.478851 7.699125 5.819081
32.855065 -14.066846 -19.559426 -9.938032 -0.946284 5.109914 -2.239596 8.816815 6.097093 7.572496
33.204497 -14.418784 -19.737284 -10.410368 -0.753514 4.374398 -0.942632 8.847835 5.336683 8.180488
33.018658 -14.443150 -19.670524 -10.678402 -0.842926 4.210128 -0.646488 8.692796 4.916397 8.443266
33.103534 -14.450711 -19.656622 -10.666332 -0.919399 4.199881 -0.647068 8.723848 4.936858 8.530373
33.234996 -14.471050 -19.609111 -10.724632 -1.044669 4.170708 -0.656541 8.836810 4.915758 8.776619
33.305947 -14.392851 -19.301472 -10.830560 -1.424645 4.364412 -0.926002 8.869728 4.909584 9.301756
33.292293 -14.327939 -18.732951 -11.052156 -1.959721 4.546288 -1.532694 8.999385 4.751973 9.803297
32.959255 -14.056045 -18.085119 -11.307152 -2.621233 4.919750 -2.285437 9.053333 4.717959 10.487016
32.683232 -14.222928 -16.853498 -12.034710 -3.566193 5.535629 -3.399402 8.922567 4.685881 10.911105
31.947360 -14.309536 -15.521782 -13.145375 -4.743097 6.034547 -4.486336 8.879002 4.349083 11.740234
31.044934 -14.415029 -13.869765 -14.312889 -5.755880 6.846051 -5.584264 8.639326 4.431144 11.988365
30.182400 -14.725303 -12.451746 -15.318272 -7.024442 7.611786 -6.903927 8.407768 4.167436 12.347452
29.245329 -14.919912 -11.209207 -16.267725 -8.317582 8.244853 -8.055726 8.161839 4.084338 12.715656
28.582667 -15.287762 -9.967576 -17.236418 -9.453736 8.793804 -8.814226 7.962880 3.968311 13.342541
27.906536 -15.746396 -8.869269 -18.253601 -10.385649 9.034400 -9.335459 7.838253 3.600161 13.938225
27.385291 -16.232222 -7.925813 -19.070525 -11.083491 9.208223 -9.804243 7.759345 3.027503 14.579800
26.992656 -16.598017 -7.117790 -19.599825 -11.603279 9.410170 -10.230177 7.604541 2.479169 15.292424
26.473406 -16.823300 -6.359243 -20.155714 -12.197971 9.551621 -10.517437 7.332723 1.953658 15.960270
26.195267 -17.099370 -5.712025 -20.588215 -12.554921 9.700408 -10.736647 7.158897 1.524037 16.344596
25.844719 -17.195668 -5.303339 -20.873356 -12.719854 9.754052 -10.682300 6.930175 1.376623 16.643064
25.439983 -17.091155 -5.125661 -21.089543 -12.788899 9.611235 -10.490748 6.650690 1.253044 16.903983
25.117547 -16.972549 -5.099414 -21.161379 -12.830324 9.532913 -10.369465 6.420807 1.244783 16.967912
25.011467 -16.912077 -5.127072 -21.137150 -12.824768 9.517820 -10.352047 6.347689 1.231781 16.968265
