-3.978445 -2.020773 -27.282239 -16.800088 26.561015 -12.118604 -23.336634 10.902780 -5.495611 -8.588005
-3.978445 -2.020773 -27.282239 -16.800088 26.561015 -12.118604 -23.336634 10.902780 -5.495611 -8.588005
-3.978445 -2.020773 -27.282239 -16.800088 26.561015 -12.118604 -23.336634 10.902780 -5.495611 -8.588005
-3.978445 -2.020773 -27.282239 -16.800088 26.561015 -12.118604 -23.336634 10.902780 -5.495611 -8.588005
-3.978445 -2.020773 -27.282239 -16.800088 26.561015 -12.118604 -23.336634 10.902780 -5.495611 -8.588005
-3.922726 -1.802615 -27.173653 -17.466419 27.412284 -11.898174 -22.482251 10.623754 -6.248078 -8.170999
-3.923012 -1.717664 -27.094558 -17.510639 27.514323 -11.905059 -22.389815 10.396817 -6.350293 -8.155109
-3.928065 -1.714928 -27.096375 -17.509254 27.507097 -11.919434 -22.387077 10.388204 -6.345292 -8.145734
-3.930208 -1.713213 -27.098370 -17.506950 27.506888 -11.922795 -22.385929 10.386117 -6.343059 -8.143660
-3.930205 -1.714258 -27.099360 -17.506458 27.505146 -11.923377 -22.386169 10.387563 -6.341439 -8.143348
-3.929728 -1.714451 -27.098815 -17.506795 27.504364 -11.923283 -22.386043 10.389416 -6.340130 -8.143009
-3.929229 -1.714770 -27.098946 -17.506162 27.505044 -11.923128 -22.386193 10.390740 -6.339721 -8.143374
-3.930037 -1.715771 -27.098626 -17.508533 27.504516 -11.924916 -22.385642 10.390783 -6.340473 -8.142735
-3.930298 -1.716782 -27.099289 -17.508269 27.503438 -11.924518 -22.386077 10.391935 -6.338971 -8.144114
-3.930669 -1.717113 -27.100890 -17.506616 27.502304 -11.924207 -22.387176 10.396611 -6.337287 -8.142758
-3.931637 -1.717090 -27.102487 -17.504987 27.501610 -11.923155 -22.388189 10.399482 -6.335218 -8.143602
-3.930426 -1.717554 -27.101880 -17.503274 27.500773 -11.921615 -22.388222 10.398970 -6.333163 -8.144464
-3.931822 -1.717201 -27.102005 -17.503447 27.500153 -11.920521 -22.387999 10.400252 -6.332565 -8.144204
-3.931283 -1.716707 -27.102221 -17.502824 27.500284 -11.921040 -22.387848 10.400766 -6.331792 -8.143359
-3.931847 -1.716160 -27.102621 -17.502865 27.501853 -11.921362 -22.388455 10.400032 -6.332961 -8.144799
-3.930762 -1.715795 -27.102173 -17.502593 27.501620 -11.921183 -22.387442 10.401058 -6.331638 -8.144193
-3.930622 -1.716622 -27.102479 -17.503364 27.500464 -11.923129 -22.387460 10.401543 -6.331492 -8.143517
-3.930096 -1.715198 -27.102364 -17.500902 27.501898 -11.920789 -22.387995 10.402157 -6.332183 -8.142995
-3.930421 -1.716264 -27.102629 -17.501100 27.500884 -11.920724 -22.388110 10.404297 -6.330954 -8.142769
-3.929148 -1.716650 -27.102189 -17.501017 27.500818 -11.920396 -22.388516 10.405661 -6.330130 -8.143281
-3.928119 -1.717453 -27.102506 -17.499414 27.499796 -11.919586 -22.389145 10.407753 -6.328476 -8.144004
-3.927316 -1.719258 -27.103780 -17.498227 27.498080 -11.917175 -22.390836 10.412838 -6.326386 -8.144961
-3.928367 -1.720278 -27.105574 -17.497201 27.496453 -11.915541 -22.392060 10.416369 -6.324586 -8.145165
-3.929002 -1.720731 -27.106216 -17.497052 27.495441 -11.915074 -22.392201 10.419023 -6.322957 -8.144849
-3.928135 -1.721700 -27.106138 -17.496915 27.495637 -11.915297 -22.393187 10.421844 -6.322995 -8.144637
-3.929933 -1.722625 -27.108669 -17.494958 27.492933 -11.913307 -22.394942 10.426850 -6.318734 -8.145696
-3.954459 -1.773809 -27.132448 -17.560724 27.488379 -11.936139 -22.321846 10.355986 -6.361951 -8.164726
-4.008709 -1.941125 -27.054147 -17.843547 27.451789 -11.967668 -22.184987 10.181284 -6.522091 -8.221153
-4.127763 -2.212936 -27.037200 -18.270133 27.283721 -11.995944 -21.777618 9.850599 -6.647290 -8.255380
-4.201787 -2.665902 -27.097774 -18.826660 26.847021 -11.932147 -20.935017 9.322593 -6.666705 -8.256905
-4.259453 -3.206468 -27.184746 -19.511391 26.248128 -11.842506 -19.653495 8.377084 -6.683387 -8.223654
-4.724999 -3.827764 -27.575715 -20.385826 25.367875 -11.822513 -18.145245 7.617207 -6.589296 -7.987122
-5.181907 -4.504301 -27.888569 -21.344568 24.277703 -11.606305 -16.467600 6.790224 -6.508282 -7.472088
-6.026206 -4.821350 -27.957501 -22.257487 23.188324 -11.322905 -14.931399 5.924238 -6.245150 -6.796383
-7.017462 -5.055898 -28.168416 -23.167793 21.949180 -11.170217 -13.332925 5.028009 -6.012584 -6.030340
-8.124545 -4.980082 -27.989348 -24.187578 20.734687 -11.046792 -12.067739 4.028217 -5.949788 -4.973357
-9.150988 -4.985410 -27.570147 -25.323033 19.512596 -10.675307 -10.914035 3.000677 -5.953161 -4.046583
-9.999263 -4.850728 -27.178545 -26.220266 18.322855 -10.517859 -9.888633 2.162437 -5.887326 -2.995756
-11.002478 -4.715563 -26.484781 -27.348861 17.294364 -10.263157 -8.756547 1.325513 -5.717128 -1.708692
-11.828327 -4.589320 -25.653998 -28.407412 16.627774 -9.837485 -7.947493 0.475125 -5.921003 -0.554776
-12.791980 -4.544211 -25.197923 -29.327844 15.841993 -9.493475 -7.261452 -0.123835 -5.975623 0.404123
-13.606434 -4.544807 -24.529807 -30.251216 15.099521 -8.970162 -6.694277 -0.518857 -5.798292 1.244694
-14.097684 -4.526601 -24.035704 -30.862075 14.485168 -8.555566 -6.135344 -0.885449 -5.695593 2.055528
-14.573005 -4.478198 -23.624517 -31.346161 14.160579 -8.198351 -5.852111 -1.091892 -5.627040 2.634773
-14.751133 -4.478078 -23.362410 -31.610822 13.997184 -7.987211 -5.677613 -1.186389 -5.596157 2.974470
-14.818483 -4.482985 -23.260032 -31.713664 13.944640 -7.891820 -5.601687 -1.241809 -5.583993 3.085452
-14.567735 -4.619387 -23.222697 -31.704124 13.845977 -7.842803 -5.516594 -1.244287 -5.241348 2.896750
-13.568373 -5.142676 -22.926211 -31.692637 13.706904 -7.416990 -5.421319 -1.128085 -4.256152 2.231963
-11.502686 -5.917656 -22.321156 -31.445257 13.507770 -6.940087 -5.383280 -0.521701 -2.258332 0.976115
-7.747733 -6.853342 -21.444810 -30.268827 13.619585 -5.769614 -5.351871 0.552594 0.167897 -1.035429
-4.491176 -7.393963 -20.226414 -29.031337 14.287380 -4.328083 -5.744223 1.762020 2.281515 -2.933400
-1.233239 -8.061921 -19.046897 -28.278243 15.437905 -3.377753 -4.819027 2.765057 4.284714 -4.354947
1.579097 -8.817650 -18.111552 -27.535079 16.102563 -2.340732 -3.132893 3.095869 6.733979 -5.382515
3.570122 -9.028490 -17.285727 -26.543523 16.033879 -0.684183 -1.327129 3.439743 10.101622 -5.931580
5.051627 -8.436210 -16.822020 -25.825532 15.250344 0.488816 1.231175 4.336494 14.512481 -5.941525
6.272795 -7.063899 -15.223604 -25.692384 14.047240 1.972703 3.829304 3.420240 18.386874 -4.931436
7.133869 -6.275671 -12.956539 -25.584683 11.824297 4.438127 6.092966 2.039264 22.395590 -3.399397
7.881680 -4.830804 -10.270925 -25.634820 10.127072 6.467256 7.675081 -0.236075 25.381864 -2.041532
9.650181 -3.586963 -6.268256 -25.408262 8.966984 8.216848 7.758572 -2.009712 27.493817 -0.451140
11.300338 -2.013422 -2.430903 -25.067392 7.270303 9.814154 6.387703 -4.410186 28.918933 1.133289
11.249681 0.483708 -1.111994 -23.425545 5.168416 10.731031 4.445523 -6.358395 30.062655 2.675013
10.332507 2.986387 -0.740754 -21.619723 2.853201 11.460405 1.438283 -8.340653 30.644168 3.813526
9.164967 4.668277 -1.198290 -19.481147 0.687807 12.338917 -1.488979 -9.520021 30.992661 4.324342
8.456681 6.015825 -1.554207 -17.329661 -1.195716 13.153716 -4.517460 -10.352804 31.554217 4.264742
8.145837 6.581926 -1.992770 -16.126132 -2.427556 13.430113 -6.139113 -10.796921 31.413347 4.395451
8.148371 6.767421 -2.081882 -15.784038 -2.850404 13.449270 -6.520935 -10.930441 31.358341 4.551964
8.201341 6.798344 -2.084868 -15.739501 -2.880673 13.447778 -6.512845 -10.985406 31.386587 4.593473
8.379703 6.858262 -2.108285 -15.569782 -2.974373 13.452167 -6.559751 -11.108132 31.422747 4.654660
8.661945 6.936122 -2.140278 -15.335543 -3.095336 13.467244 -6.538997 -11.261436 31.531000 4.714248
9.077810 7.080346 -2.164789 -15.058707 -3.288116 13.434286 -6.290272 -11.507427 31.724963 4.966892
9.584694 7.294303 -2.174672 -14.758914 -3.654481 13.366457 -5.872050 -11.787891 31.990110 5.412412
10.277106 7.485913 -2.175223 -14.456544 -4.195220 13.236174 -5.492867 -12.212457 32.088602 6.013395
11.077502 7.584931 -2.019349 -14.272570 -4.849527 13.150759 -4.923948 -12.634093 32.231037 6.600572
11.976706 7.562040 -2.070817 -14.071601 -5.347290 12.830452 -3.841678 -13.130867 32.257324 7.235492
13.030590 7.456301 -2.121318 -13.720852 -5.903829 12.562932 -2.718891 -13.666397 32.395247 7.828533
14.036852 7.393823 -2.160250 -13.425288 -6.352718 12.306955 -1.582005 -14.186828 32.592880 8.361425
14.819255 7.431030 -2.281028 -13.201806 -6.651435 12.021299 -0.298850 -14.746000 32.735660 8.917479
15.933976 7.341997 -2.090153 -12.966700 -7.027485 11.953332 0.827871 -15.295334 33.095904 9.371859
17.092092 7.101168 -1.940166 -12.708739 -7.308355 11.900404 1.753441 -15.774899 33.321468 9.675246
18.197237 6.758883 -1.727082 -12.582909 -7.609766 11.846343 2.580162 -15.998609 33.537404 9.973800
19.085012 6.427186 -1.562672 -12.516949 -7.886764 11.789389 3.507840 -16.199220 33.773844 10.305485
19.729320 6.181733 -1.396879 -12.412283 -8.188255 11.833824 4.205049 -16.422751 33.992513 10.541689
20.290687 5.938699 -1.392242 -12.278706 -8.296532 11.765399 4.825995 -16.536879 34.117540 10.661912
20.693754 5.742776 -1.328213 -12.265321 -8.397184 11.741822 5.225283 -16.573377 34.191713 10.739568
20.927599 5.613615 -1.328678 -12.235136 -8.433547 11.700293 5.540978 -16.595646 34.225297 10.803063
21.037477 5.558152 -1.335632 -12.242194 -8.406824 11.660135 5.662243 -16.580860 34.236375 10.805046
21.087507 5.505577 -1.342385 -12.306523 -8.310985 11.627033 5.750092 -16.512952 34.266386 10.769370
21.230567 5.334733 -1.207891 -12.552182 -8.053087 11.615341 5.872446 -16.291149 34.354419 10.648896
21.440686 5.103600 -1.189799 -12.877516 -7.543274 11.405489 6.252567 -15.919653 34.447450 10.504468
21.649753 4.727138 -1.315229 -13.369949 -6.676848 11.020561 6.962688 -15.293575 34.541672 10.258382
21.836862 4.238557 -1.480824 -13.980497 -5.569655 10.603395 7.656180 -14.395709 34.709501 9.791644
22.013647 3.693701 -1.544021 -14.813868 -4.276924 10.093051 8.389017 -13.292341 34.904131 9.219592
22.053565 3.214563 -1.819950 -15.603155 -2.869246 9.453789 8.918580 -11.964966 34.902019 8.592735
21.914317 2.707874 -2.553931 -16.172942 -1.376742 8.770656 9.677547 -10.683318 34.839798 7.852321
21.770445 2.097743 -3.550213 -16.624384 0.256101 8.005723 10.708515 -9.219274 34.806686 7.108233
