-6.617437 0.260487 1.934709 -27.465804 -2.269762 13.590510 -36.905921 -10.037897 -0.737461 -11.603153
-6.617437 0.260487 1.934709 -27.465804 -2.269762 13.590510 -36.905921 -10.037897 -0.737461 -11.603153
-6.617437 0.260487 1.934709 -27.465804 -2.269762 13.590510 -36.905921 -10.037897 -0.737461 -11.603153
-6.617437 0.260487 1.934709 -27.465804 -2.269762 13.590510 -36.905921 -10.037897 -0.737461 -11.603153
-6.617437 0.260487 1.934709 -27.465804 -2.269762 13.590510 -36.905921 -10.037897 -0.737461 -11.603153
-6.309732 1.287333 3.351283 -28.987179 -1.989507 13.754792 -35.745369 -11.564555 -2.682641 -9.770700
-6.335262 1.365417 3.458803 -29.056983 -1.918803 13.739682 -35.689364 -11.690826 -2.771958 -9.712240
-6.338733 1.368042 3.461174 -29.054463 -1.916099 13.717854 -35.685440 -11.725784 -2.768499 -9.727544
-6.342246 1.369266 3.458739 -29.052484 -1.913507 13.717187 -35.684523 -11.731633 -2.767097 -9.731541
-6.340978 1.368149 3.459247 -29.052364 -1.916080 13.718074 -35.682959 -11.731241 -2.764187 -9.731084
-6.339935 1.367716 3.460753 -29.053442 -1.915908 13.716981 -35.683121 -11.732931 -2.765406 -9.731674
-6.340793 1.366752 3.460845 -29.053463 -1.917618 13.716561 -35.683794 -11.733552 -2.764060 -9.733284
-6.339453 1.366318 3.460854 -29.053712 -1.917372 13.715502 -35.683646 -11.733187 -2.764897 -9.732539
-6.339969 1.365950 3.461476 -29.054691 -1.919338 13.715296 -35.683076 -11.733067 -2.763448 -9.732550
-6.340474 1.364375 3.459625 -29.054914 -1.921868 13.714906 -35.682318 -11.731292 -2.762166 -9.732224
-6.339094 1.364716 3.458751 -29.052057 -1.922041 13.716444 -35.682950 -11.729825 -2.760902 -9.733252
-6.339200 1.364937 3.459193 -29.052326 -1.923030 13.715685 -35.682760 -11.731839 -2.759962 -9.733270
-6.337706 1.365085 3.459909 -29.052365 -1.921812 13.714792 -35.682529 -11.732374 -2.760364 -9.734077
-6.337950 1.363890 3.459722 -29.052995 -1.921917 13.712758 -35.683941 -11.731706 -2.760578 -9.735577
-6.339247 1.364544 3.459331 -29.053045 -1.920007 13.711939 -35.684083 -11.732611 -2.762271 -9.736022
-6.338355 1.363678 3.458677 -29.051967 -1.921341 13.711173 -35.683502 -11.730310 -2.760195 -9.735481
-6.338262 1.363734 3.458508 -29.051332 -1.921823 13.712106 -35.683011 -11.730614 -2.759330 -9.735295
-6.337004 1.362703 3.459315 -29.049400 -1.922306 13.714946 -35.684610 -11.728368 -2.759239 -9.736171
-6.336197 1.361891 3.459264 -29.048605 -1.924205 13.715389 -35.684166 -11.728124 -2.757370 -9.736670
-6.336106 1.361825 3.458550 -29.048502 -1.923834 13.715770 -35.683332 -11.729383 -2.757573 -9.737095
-6.334857 1.360975 3.458249 -29.047478 -1.926158 13.716705 -35.684067 -11.727200 -2.756253 -9.736219
-6.334348 1.359237 3.457732 -29.047027 -1.929228 13.718766 -35.684758 -11.725177 -2.754636 -9.736517
-6.334855 1.357939 3.455271 -29.046345 -1.931707 13.717914 -35.685272 -11.720763 -2.753327 -9.735543
-6.334594 1.357404 3.455381 -29.046091 -1.931479 13.719020 -35.685769 -11.721548 -2.753758 -9.736154
-6.334371 1.356412 3.454809 -29.046405 -1.930472 13.717920 -35.686788 -11.718786 -2.753465 -9.737751
-6.335654 1.355355 3.454123 -29.046644 -1.934292 13.719996 -35.686984 -11.717883 -2.750645 -9.737498
-6.194142 1.329080 3.307395 -28.891757 -1.974059 13.600688 -35.710466 -11.777605 -2.706274 -9.622184
-5.685829 1.272084 2.771526 -28.336634 -2.048993 13.235708 -35.697365 -11.921874 -2.545344 -9.217897
-4.842828 1.243041 1.753780 -27.287016 -2.171486 12.484797 -35.532851 -12.146922 -2.207827 -8.397574
-3.815059 1.226912 0.528482 -25.984205 -2.375864 11.598219 -35.231426 -12.409044 -1.830911 -7.382966
-2.783167 1.231534 -0.787896 -24.549337 -2.626995 10.695150 -34.688666 -12.674752 -1.324878 -6.352464
-1.972930 1.300961 -1.720809 -23.296398 -2.937952 10.125944 -34.399089 -12.873250 -0.905989 -5.539727
-1.253957 1.306677 -2.580339 -22.263648 -3.242496 9.631742 -34.156909 -13.083599 -0.567044 -5.003920
-0.550872 1.367285 -3.537136 -21.111871 -3.550205 9.065412 -33.770832 -13.327707 -0.196110 -4.390141
0.155740 1.354061 -4.400678 -20.130357 -3.816127 8.775469 -33.262351 -13.570861 0.135019 -3.992409
0.707838 1.518754 -5.272255 -18.964097 -4.035989 8.620034 -32.553189 -13.760102 0.495917 -3.431996
1.322126 1.726317 -6.085575 -17.793815 -4.343469 8.647731 -31.873559 -13.995863 0.951920 -3.073462
1.688528 1.980978 -6.593597 -16.891717 -4.397584 8.872740 -31.235765 -14.082040 1.448633 -2.595353
1.972208 2.289022 -7.135007 -16.064283 -4.462838 9.108867 -30.579573 -14.300967 2.004184 -2.033408
2.191835 2.632609 -7.594485 -15.290229 -4.587517 9.418407 -30.206786 -14.480715 2.431411 -1.503180
2.318115 2.969076 -8.058028 -14.576549 -4.665794 9.683728 -29.767006 -14.616200 2.868105 -0.900655
2.347261 3.212104 -8.405328 -14.073620 -4.672957 9.954926 -29.383501 -14.691862 3.194260 -0.430664
2.362306 3.428728 -8.677896 -13.624322 -4.673954 10.109648 -29.139954 -14.678237 3.417938 -0.070735
2.393273 3.582539 -8.984709 -13.260971 -4.626939 10.163629 -28.844866 -14.612980 3.551387 0.254844
2.411737 3.686353 -9.218558 -13.017835 -4.621774 10.158723 -28.629906 -14.579347 3.617584 0.525327
2.430596 3.712028 -9.298978 -12.935727 -4.604519 10.158285 -28.551931 -14.559253 3.632885 0.595506
2.295476 3.831075 -9.333708 -12.846275 -4.625723 10.270373 -28.593753 -14.568506 3.732227 0.679484
1.972917 4.165658 -9.477390 -12.577718 -4.653504 10.271914 -28.506130 -14.579082 3.849896 1.229527
1.758129 4.587841 -9.951214 -12.095505 -4.560268 10.336673 -28.295878 -14.670419 3.930119 2.131766
0.824060 5.352348 -10.642221 -11.526219 -4.554357 10.315395 -27.716731 -14.724808 4.265596 3.763823
0.095004 6.093711 -11.359817 -10.765082 -4.805633 10.313748 -27.302435 -14.811713 4.277091 5.564065
-0.151762 6.698994 -11.506310 -9.843616 -4.830849 11.481249 -27.407671 -14.498748 3.280324 7.577987
-0.592641 7.315522 -12.534853 -8.315999 -4.846380 12.233623 -27.634763 -13.924258 2.154599 9.986950
-0.941829 8.206819 -14.321933 -6.768095 -4.584349 11.550348 -27.169785 -13.197644 1.787711 11.796017
-1.708842 9.372466 -16.090466 -5.906592 -3.755873 10.508226 -26.279413 -12.006553 1.592753 13.070459
-1.246743 10.448843 -18.631727 -4.006139 -3.605707 9.337253 -25.466658 -11.173920 1.373319 14.455911
-0.375529 11.093967 -20.740328 -2.598229 -4.493693 7.870397 -22.475365 -12.236944 2.308976 15.698853
1.808016 11.103777 -23.106703 -0.789866 -4.370010 6.627983 -19.807937 -12.428198 1.999911 16.326841
4.817529 10.448519 -26.404077 1.277420 -3.910481 4.401975 -17.429427 -12.168371 1.279908 16.492586
7.969753 9.175510 -28.394973 2.399918 -4.019848 2.853898 -15.386556 -12.475245 0.735957 15.688212
11.358525 8.066291 -30.335441 4.152580 -4.275609 1.462739 -14.693689 -12.441036 -0.160182 14.397351
14.464355 7.127725 -31.882660 5.815491 -4.598165 0.405179 -13.919117 -12.454718 -0.656848 13.207369
17.983366 5.885799 -32.688409 6.936922 -4.646650 -0.177023 -12.077735 -12.873981 -0.950254 11.728584
20.930965 4.870884 -33.511039 7.894381 -4.661697 -0.687806 -10.119637 -13.240958 -1.238096 10.847101
22.248207 4.392501 -33.880712 8.269839 -4.719747 -0.963675 -8.882728 -13.615999 -1.370730 10.529645
22.709501 4.220084 -33.988554 8.434609 -4.867089 -0.991366 -8.541249 -13.852218 -1.372038 10.365706
22.640968 4.285507 -33.983203 8.459725 -4.952324 -0.941395 -8.544665 -13.930096 -1.322568 10.464092
22.477790 4.452368 -33.960350 8.547516 -5.163805 -0.804196 -8.597512 -14.104589 -1.233323 10.747162
22.187583 4.665605 -33.892399 8.565254 -5.379275 -0.632619 -8.512501 -14.330882 -1.053433 11.115726
21.647438 4.957916 -33.742288 8.455841 -5.664554 -0.427170 -8.291118 -14.664769 -0.737915 11.634847
20.930695 5.437870 -33.435156 8.397288 -6.269961 -0.014737 -8.016996 -15.347034 -0.140722 12.488488
19.943721 6.017022 -33.062492 8.239875 -6.819351 0.375071 -7.722057 -15.976579 0.498021 13.511972
18.703393 6.643628 -32.784985 8.011832 -7.268924 0.717830 -7.285577 -16.496293 1.107271 14.760293
17.393553 7.198347 -32.319623 7.730847 -7.831640 1.244158 -7.205077 -17.074513 1.585697 15.946810
16.091303 7.789973 -31.802737 7.519304 -8.406131 1.756412 -7.153534 -17.642864 2.063780 17.207764
14.826574 8.372536 -31.245298 7.308869 -9.048561 2.338832 -7.186996 -18.269434 2.549763 18.416508
13.485315 8.921223 -30.642608 6.859521 -9.391654 2.829696 -7.055459 -18.675797 3.024303 19.596150
12.229893 9.449903 -30.165943 6.488502 -9.600503 3.194242 -6.888518 -18.970042 3.508867 20.673253
10.882487 10.001713 -29.651807 5.991982 -9.760252 3.492941 -6.536929 -19.287415 4.118046 21.807583
9.438401 10.580857 -28.974560 5.372993 -9.925984 3.845855 -6.295226 -19.595429 4.833151 22.873433
8.227570 11.063791 -28.331088 4.850551 -9.972521 4.217719 -6.242640 -19.771266 5.375077 23.725126
7.284323 11.401532 -27.784855 4.366860 -9.898646 4.525469 -6.228546 -19.868340 5.763317 24.228225
6.474514 11.652549 -27.252572 3.859666 -9.801670 4.778680 -6.206298 -19.937770 6.099326 24.586987
5.835222 11.844129 -26.761229 3.410954 -9.725056 4.999703 -6.204004 -19.986478 6.383075 24.852368
5.448283 11.960010 -26.435164 3.119048 -9.679800 5.139424 -6.188387 -20.016203 6.571881 25.012775
5.314412 12.001179 -26.321208 3.010864 -9.668232 5.178683 -6.167932 -20.033788 6.646260 25.065196
5.241306 12.031158 -26.237225 2.956187 -9.681567 5.220131 -6.168766 -20.062786 6.703821 25.100188
5.050920 12.114931 -25.984619 2.792871 -9.704784 5.313219 -6.189122 -20.108199 6.857686 25.187702
4.738920 12.231398 -25.597916 2.522991 -9.708270 5.467959 -6.205306 -20.175282 7.090620 25.294266
4.255129 12.395588 -25.122786 2.158035 -9.684690 5.630713 -6.316834 -20.211324 7.339544 25.455662
3.561943 12.605593 -24.572172 1.654134 -9.578395 5.757605 -6.421292 -20.177730 7.600724 25.698066
2.843485 12.772439 -23.849564 0.996197 -9.458621 5.948041 -6.603764 -20.172634 7.925888 25.784412
1.936233 12.959899 -22.888965 0.143550 -9.335725 6.272162 -6.818053 -20.247545 8.452974 25.818287
0.971606 13.190926 -22.035307 -0.642541 -9.111296 6.536156 -7.051331 -20.165857 8.914114 25.944836
-0.171683 13.438766 -21.247881 -1.487819 -8.829784 6.778386 -7.410258 -20.007929 9.279553 26.019027
