20.550723 2.069904 -6.273583 -16.508107 3.166233 4.690016 12.020139 -10.600916 30.983294 5.701545
20.242144 1.428378 -7.661503 -16.884253 4.200051 3.787104 12.978858 -8.850134 31.029730 5.146774
19.451178 0.908711 -9.487869 -17.070097 5.370547 2.896780 13.602355 -7.165245 30.872501 4.338170
18.644000 0.576839 -11.087995 -17.047801 6.372930 2.201328 13.696714 -5.815752 30.594893 3.637772
17.747895 0.283190 -13.077223 -16.760065 7.645586 1.244838 13.561508 -4.499818 30.174844 2.939453
15.688860 0.897166 -15.454926 -17.419016 8.965122 -0.435571 14.756367 -3.867998 28.506008 4.168702
14.616755 0.970363 -17.608085 -16.930204 10.219234 -1.363033 14.874266 -2.850316 27.758643 3.978087
13.702323 0.683298 -19.357369 -16.882028 11.980691 -2.650915 14.804706 -1.774653 26.520615 3.375540
12.804308 0.477466 -20.616123 -17.206249 13.473638 -3.807707 14.692695 -1.079394 25.405990 2.525456
12.569452 0.180440 -21.550398 -17.224548 15.177703 -4.950463 14.487485 -0.534107 23.930986 1.461796
12.065570 -0.086817 -22.583391 -17.322987 16.392810 -6.037803 14.663744 -0.331693 22.268548 0.946003
12.106340 -0.673015 -23.228926 -17.663868 17.972017 -7.182130 14.749881 -0.322316 20.151912 0.232114
11.927908 -1.237244 -24.132932 -18.038251 19.233647 -8.258430 14.996986 -0.587615 17.954280 -0.039666
11.971445 -1.617295 -25.149573 -18.135218 20.613509 -9.348350 15.325536 -0.863119 15.647643 -0.245545
11.979795 -1.941759 -26.386112 -18.063031 21.797372 -10.408463 15.574848 -0.931400 13.605234 -0.459990
11.903553 -2.305092 -27.585266 -18.064504 22.720295 -11.402123 15.840374 -0.902120 11.702535 -0.614929
11.253038 -2.320767 -28.532105 -18.129543 23.379414 -12.249184 15.739274 -1.088023 9.958041 -0.532725
10.084532 -2.206063 -29.505453 -18.175232 23.587719 -12.762350 15.698666 -0.952100 8.888872 -0.128730
8.618071 -2.060120 -30.387364 -18.399766 23.806398 -13.211384 15.558054 -0.690075 7.889288 0.359640
7.344027 -2.070877 -31.183226 -18.714070 23.835721 -13.672567 15.221992 -0.183518 7.003856 0.792070
6.232437 -2.023922 -31.865069 -18.932421 23.823340 -14.050805 14.803300 0.245266 6.186912 1.116119
5.353228 -2.137457 -32.596369 -19.121191 23.813214 -14.399586 14.590043 0.567939 5.333328 1.301103
4.435541 -2.155306 -33.402268 -19.143813 23.688084 -14.786608 14.410104 0.789044 4.388573 1.713922
3.728802 -2.137727 -34.227257 -18.997734 23.566415 -15.077033 14.311288 0.965444 3.519580 2.169691
3.225237 -2.118947 -34.824658 -18.802925 23.373725 -15.210250 14.067379 1.092216 2.907555 2.476618
2.819735 -2.176650 -35.359117 -18.599708 23.185198 -15.332458 13.662413 1.300224 2.404573 2.576343
2.510087 -2.265729 -35.763457 -18.438149 23.040656 -15.353470 13.173696 1.542289 1.958239 2.562548
2.267565 -2.346313 -36.049281 -18.302903 22.904491 -15.314738 12.797120 1.687950 1.546243 2.611516
2.088707 -2.363623 -36.215255 -18.193287 22.769727 -15.255859 12.585457 1.709190 1.289965 2.697958
1.996346 -2.352154 -36.285091 -18.133974 22.677744 -15.216715 12.482180 1.705352 1.182836 2.751456
1.942778 -2.347022 -36.323445 -18.119964 22.643537 -15.206705 12.450702 1.698613 1.145682 2.777113
1.912261 -2.369797 -36.317768 -18.140992 22.588663 -15.155924 12.509035 1.619944 1.137906 2.801084
1.745679 -2.434785 -36.312392 -18.271194 22.421158 -15.040692 12.713990 1.415801 1.108229 2.937323
1.435446 -2.521286 -36.265092 -18.447800 22.083282 -14.772596 13.008146 1.004524 1.095651 3.142904
0.975838 -2.599582 -36.218124 -18.734259 21.690656 -14.527647 13.448119 0.436383 1.036965 3.472116
0.435316 -2.720337 -36.177467 -19.071965 21.178582 -14.236402 13.911427 -0.215578 0.933246 3.866656
-0.297411 -2.843046 -36.190289 -19.504048 20.514591 -13.972739 14.311558 -0.983733 0.782573 4.295935
-1.201378 -2.912966 -36.060534 -20.030647 19.726475 -13.614341 14.661740 -1.983995 0.573590 4.771276
-1.956317 -2.984499 -35.811219 -20.585140 18.769144 -13.281801 15.073086 -3.121662 0.422248 5.399546
-2.893904 -3.035813 -35.422010 -21.315421 17.714595 -12.982107 15.495458 -4.362762 0.216928 6.238476
-3.846082 -2.883942 -34.924192 -21.921250 16.656924 -12.630628 15.956608 -5.657488 0.246210 7.185995
-4.531951 -2.772386 -34.512532 -22.313387 15.697315 -12.312625 16.157526 -6.732313 0.284366 7.874965
-5.145092 -2.687315 -33.984455 -22.705488 14.694744 -11.838461 16.580936 -7.839929 0.398350 8.643446
-5.677230 -2.562186 -33.406210 -23.049567 13.796647 -11.377765 17.067630 -8.834942 0.621741 9.463377
-5.714389 -2.530322 -33.110128 -23.096100 13.145976 -11.130986 17.427308 -9.528910 0.543072 10.042739
-5.887666 -2.459878 -32.857946 -23.176726 12.581994 -10.851128 17.677234 -10.259415 0.439998 10.528362
-5.863449 -2.419190 -32.589430 -23.215993 12.223489 -10.619146 17.864746 -10.797591 0.437243 10.814651
-5.570227 -2.467116 -32.400392 -23.139495 11.949128 -10.413017 18.005241 -11.162794 0.474536 10.921532
-5.327194 -2.483592 -32.199522 -23.120488 11.784128 -10.279463 18.134574 -11.396505 0.563976 11.036139
-5.138069 -2.494301 -32.044317 -23.072615 11.702923 -10.147244 18.165870 -11.547087 0.645269 11.046792
-5.083342 -2.500496 -31.988935 -23.066691 11.665748 -10.099806 18.174964 -11.609559 0.674622 11.041975
-5.033245 -2.582558 -31.698241 -23.220041 11.693590 -9.904863 18.046936 -11.684725 0.845287 10.759841
-4.604550 -2.873010 -31.069944 -23.530929 12.058559 -9.438064 17.825985 -11.648802 1.381448 9.720486
-3.157677 -3.315355 -29.676979 -23.594037 12.625156 -8.499912 16.830247 -11.170880 2.606614 7.792991
-0.579155 -4.052397 -28.330897 -23.331039 13.442659 -7.636133 15.976600 -10.285991 3.794275 5.460039
2.214767 -5.030807 -27.015228 -22.956929 14.122853 -6.433171 14.658574 -8.710086 5.692296 2.694673
3.697082 -5.992314 -25.054743 -23.262644 15.472086 -4.744254 12.368261 -5.683070 8.028027 -0.559853
5.383659 -7.386686 -22.257732 -22.650650 16.100850 -1.232363 8.125022 -0.992835 13.269583 -5.283206
5.443057 -6.933801 -17.997487 -22.862299 16.127338 1.844110 3.395815 2.785944 17.680798 -6.851097
5.556995 -6.770307 -14.019786 -24.005900 15.452709 3.699882 -1.619332 5.860168 19.626370 -7.437571
7.892683 -6.363182 -12.537584 -21.805379 11.187557 4.819305 -8.317920 9.514323 21.218821 -6.422954
10.719870 -6.602605 -12.850081 -19.478438 7.044653 5.591245 -9.708994 10.162194 22.829684 -4.623704
15.064183 -7.087324 -11.824260 -17.848670 3.996723 5.802205 -11.616258 10.325402 21.478010 -2.591780
19.121978 -8.095857 -12.337192 -14.950931 1.996736 7.013988 -13.838497 10.380474 18.469656 -0.569857
22.719792 -9.231918 -13.157438 -12.579918 -0.555620 7.791049 -14.553824 9.388315 15.255583 0.618607
27.247535 -11.193050 -13.103861 -11.676751 -1.811262 8.379697 -14.201720 9.549957 12.298291 2.872107
30.011543 -11.778275 -15.221783 -10.550452 -1.620603 7.361055 -11.205347 10.453154 10.183550 5.079492
32.828147 -12.124626 -17.811727 -9.218243 -0.965085 5.718104 -6.919530 11.274366 8.688717 7.184279
33.607272 -12.688443 -19.038289 -9.454902 -0.843049 4.299594 -3.532875 11.817542 7.475532 9.018241
33.965894 -13.168728 -19.224267 -9.984544 -0.685590 3.541158 -1.998876 11.559230 6.731634 9.508248
33.810014 -13.235408 -19.135741 -10.260210 -0.773423 3.378042 -1.640082 11.333994 6.342099 9.766365
33.909836 -13.252533 -19.113802 -10.249919 -0.847895 3.383078 -1.641924 11.365251 6.360990 9.858731
34.069091 -13.291960 -19.059685 -10.311373 -0.988132 3.398447 -1.660887 11.483140 6.349994 10.091095
34.162594 -13.244911 -18.743067 -10.453826 -1.377261 3.661410 -1.894496 11.491250 6.362460 10.582240
34.106498 -13.220678 -18.163992 -10.744165 -1.918787 3.957340 -2.402674 11.456629 6.212108 11.050838
33.696785 -13.023621 -17.530125 -11.001811 -2.568181 4.445374 -3.146933 11.356112 6.150397 11.595259
33.324221 -13.184948 -16.340559 -11.722331 -3.510850 5.177485 -4.222892 11.046292 6.141925 11.829487
32.484611 -13.463662 -15.157735 -12.820408 -4.777997 5.830617 -5.240350 10.846266 5.896952 12.398059
31.688141 -13.884331 -13.608389 -13.917353 -5.986939 6.880768 -6.474008 10.718865 6.038319 12.425130
30.698468 -14.369143 -12.504074 -14.839629 -7.351083 7.619746 -7.618235 10.270478 5.731780 12.528065
29.663566 -14.701023 -11.511092 -15.732434 -8.638396 8.242111 -8.576243 9.694572 5.569666 12.640368
28.885530 -15.203142 -10.359134 -16.761034 -9.742599 8.806078 -9.049396 9.237875 5.463616 13.121320
28.115878 -15.704726 -9.406632 -17.788771 -10.550191 9.026297 -9.290230 8.814716 5.121842 13.446280
27.596633 -16.209035 -8.529796 -18.597504 -11.196218 9.184934 -9.661250 8.650048 4.661683 13.924168
26.966049 -16.512532 -7.853717 -19.167686 -11.728981 9.307114 -9.903808 8.274175 4.100636 14.573261
26.394591 -16.796558 -7.199277 -19.678623 -12.307746 9.462424 -10.094373 7.802592 3.498287 15.143730
26.104471 -17.064725 -6.592839 -20.064844 -12.629462 9.576441 -10.351019 7.645665 3.072389 15.501078
25.685499 -17.192872 -6.240398 -20.361117 -12.788149 9.618577 -10.277093 7.403216 2.859597 15.793329
25.252669 -17.190245 -6.092682 -20.575185 -12.858503 9.542394 -10.119030 7.082257 2.669484 15.992351
24.925927 -17.092565 -6.063735 -20.658671 -12.890158 9.474548 -10.015851 6.820386 2.614085 16.034525
24.813557 -17.021998 -6.095067 -20.642214 -12.883561 9.452588 -9.996866 6.740094 2.592693 16.032946
