-5.414851 -0.375072 1.663480 -25.304530 -2.889995 15.958019 -37.565211 -10.351612 0.364093 -10.616850
-5.414851 -0.375072 1.663480 -25.304530 -2.889995 15.958019 -37.565211 -10.351612 0.364093 -10.616850
-5.414851 -0.375072 1.663480 -25.304530 -2.889995 15.958019 -37.565211 -10.351612 0.364093 -10.616850
-5.414851 -0.375072 1.663480 -25.304530 -2.889995 15.958019 -37.565211 -10.351612 0.364093 -10.616850
-5.414851 -0.375072 1.663480 -25.304530 -2.889995 15.958019 -37.565211 -10.351612 0.364093 -10.616850
-5.499847 0.549566 3.258781 -27.306223 -2.414926 16.557274 -35.919069 -11.912248 -1.038028 -9.067146
-5.572271 0.654201 3.303133 -27.315590 -2.326947 16.563559 -35.906827 -12.043337 -1.111433 -9.035316
-5.562917 0.657047 3.304825 -27.301386 -2.334988 16.549652 -35.904250 -12.072691 -1.094288 -9.036138
-5.560888 0.656868 3.304295 -27.299264 -2.333747 16.546454 -35.902236 -12.078250 -1.092626 -9.039569
-5.559259 0.655543 3.304753 -27.298624 -2.337584 16.545448 -35.901709 -12.078484 -1.090769 -9.038411
-5.557399 0.655602 3.305832 -27.298355 -2.336763 16.546069 -35.901883 -12.078508 -1.090839 -9.037900
-5.557935 0.654486 3.306206 -27.298978 -2.340060 16.545846 -35.902687 -12.077455 -1.089328 -9.036924
-5.556325 0.653633 3.305893 -27.298583 -2.341850 16.546236 -35.902336 -12.077937 -1.088517 -9.036822
-5.556490 0.652749 3.306051 -27.299072 -2.344308 16.545283 -35.902783 -12.079220 -1.088499 -9.037147
-5.556302 0.650960 3.303481 -27.299102 -2.347245 16.543390 -35.902375 -12.077310 -1.087277 -9.036948
-5.554027 0.650821 3.303994 -27.296718 -2.348888 16.547005 -35.902004 -12.075116 -1.085368 -9.037340
-5.553579 0.651353 3.304642 -27.296457 -2.349374 16.545915 -35.901971 -12.076513 -1.084688 -9.036746
-5.551716 0.651530 3.305918 -27.296782 -2.348927 16.545905 -35.900931 -12.076840 -1.083994 -9.036686
-5.550730 0.651258 3.305560 -27.294918 -2.348801 16.545738 -35.901756 -12.076851 -1.082344 -9.038539
-5.551012 0.652086 3.304766 -27.294130 -2.347123 16.546100 -35.901615 -12.077666 -1.082647 -9.038775
-5.549938 0.652641 3.304570 -27.293879 -2.346787 16.545102 -35.900841 -12.076011 -1.081693 -9.038213
-5.549758 0.652283 3.304352 -27.293582 -2.347276 16.546107 -35.900130 -12.075878 -1.080304 -9.039423
-5.547558 0.651624 3.305509 -27.292003 -2.346051 16.547816 -35.902186 -12.072125 -1.081670 -9.039493
-5.547146 0.651768 3.306268 -27.291603 -2.348571 16.548064 -35.901248 -12.072699 -1.079314 -9.038980
-5.546775 0.651515 3.306359 -27.292181 -2.348381 16.548912 -35.900144 -12.072553 -1.079276 -9.038740
-5.544805 0.649704 3.306330 -27.292169 -2.351252 16.549490 -35.900013 -12.070773 -1.077678 -9.038658
-5.543820 0.647179 3.305550 -27.292928 -2.353900 16.551226 -35.900393 -12.066968 -1.077980 -9.038340
-5.543284 0.646012 3.303387 -27.292057 -2.355429 16.548575 -35.899755 -12.065539 -1.077884 -9.037377
-5.542658 0.645190 3.304384 -27.292385 -2.357441 16.550456 -35.900113 -12.065372 -1.077236 -9.037434
-5.542492 0.644282 3.303285 -27.291782 -2.357785 16.549651 -35.901246 -12.063449 -1.076709 -9.038769
-5.544700 0.643980 3.302349 -27.292472 -2.360774 16.550524 -35.900837 -12.064142 -1.074735 -9.038774
-5.401385 0.622130 3.144829 -27.122417 -2.394383 16.425514 -35.931446 -12.121833 -1.031792 -8.919029
-4.912076 0.574354 2.620169 -26.527720 -2.477689 16.050110 -35.957569 -12.270747 -0.862649 -8.536048
-4.077582 0.550170 1.619712 -25.432480 -2.605748 15.303578 -35.850642 -12.502965 -0.542081 -7.744336
-3.033054 0.541444 0.394413 -24.041060 -2.834256 14.385920 -35.635123 -12.788933 -0.156690 -6.751893
-2.012709 0.594618 -0.882181 -22.607723 -3.123836 13.437646 -35.107460 -13.077993 0.346092 -5.683418
-1.212667 0.685138 -1.784188 -21.384426 -3.448564 12.866350 -34.826609 -13.304600 0.757631 -4.886212
-0.483152 0.721810 -2.628148 -20.325895 -3.744838 12.365885 -34.630548 -13.508721 1.095147 -4.296375
0.240792 0.787508 -3.524200 -19.187087 -4.028460 11.825460 -34.294246 -13.712939 1.424932 -3.658524
1.099486 0.762808 -4.448283 -18.073371 -4.190999 11.483912 -33.823489 -13.854219 1.782032 -3.217582
1.750817 0.933719 -5.359980 -16.874925 -4.305498 11.255802 -33.099516 -13.905666 2.181649 -2.627815
2.422915 1.134458 -6.203283 -15.776914 -4.503873 11.219827 -32.388682 -14.003104 2.666576 -2.245600
2.772527 1.413042 -6.707079 -14.969336 -4.471308 11.397397 -31.680904 -13.979280 3.195966 -1.769374
2.990699 1.789376 -7.222823 -14.217113 -4.478774 11.570180 -31.068068 -14.080214 3.783552 -1.216601
3.159203 2.179560 -7.665232 -13.491732 -4.550510 11.863378 -30.665803 -14.167655 4.273919 -0.680415
3.228537 2.563257 -8.097213 -12.836105 -4.585801 12.074563 -30.185549 -14.249356 4.768246 -0.043058
3.218096 2.847845 -8.390906 -12.415416 -4.558994 12.227796 -29.786598 -14.302413 5.148426 0.468648
3.209523 3.110731 -8.612254 -12.040448 -4.509007 12.296837 -29.514688 -14.259081 5.412411 0.882301
3.232428 3.291356 -8.889143 -11.723426 -4.430646 12.306123 -29.208832 -14.162389 5.561495 1.213461
3.247557 3.405606 -9.104824 -11.508228 -4.396411 12.309579 -28.991264 -14.105492 5.634441 1.461550
3.265248 3.436335 -9.179983 -11.432301 -4.369359 12.312792 -28.912318 -14.076404 5.651824 1.528206
3.134599 3.539860 -9.187965 -11.372357 -4.389881 12.375379 -28.986906 -14.080954 5.733631 1.620730
2.831931 3.824484 -9.331664 -11.141308 -4.420584 12.410004 -28.910244 -14.088748 5.886552 2.092659
2.608786 4.216292 -9.811605 -10.710376 -4.373625 12.545979 -28.666024 -14.133266 6.032194 2.838108
1.727544 5.011414 -10.404888 -10.162189 -4.406663 12.679187 -27.998473 -14.204384 6.414974 4.369564
0.976447 5.780780 -10.889804 -9.627307 -4.585267 12.707054 -27.469200 -14.455930 6.383545 6.228319
0.726395 6.576873 -11.147615 -8.530887 -4.219416 13.820371 -27.390361 -13.891118 5.179222 8.643495
0.280498 7.406103 -11.950771 -7.159338 -3.942892 14.278097 -27.667496 -13.346109 4.055477 11.394289
0.159959 8.174909 -13.786428 -5.544839 -3.735520 13.801999 -27.412942 -12.535589 3.311734 13.184579
-0.902485 9.514602 -15.675744 -4.102294 -3.087342 13.069008 -27.308816 -11.004018 3.544596 14.467347
-0.897110 10.796248 -18.185437 -2.184811 -2.668886 11.780504 -26.769506 -9.793538 3.917569 15.186349
-0.253849 11.136198 -20.389960 -0.972919 -3.019509 10.524198 -23.249844 -10.793804 4.626861 16.592412
1.917417 10.623944 -22.554028 0.404268 -3.413169 9.883329 -20.188067 -11.826811 3.563070 17.624972
5.010806 9.933911 -25.597110 2.297845 -3.111594 7.846081 -17.281002 -11.888506 2.889607 17.777622
7.945849 8.684222 -27.695862 3.282408 -2.688544 6.256309 -14.883438 -11.915996 2.410104 16.645348
10.898649 7.850986 -29.849305 5.173594 -2.800898 5.034879 -13.792736 -11.945850 1.924926 15.384028
13.570104 7.073113 -31.319858 6.649447 -2.989344 4.032080 -13.042177 -11.844588 1.802000 14.002099
17.058483 5.635733 -32.358209 7.655652 -2.891370 3.548459 -11.277379 -12.062328 1.262721 12.098924
20.019024 4.436451 -33.116319 8.548473 -2.970635 3.212157 -9.419400 -12.553776 0.800802 11.058268
21.156540 3.814892 -33.542281 8.755769 -3.038203 3.143492 -7.983433 -13.013508 0.530725 10.782162
21.512662 3.635897 -33.616474 8.840507 -3.180362 3.160599 -7.649943 -13.255658 0.462015 10.670576
21.442590 3.696188 -33.598186 8.864851 -3.271728 3.219283 -7.668029 -13.330655 0.509526 10.773877
21.296691 3.847082 -33.575625 8.955004 -3.474111 3.340835 -7.722672 -13.485337 0.608166 11.039485
20.985870 4.046385 -33.515610 8.978527 -3.681358 3.523501 -7.665979 -13.696893 0.789210 11.401502
20.403721 4.338590 -33.355620 8.880151 -3.967855 3.758298 -7.499588 -14.023755 1.105555 11.935009
19.670746 4.793345 -33.049429 8.830877 -4.577072 4.160933 -7.304280 -14.685029 1.695748 12.791843
18.628975 5.282933 -32.717879 8.581521 -5.105442 4.591961 -7.030993 -15.256055 2.285946 13.714262
17.450359 5.848319 -32.437764 8.355258 -5.602188 4.996971 -6.598755 -15.813907 2.893648 14.894967
16.150357 6.426401 -31.975425 8.029160 -6.175519 5.487348 -6.426548 -16.420602 3.417000 16.108681
14.885261 7.045925 -31.452980 7.753108 -6.758559 5.936900 -6.250264 -17.025372 3.945891 17.408727
13.688567 7.678753 -30.888417 7.525601 -7.367127 6.455370 -6.318733 -17.586134 4.465143 18.589627
12.387448 8.269426 -30.253343 7.066994 -7.659097 6.895856 -6.274611 -17.907192 4.988982 19.720915
11.115520 8.812220 -29.752609 6.671251 -7.810263 7.259145 -6.174715 -18.127939 5.541381 20.695592
9.729184 9.343648 -29.214814 6.118236 -7.919411 7.567947 -5.770073 -18.415216 6.193394 21.787460
8.218638 9.915383 -28.461852 5.429083 -8.065226 7.943940 -5.540147 -18.720936 6.906996 22.871114
7.017622 10.382617 -27.774677 4.830519 -8.050944 8.261670 -5.447111 -18.865520 7.418198 23.757047
6.100498 10.715180 -27.212148 4.300218 -7.940151 8.523445 -5.402801 -18.935924 7.785569 24.280390
5.321062 10.961848 -26.665631 3.781363 -7.833462 8.749613 -5.399101 -18.995549 8.105781 24.643892
4.732814 11.138331 -26.196721 3.344563 -7.745819 8.926299 -5.399422 -19.025963 8.371769 24.894972
4.362073 11.244652 -25.890572 3.052620 -7.699156 9.035820 -5.388201 -19.045162 8.545084 25.050057
4.234867 11.285458 -25.787489 2.950195 -7.687655 9.061165 -5.372060 -19.059328 8.617381 25.099000
4.167894 11.316402 -25.706514 2.902902 -7.703850 9.101290 -5.384989 -19.086124 8.675315 25.128011
3.982460 11.402753 -25.461788 2.761831 -7.733762 9.197488 -5.462755 -19.126435 8.829738 25.186670
3.680189 11.518008 -25.080576 2.522084 -7.757094 9.353908 -5.577011 -19.194148 9.044979 25.262887
3.228867 11.682287 -24.595800 2.206596 -7.739575 9.528282 -5.826633 -19.216893 9.278391 25.372984
2.569276 11.893877 -24.008722 1.754191 -7.650242 9.679707 -6.029680 -19.220016 9.548166 25.618284
1.846971 12.069804 -23.258048 1.159297 -7.547232 9.937488 -6.359612 -19.245154 9.870269 25.705333
1.012072 12.245029 -22.300710 0.409889 -7.440181 10.301719 -6.787482 -19.299760 10.345849 25.684387
0.117623 12.442667 -21.496148 -0.288434 -7.250145 10.577325 -7.141951 -19.227745 10.727278 25.782951
-0.867192 12.639916 -20.784690 -1.009087 -7.000739 10.815038 -7.590835 -19.067534 11.033837 25.787069
