-7.361767 -0.862215 0.801693 -25.031026 -3.779919 14.100856 -39.337264 -9.770593 1.008342 -11.592145
-7.361767 -0.862215 0.801693 -25.031026 -3.779919 14.100856 -39.337264 -9.770593 1.008342 -11.592145
-7.361767 -0.862215 0.801693 -25.031026 -3.779919 14.100856 -39.337264 -9.770593 1.008342 -11.592145
-7.361767 -0.862215 0.801693 -25.031026 -3.779919 14.100856 -39.337264 -9.770593 1.008342 -11.592145
-7.361767 -0.862215 0.801693 -25.031026 -3.779919 14.100856 -39.337264 -9.770593 1.008342 -11.592145
-7.101301 0.131512 2.556488 -27.307999 -3.081578 14.194330 -37.726239 -11.428439 -0.804530 -10.002787
-7.026754 0.184754 2.684155 -27.389357 -3.046395 14.174509 -37.662075 -11.502670 -0.857384 -9.928767
-7.033988 0.189867 2.679019 -27.372339 -3.052302 14.150172 -37.676712 -11.536372 -0.847382 -9.937066
-7.036589 0.192680 2.679278 -27.370174 -3.049869 14.147220 -37.677059 -11.543741 -0.847912 -9.938337
-7.036365 0.192552 2.678080 -27.368099 -3.051579 14.147149 -37.676574 -11.544609 -0.846935 -9.937422
-7.035644 0.192305 2.678567 -27.367825 -3.051339 14.147699 -37.677077 -11.545845 -0.846497 -9.938491
-7.035482 0.191347 2.678864 -27.367715 -3.053465 14.147506 -37.677967 -11.544603 -0.844935 -9.938404
-7.035650 0.190568 2.677921 -27.367625 -3.053607 14.146163 -37.678050 -11.545016 -0.845536 -9.939121
-7.036048 0.190510 2.678013 -27.367378 -3.055346 14.145794 -37.679549 -11.546904 -0.845243 -9.939751
-7.037328 0.189795 2.674989 -27.365775 -3.057346 14.145470 -37.679189 -11.545751 -0.844253 -9.940361
-7.037618 0.188456 2.672804 -27.363594 -3.059255 14.147963 -37.680834 -11.541186 -0.841004 -9.941626
-7.036986 0.187660 2.673263 -27.363786 -3.059573 14.146819 -37.681424 -11.542532 -0.840873 -9.942016
-7.036249 0.188306 2.674248 -27.364141 -3.058782 14.145969 -37.680656 -11.544235 -0.841425 -9.941963
-7.036006 0.188841 2.674458 -27.363768 -3.057256 14.145574 -37.681132 -11.545752 -0.842938 -9.942582
-7.035322 0.189557 2.674178 -27.362820 -3.055170 14.145375 -37.680260 -11.547371 -0.844468 -9.942253
-7.036688 0.189781 2.671899 -27.360816 -3.056463 14.144470 -37.679712 -11.547600 -0.842437 -9.942814
-7.037482 0.189846 2.671754 -27.360500 -3.056067 14.145492 -37.679001 -11.547516 -0.841794 -9.943412
-7.036090 0.189897 2.672348 -27.359428 -3.055598 14.145485 -37.679443 -11.546793 -0.843050 -9.943700
-7.035566 0.189622 2.671763 -27.357948 -3.057746 14.145127 -37.680177 -11.546902 -0.841708 -9.942941
-7.036246 0.190102 2.671171 -27.356549 -3.058115 14.146820 -37.679847 -11.548658 -0.841044 -9.943417
-7.036606 0.189303 2.669683 -27.355866 -3.060769 14.147204 -37.680698 -11.546696 -0.839620 -9.942775
-7.036746 0.187870 2.669543 -27.355547 -3.062985 14.148876 -37.681268 -11.544269 -0.837809 -9.942984
-7.038426 0.186125 2.666329 -27.355424 -3.064659 14.148567 -37.681145 -11.539815 -0.836136 -9.943987
-7.038809 0.186522 2.666035 -27.354578 -3.065424 14.149100 -37.681628 -11.540554 -0.836440 -9.943673
-7.039675 0.186850 2.665586 -27.354628 -3.063551 14.148232 -37.681825 -11.541649 -0.837010 -9.945171
-7.041108 0.186524 2.663812 -27.353358 -3.064483 14.150189 -37.682780 -11.540978 -0.835065 -9.947009
-6.905794 0.165910 2.502968 -27.180203 -3.099329 14.025001 -37.712402 -11.592557 -0.789636 -9.823612
-6.431530 0.125945 1.971975 -26.579230 -3.173872 13.649854 -37.715223 -11.727115 -0.609985 -9.433997
-5.612677 0.113876 0.970778 -25.475826 -3.300578 12.892823 -37.597743 -11.948246 -0.275372 -8.621801
-4.576318 0.107177 -0.296795 -24.058835 -3.522317 11.963277 -37.346734 -12.207827 0.130058 -7.606003
-3.561611 0.145656 -1.625431 -22.613148 -3.780685 11.028106 -36.755472 -12.461740 0.630072 -6.563453
-2.743825 0.214852 -2.583406 -21.374966 -4.123502 10.412121 -36.435417 -12.705639 1.036745 -5.771522
-1.991979 0.233296 -3.481688 -20.308341 -4.425333 9.882553 -36.211611 -12.947673 1.346554 -5.192174
-1.267155 0.311365 -4.439005 -19.149934 -4.688031 9.372462 -35.842293 -13.184988 1.653840 -4.581304
-0.440800 0.300644 -5.422969 -18.024246 -4.871306 9.014911 -35.299744 -13.424018 2.023307 -4.148320
0.155493 0.428186 -6.255480 -16.936416 -4.965751 8.885987 -34.570033 -13.514932 2.393327 -3.701377
0.805516 0.576106 -6.995208 -15.979163 -5.141364 8.966408 -33.776540 -13.702799 2.848264 -3.474660
1.213509 0.813294 -7.442206 -15.230120 -5.139343 9.209783 -32.973143 -13.802869 3.378509 -3.085738
1.511303 1.166754 -7.925991 -14.518611 -5.129471 9.430987 -32.249962 -13.996509 3.942036 -2.565155
1.742690 1.524716 -8.353168 -13.809111 -5.229790 9.755877 -31.814707 -14.184454 4.413858 -2.118530
1.881428 1.859348 -8.793205 -13.162557 -5.265940 10.000001 -31.328231 -14.313611 4.880417 -1.580585
1.903336 2.112599 -9.141547 -12.704935 -5.246295 10.221331 -30.932397 -14.384707 5.247020 -1.150537
1.923019 2.342027 -9.407722 -12.297009 -5.206636 10.347862 -30.650640 -14.363173 5.490834 -0.803817
1.976756 2.497352 -9.725338 -11.948915 -5.144034 10.391102 -30.329120 -14.285897 5.630354 -0.516000
2.015170 2.606562 -9.979628 -11.700150 -5.126572 10.392860 -30.097365 -14.238663 5.704290 -0.266576
2.040723 2.632634 -10.064367 -11.617744 -5.102353 10.397777 -30.014440 -14.211062 5.721663 -0.204497
1.918350 2.726716 -10.101947 -11.545499 -5.112597 10.476628 -30.055109 -14.217194 5.808531 -0.132915
1.590769 3.004362 -10.262123 -11.329413 -5.175670 10.476948 -29.983469 -14.246111 5.942244 0.306105
1.350366 3.403393 -10.803799 -10.901601 -5.167035 10.542223 -29.732992 -14.314133 6.080445 1.014013
0.502809 4.190695 -11.520204 -10.229216 -5.196934 10.685721 -29.117726 -14.285937 6.431834 2.546155
-0.201108 4.925148 -12.083202 -9.578784 -5.359638 10.797857 -28.610827 -14.406686 6.353426 4.466726
-0.347869 5.616886 -12.105149 -8.611213 -4.947276 12.174057 -28.584256 -13.888515 5.128636 6.713945
-0.907220 6.325928 -12.926426 -7.472871 -4.871121 12.637477 -28.696676 -13.693812 4.042126 9.201679
-1.105170 7.154572 -14.929915 -5.989255 -4.449430 12.131486 -27.820004 -13.032171 3.466642 10.833071
-2.248765 8.707464 -17.297313 -4.346279 -3.660397 11.350223 -27.366408 -11.834875 3.742088 11.933593
-1.898306 9.745409 -19.814971 -2.589187 -2.720083 10.113383 -26.637072 -10.369554 3.900536 12.330703
-1.109258 9.923400 -22.224719 -1.212005 -3.509073 8.893046 -23.130773 -11.646672 4.588589 13.405345
1.491200 9.109342 -24.273576 -0.041766 -4.127666 8.197165 -20.020882 -13.063514 3.349269 14.102896
4.689119 8.393720 -26.955070 1.440985 -3.366071 6.254054 -17.198301 -12.949176 2.558784 14.143526
7.888749 7.101894 -28.846136 2.531721 -3.171598 4.844728 -14.838064 -13.095553 2.010100 13.319028
11.273479 5.999868 -30.776631 4.265241 -3.112227 3.592455 -13.516248 -12.879553 1.397109 12.194194
14.062652 5.251553 -32.198060 5.762137 -3.096830 2.649695 -12.799198 -12.597254 1.002014 11.267098
17.527317 3.833356 -33.029586 6.728057 -3.101931 2.384958 -11.186805 -12.702028 0.280285 9.890964
20.365674 2.714244 -33.722518 7.558063 -3.227645 2.032933 -9.249570 -13.215108 -0.076553 9.050197
21.645944 2.013800 -34.124038 7.772882 -3.435057 1.886011 -7.784027 -13.663550 -0.364328 8.878269
22.055620 1.813615 -34.219193 7.861501 -3.578483 1.864263 -7.385211 -13.889647 -0.414326 8.797679
21.974377 1.878747 -34.204713 7.883133 -3.670710 1.914596 -7.399243 -13.968164 -0.356800 8.894245
21.810004 2.041523 -34.184274 7.972373 -3.885871 2.028222 -7.446460 -14.131309 -0.245492 9.169210
21.473402 2.264785 -34.126015 7.991452 -4.097482 2.197447 -7.375108 -14.339661 -0.045458 9.550338
20.886690 2.559027 -33.981990 7.892025 -4.375938 2.422060 -7.189547 -14.660596 0.273375 10.091461
20.134907 3.041224 -33.757738 7.872466 -4.925183 2.786025 -6.982352 -15.312612 0.847711 10.907564
19.186351 3.492666 -33.451984 7.683534 -5.472326 3.207871 -6.672488 -15.861580 1.378781 11.878415
17.968396 4.043716 -33.245955 7.487135 -5.997904 3.550075 -6.307583 -16.379107 1.915461 13.064412
16.636932 4.649003 -32.806839 7.197694 -6.563900 4.048823 -6.146355 -16.997077 2.390918 14.313989
15.383378 5.274421 -32.329155 6.978400 -7.100528 4.494498 -5.945136 -17.596919 2.850867 15.614838
14.177337 5.911704 -31.794293 6.786649 -7.675586 4.980416 -5.932844 -18.160589 3.348708 16.811873
12.848793 6.538932 -31.182897 6.381487 -8.002983 5.416249 -5.865094 -18.542018 3.868201 17.970384
11.622043 7.110397 -30.691615 6.040282 -8.198691 5.766567 -5.739995 -18.814090 4.408324 19.009998
10.295627 7.644856 -30.140945 5.518681 -8.344726 6.081002 -5.380920 -19.123525 5.049036 20.091773
8.822964 8.224279 -29.388022 4.846886 -8.498498 6.470325 -5.153783 -19.447481 5.767122 21.161749
7.620140 8.681808 -28.710536 4.232749 -8.489850 6.801877 -5.015184 -19.616213 6.298089 22.020195
6.684363 8.991966 -28.113812 3.664713 -8.375202 7.099406 -4.971744 -19.688812 6.664819 22.519884
5.882818 9.221755 -27.536729 3.115955 -8.260796 7.366023 -4.986906 -19.745732 6.977753 22.854534
5.279528 9.394804 -27.055855 2.670791 -8.177602 7.571039 -5.004020 -19.774511 7.245467 23.089628
4.903004 9.496022 -26.738221 2.369338 -8.134156 7.693903 -4.990124 -19.797310 7.424435 23.238195
4.776260 9.536301 -26.630653 2.266899 -8.123200 7.726379 -4.977371 -19.812158 7.497110 23.282576
4.711573 9.563179 -26.546750 2.219210 -8.135997 7.770789 -4.990138 -19.836731 7.556801 23.307325
4.535942 9.644729 -26.296993 2.080512 -8.157238 7.877517 -5.059636 -19.874153 7.713506 23.368392
4.244575 9.751005 -25.910188 1.838453 -8.161893 8.046141 -5.152162 -19.939510 7.937778 23.444162
3.801647 9.905363 -25.427055 1.516400 -8.110075 8.237176 -5.342474 -19.954638 8.170551 23.563413
3.135204 10.102605 -24.835028 1.040774 -7.993770 8.404221 -5.516497 -19.949110 8.438805 23.793238
2.474721 10.259001 -24.066302 0.441872 -7.859259 8.652241 -5.794384 -19.958741 8.776946 23.869997
1.648186 10.430596 -23.073883 -0.329950 -7.743669 9.034747 -6.146917 -20.030316 9.290046 23.859398
0.750928 10.632384 -22.247372 -1.034734 -7.555791 9.323458 -6.502985 -19.952811 9.680222 23.969761
-0.273227 10.848612 -21.512098 -1.758592 -7.312079 9.603244 -7.006857 -19.788633 10.001188 23.947725
