-0.049252 3.943082 -39.919402 -2.149986 7.875606 0.794220 0.186215 -3.401683 -4.452064 17.122994
0.738133 3.354715 -40.900238 -2.677130 8.097546 -1.645792 2.021506 -3.248033 -4.255233 16.405005
1.329638 3.069788 -41.685113 -3.416427 8.861249 -3.778552 4.367781 -2.910364 -3.377686 15.335943
1.203552 3.120994 -42.117428 -4.488552 9.350230 -5.962885 6.831019 -3.028038 -1.942471 14.703392
0.497077 3.614592 -41.787655 -6.021286 9.751310 -7.970822 9.309766 -3.364462 0.406117 14.363913
-0.230360 4.973700 -39.830307 -9.103449 10.720496 -10.387163 13.222856 -5.135710 1.523126 15.599732
-1.381515 5.588784 -38.118659 -11.388852 11.616876 -11.717348 15.411401 -5.972028 3.499913 15.755466
-2.385323 5.965323 -36.617179 -13.508834 12.931022 -12.987853 17.817040 -6.537904 5.665791 16.108196
-2.923054 5.698671 -34.716656 -15.651647 13.825704 -13.611009 19.219693 -7.427653 7.035869 15.786236
-2.357676 5.478724 -32.909542 -17.227213 14.903246 -14.005810 20.725028 -8.150352 8.295906 15.453226
-0.819036 5.003094 -30.862381 -18.305316 15.593013 -13.928783 21.710696 -8.810640 9.602309 14.514252
0.443485 4.680084 -28.936476 -19.261916 15.921633 -13.665457 22.394539 -9.449589 11.067786 13.455049
2.283483 4.127099 -27.464074 -19.602709 16.158873 -13.296822 22.329348 -8.999768 12.834375 11.969815
3.772593 3.704878 -25.992884 -19.343185 15.784901 -11.796685 21.435325 -7.739536 15.342844 10.563670
4.937519 3.460773 -24.823567 -18.638059 14.780297 -9.861637 20.489607 -6.668042 18.168335 9.586324
6.667079 3.310119 -23.476280 -17.903064 13.159416 -7.784758 19.679209 -5.922244 20.861076 9.217577
8.085037 3.028505 -21.663965 -17.850524 11.710645 -5.888969 18.953496 -5.584061 22.810648 9.236767
9.604562 2.843731 -19.502570 -17.707476 9.880822 -3.644708 18.063374 -5.978736 24.522954 9.394673
11.815411 2.876642 -17.164646 -17.494279 8.124837 -1.932111 17.559767 -7.123133 25.423006 9.660730
13.302875 3.057523 -14.043824 -17.875369 6.556185 -0.180896 16.535599 -8.294629 26.375464 9.701660
15.262614 2.863881 -10.986177 -18.408532 5.775548 1.191571 15.764299 -9.655680 26.779100 9.171495
17.206564 3.066593 -8.302896 -18.298355 4.538125 2.745156 14.948511 -11.435209 27.681000 9.133024
18.305834 3.638418 -6.435124 -17.766985 3.131039 4.106851 13.886936 -13.117223 28.320613 9.357536
19.133064 4.499372 -4.940120 -16.693346 1.377443 5.502772 12.541113 -14.670324 29.188131 9.466131
19.919840 5.316762 -3.792922 -15.434206 -0.359793 6.614137 11.319643 -16.400981 29.885410 9.639934
20.337559 6.134950 -3.064175 -14.098134 -1.871359 7.557040 10.113702 -18.163602 30.310752 9.819257
20.595971 6.721212 -2.662110 -13.054708 -3.066575 8.248343 9.104500 -19.442341 30.494336 9.941467
20.570539 7.423279 -2.471628 -12.071513 -4.222017 8.729391 8.257471 -20.448865 30.692497 10.295803
20.498271 7.738260 -2.296646 -11.529762 -5.034907 9.158251 7.505432 -20.943221 30.695103 10.423338
20.431397 7.878861 -2.265875 -11.249688 -5.478023 9.326831 7.125485 -21.182770 30.595996 10.524316
20.473556 7.906890 -2.307435 -11.135616 -5.580956 9.323028 7.123467 -21.242834 30.585810 10.573047
20.366797 7.964236 -2.296111 -11.126567 -5.607678 9.368554 6.999097 -21.264390 30.569584 10.570441
20.146563 8.092537 -2.270524 -11.142852 -5.575156 9.440295 6.675427 -21.271399 30.539461 10.495330
19.789253 8.273126 -2.285959 -11.163758 -5.475686 9.500674 6.300404 -21.271330 30.471624 10.409747
19.217294 8.523981 -2.296834 -11.267490 -5.316716 9.600509 5.741691 -21.211495 30.335922 10.286579
18.497254 8.776965 -2.565263 -11.324607 -4.974178 9.583286 5.164600 -21.018215 30.144335 10.046868
17.454486 9.131110 -2.796334 -11.485848 -4.624411 9.574639 4.317507 -20.932754 29.773348 9.778760
16.337110 9.430021 -3.000931 -11.782458 -4.228193 9.543089 3.529511 -20.714137 29.415277 9.534271
15.249814 9.687181 -3.048643 -12.166526 -3.894683 9.568569 2.560198 -20.377088 29.042269 9.248790
14.191761 9.842590 -3.129770 -12.459300 -3.650483 9.698030 1.381891 -19.880451 28.710672 8.911523
13.165496 9.970501 -3.144404 -12.650872 -3.439540 9.936300 0.043709 -19.382687 28.448039 8.535381
12.093621 10.091228 -3.180903 -12.970148 -2.990548 10.113261 -1.089276 -18.909957 28.077528 8.123284
10.991432 10.274161 -3.109113 -13.411137 -2.380133 10.299403 -2.236135 -18.505840 27.736692 7.603447
9.927804 10.459415 -3.008550 -13.838841 -1.942473 10.464067 -3.236953 -18.295742 27.379987 7.221586
9.109309 10.445181 -3.074956 -14.208794 -1.421168 10.454755 -3.747359 -17.955226 27.052121 6.892700
8.403377 10.296176 -3.052778 -14.632781 -0.925385 10.459147 -4.121539 -17.512913 26.758625 6.524178
7.949397 10.145868 -3.046840 -14.872959 -0.652538 10.494187 -4.477185 -17.196148 26.550554 6.225500
7.613575 9.983990 -2.995843 -15.130831 -0.446620 10.520202 -4.731072 -16.920840 26.375313 5.982692
7.330099 9.891097 -2.973783 -15.354330 -0.320520 10.512351 -4.769635 -16.774500 26.250155 5.913371
7.133195 9.819104 -2.945946 -15.541607 -0.195007 10.493685 -4.763206 -16.644919 26.164484 5.849272
7.070842 9.786692 -2.937173 -15.597033 -0.166208 10.491766 -4.778382 -16.599367 26.112698 5.820514
7.019090 9.596920 -2.924116 -15.886241 0.246199 10.471861 -4.389805 -16.435956 26.178636 5.631812
7.069798 8.958650 -2.641224 -17.018938 1.462810 10.271281 -2.825423 -16.042724 26.258542 5.339100
8.074400 7.592512 -2.336448 -18.618563 3.373642 9.730902 0.095499 -15.023761 26.467389 4.879449
9.253524 5.803136 -2.021047 -20.519435 5.879542 8.868442 2.872716 -13.729144 26.201575 3.885843
10.765027 2.861343 -2.082146 -22.272601 8.131186 8.474717 5.819858 -11.001990 26.071472 2.683964
11.293250 -0.130362 -2.883061 -24.757405 9.608183 7.565328 8.026186 -8.458267 25.051464 1.750511
9.524599 -2.173324 -5.878572 -26.259450 10.888711 5.980972 8.916438 -5.467324 23.715141 0.777961
8.762802 -4.875645 -9.460925 -27.216546 11.774948 4.450544 8.931843 -2.203411 21.880004 -0.965144
7.976487 -6.686190 -11.861133 -27.122898 13.498626 2.976444 7.038740 0.066376 19.344936 -2.605555
7.567948 -7.938796 -13.657099 -26.920875 15.076919 1.495066 4.807248 1.621305 16.556220 -3.920644
6.116428 -9.157140 -15.355220 -27.229097 16.292629 -0.183623 1.941568 2.563659 12.672618 -4.715812
4.445438 -9.574591 -15.956538 -27.914681 16.852326 -1.180534 -0.619330 1.810548 8.693074 -4.720122
2.351275 -9.181026 -16.792128 -28.657286 16.825728 -2.571989 -2.770737 1.890232 5.600587 -4.165996
-0.427309 -8.924689 -18.141946 -28.985582 15.510929 -3.231774 -4.825287 2.813421 4.036199 -3.712716
-3.852228 -8.226175 -19.628101 -29.610243 14.031821 -4.220411 -6.413434 3.210772 2.773032 -2.517158
-6.859768 -7.773623 -20.890899 -30.659725 13.616921 -5.686980 -6.102927 2.363221 0.689898 -0.738736
-10.400064 -7.089488 -21.739399 -31.968812 13.499778 -7.046783 -6.180768 1.796828 -1.630531 1.262948
-12.545128 -6.570982 -22.522324 -32.256190 13.609085 -7.514719 -6.255283 1.679239 -3.287533 2.288374
-13.329893 -6.188808 -22.691646 -32.312240 13.718445 -7.886236 -6.328399 1.682374 -4.194173 2.971729
-13.493958 -6.076050 -22.682398 -32.299398 13.812355 -7.878982 -6.383760 1.688535 -4.509207 3.163829
-13.419673 -6.077293 -22.786737 -32.186171 13.852256 -7.955766 -6.460522 1.765541 -4.500298 3.050696
-13.226303 -6.111842 -23.061942 -31.932969 13.953580 -8.149475 -6.621887 1.930390 -4.506368 2.730561
-12.727744 -6.188282 -23.502509 -31.391111 14.143250 -8.446479 -6.943004 2.323680 -4.472510 2.208848
-12.175269 -6.257027 -24.006887 -30.739911 14.641154 -8.827140 -7.502845 2.783278 -4.542522 1.443757
-11.438983 -6.357149 -24.778366 -29.837040 15.228081 -9.281863 -7.996397 3.225431 -4.706348 0.555167
-10.415762 -6.686322 -25.294520 -29.028328 15.789199 -9.579358 -8.588449 3.968809 -4.643620 -0.463488
-9.601270 -6.879885 -26.170897 -28.066978 16.436031 -10.028330 -9.427886 4.887267 -4.472603 -1.624180
-8.609912 -6.913622 -26.829457 -26.912742 17.373855 -10.232481 -10.726106 5.859020 -4.519254 -2.739978
-8.104237 -6.950596 -27.365855 -25.974534 18.345234 -10.309494 -11.888560 6.948213 -4.449407 -3.583077
-7.157140 -7.013617 -27.843280 -24.863386 19.186941 -10.477599 -12.848225 7.950267 -4.372410 -4.275330
-6.132933 -7.032285 -27.951857 -23.823036 20.110788 -10.467789 -14.020130 9.037895 -4.340686 -4.934038
-5.213017 -6.934958 -27.741561 -23.031010 20.815727 -10.423802 -15.409670 10.085413 -4.326630 -5.455896
-4.435802 -6.783369 -27.843625 -22.246667 21.548498 -10.562388 -16.795258 11.221822 -4.420953 -6.062239
-4.071883 -6.319282 -27.756848 -21.457947 22.414841 -10.778992 -18.451787 12.366181 -4.345429 -6.664754
-3.740797 -5.795570 -27.473622 -20.659090 23.032270 -10.750323 -19.943614 13.388070 -4.154110 -6.901786
-3.698267 -5.342982 -27.393898 -20.036076 23.602475 -10.868432 -21.313057 14.508950 -3.995292 -7.026671
-3.620246 -5.041696 -27.371987 -19.604895 23.870318 -10.942159 -22.219798 15.365078 -3.837972 -7.011214
-3.525429 -4.838449 -27.414590 -19.250840 23.962166 -10.920305 -22.688988 15.917172 -3.639877 -6.968355
-3.481229 -4.721960 -27.514241 -19.000658 24.021222 -10.926788 -22.886773 16.214316 -3.477354 -6.953060
-3.456145 -4.694860 -27.486946 -18.952305 24.019395 -10.901813 -22.973178 16.305620 -3.438141 -6.937739
-3.457063 -4.694328 -27.487680 -18.951633 24.019441 -10.901780 -22.973646 16.306440 -3.437611 -6.937575
-3.456429 -4.693698 -27.487035 -18.950083 24.020905 -10.896103 -22.974390 16.309003 -3.438208 -6.938551
-3.456624 -4.693659 -27.487507 -18.950118 24.018853 -10.896949 -22.973030 16.308168 -3.437834 -6.938122
-3.457848 -4.694631 -27.487759 -18.951618 24.017370 -10.898953 -22.972645 16.306508 -3.435823 -6.939783
-3.457410 -4.693418 -27.486869 -18.950631 24.017923 -10.898082 -22.972159 16.306899 -3.436197 -6.937727
-3.457978 -4.692505 -27.488782 -18.949114 24.019365 -10.896018 -22.971324 16.308144 -3.435941 -6.938035
-3.458665 -4.692644 -27.487113 -18.950536 24.019603 -10.895937 -22.972514 16.307392 -3.435315 -6.939379
-3.458875 -4.692610 -27.486755 -18.950298 24.017641 -10.898496 -22.972096 16.306208 -3.435118 -6.937541
-3.459143 -4.692394 -27.488582 -18.949496 24.017229 -10.899310 -22.971217 16.305870 -3.434846 -6.937474
