-3.742786 9.725363 -22.379200 -3.796991 -8.430850 5.246912 -6.896879 -19.946807 14.485401 19.741988
-4.634306 9.697826 -21.285021 -4.975864 -8.100639 5.426219 -7.292008 -19.868621 14.923734 19.336743
-5.430130 9.549416 -20.016470 -6.280023 -7.764639 5.734870 -7.867311 -19.806590 15.263753 18.769462
-6.012677 9.249760 -18.739542 -7.653167 -7.410149 5.962374 -8.451477 -19.731056 15.498871 18.031110
-6.426715 8.757776 -17.475542 -9.076648 -6.855902 6.111557 -9.467259 -19.371642 15.330369 16.874016
-6.544124 9.131043 -15.186682 -12.210117 -5.809301 5.716599 -8.727135 -20.335558 13.396315 17.477480
-6.655755 8.722171 -13.882817 -13.662181 -4.932218 6.141695 -9.362708 -19.955731 12.970302 16.362354
-6.751050 8.195754 -12.866523 -14.784877 -4.257099 6.507153 -10.234838 -19.454587 12.684518 14.978628
-6.815372 7.798389 -12.104619 -15.581393 -3.686496 6.917855 -11.079606 -18.974322 12.405481 13.911627
-7.033346 7.194171 -11.024949 -16.720651 -2.942524 7.508418 -12.435634 -18.230743 11.810317 12.357047
-7.194140 6.697692 -10.177068 -17.625823 -2.167154 8.026271 -13.754494 -17.461661 11.179969 10.971321
-7.416840 6.273765 -9.175821 -18.679596 -1.443855 8.575203 -14.930554 -16.782495 10.627396 9.676822
-7.547631 5.943976 -8.441974 -19.550117 -0.759063 8.976700 -15.747002 -16.077574 10.211384 8.530576
-7.854410 5.781310 -7.820330 -20.317795 -0.113590 9.354102 -16.461666 -15.403570 9.831706 7.657573
-8.132180 5.626184 -7.273952 -20.918743 0.368628 9.664690 -16.983028 -14.820133 9.530441 6.917704
-8.477760 5.467424 -6.685113 -21.713459 0.831764 9.979874 -17.494015 -14.280196 9.284179 6.011828
-9.135854 5.373412 -5.875324 -22.806525 1.370295 10.301668 -17.823912 -13.807932 9.080955 5.305789
-9.633260 5.277129 -5.310707 -23.774313 1.991052 10.536966 -17.966178 -13.266986 8.827501 4.641537
-10.235182 5.250106 -4.872496 -24.679787 2.646533 10.620654 -17.892601 -12.685191 8.562644 4.145843
-10.801192 5.224708 -4.416074 -25.513701 3.234560 10.692708 -17.827749 -12.165286 8.344057 3.774058
-11.345772 5.132518 -3.924667 -26.390453 3.776883 10.749229 -17.812137 -11.725024 8.145362 3.377355
-11.851221 5.080561 -3.463339 -27.161683 4.246397 10.877155 -17.938954 -11.321109 7.949881 2.985383
-12.328793 5.039771 -3.011796 -27.873580 4.641541 11.030782 -17.976937 -10.999305 7.826930 2.619993
-12.718874 4.981118 -2.594308 -28.543459 5.002690 11.142903 -17.844727 -10.711871 7.704595 2.278120
-12.950681 4.868203 -2.262146 -29.063007 5.318142 11.210192 -17.723122 -10.417760 7.511134 1.889802
-13.123087 4.764272 -2.020437 -29.490355 5.569604 11.232643 -17.594399 -10.146361 7.307196 1.540771
-13.268842 4.670895 -1.864317 -29.836067 5.762645 11.236750 -17.451599 -9.910794 7.106086 1.251394
-13.340374 4.598166 -1.762862 -30.071703 5.896852 11.225034 -17.257413 -9.754230 6.980912 1.048194
-13.378489 4.560740 -1.707673 -30.211916 5.982452 11.208398 -17.137148 -9.652609 6.907894 0.915750
-13.411564 4.541068 -1.718385 -30.288912 6.055728 11.157593 -17.009178 -9.580984 6.864892 0.878506
-13.406429 4.524404 -1.728087 -30.304089 6.081545 11.144116 -16.956048 -9.548644 6.849351 0.856013
-13.422623 4.541478 -1.719075 -30.316846 6.093665 11.129658 -16.930872 -9.571861 6.906817 0.917007
-13.447490 4.583893 -1.741157 -30.304352 6.111607 11.079079 -16.830612 -9.654523 7.079851 1.142199
-13.455079 4.677189 -1.868455 -30.213089 6.152003 10.926541 -16.565488 -9.779467 7.405164 1.578114
-13.385976 4.786330 -2.104736 -30.038938 6.175599 10.677798 -16.028140 -9.990815 7.864450 2.213990
-13.287278 4.940209 -2.413114 -29.724410 6.064830 10.403873 -15.459678 -10.274723 8.374090 2.964411
-13.093224 5.138162 -2.887013 -29.223279 5.806681 10.001407 -14.601786 -10.707902 9.026225 3.937580
-12.859952 5.303179 -3.359028 -28.795341 5.595655 9.603712 -13.573569 -11.082339 9.647926 4.819181
-12.661976 5.542245 -3.878968 -28.292406 5.357502 9.190532 -12.495981 -11.480930 10.231507 5.781821
-12.597189 5.760637 -4.196004 -27.991023 5.119391 8.882011 -11.678462 -11.912391 10.838432 6.629061
-12.506269 5.977203 -4.619720 -27.541665 4.835833 8.480300 -10.923403 -12.374639 11.422167 7.600185
-12.439477 6.157523 -4.960067 -27.122452 4.577488 8.103943 -10.298441 -12.743934 11.879544 8.417311
-12.328055 6.330174 -5.368237 -26.667044 4.410920 7.700126 -9.659857 -13.038557 12.285612 9.266910
-12.302557 6.547076 -5.766704 -26.201188 4.266741 7.362784 -9.086987 -13.372148 12.676063 10.189849
-12.322388 6.719164 -6.096746 -25.939220 4.115105 7.059051 -8.504199 -13.753016 13.036977 10.982779
-12.318689 6.878812 -6.441716 -25.671731 4.004903 6.772973 -7.927573 -14.043841 13.313229 11.679799
-12.308160 7.005619 -6.776282 -25.401565 3.940922 6.495768 -7.458717 -14.225382 13.497960 12.224493
-12.263890 7.086436 -7.096828 -25.142358 3.890567 6.266942 -7.079483 -14.330306 13.592924 12.613021
-12.222341 7.169384 -7.398160 -24.888452 3.818251 6.053418 -6.724523 -14.421715 13.682581 12.973079
-12.180405 7.240570 -7.616777 -24.683389 3.740584 5.901748 -6.494005 -14.488908 13.756436 13.232631
-12.157777 7.254561 -7.686888 -24.619360 3.725286 5.856422 -6.414717 -14.509122 13.775684 13.307820
-12.155493 7.400892 -7.756627 -24.413131 3.531023 5.818441 -6.524881 -14.591851 13.881469 13.453612
-12.134810 7.837784 -7.983316 -23.787970 3.031892 5.676949 -6.931163 -14.764832 14.131450 13.859339
-12.229152 8.499142 -8.121316 -22.988868 2.275709 5.486780 -7.771021 -15.006725 14.447631 14.385046
-12.101228 9.312567 -8.710420 -21.597563 1.224533 5.187086 -9.090252 -15.117571 14.528903 14.863953
-12.079680 10.344319 -9.198493 -19.861941 -0.428491 5.181789 -11.194553 -15.611037 14.444707 15.550786
-11.480158 10.952029 -10.162120 -17.568909 -2.134244 5.373757 -13.791282 -15.892888 13.571836 15.601694
-10.448258 11.568676 -11.655635 -14.496397 -4.139973 5.764163 -16.790066 -16.366630 12.145226 15.955340
-8.466936 12.025857 -14.501838 -9.916459 -4.520292 7.359636 -20.423016 -14.894780 9.245152 16.374430
-5.513820 11.649868 -17.681196 -6.031417 -4.386011 7.203909 -22.616254 -13.538281 6.336627 15.868966
-2.479986 10.717086 -19.987714 -3.401599 -3.460002 7.269366 -24.598154 -11.703713 2.811400 14.930587
-0.356338 9.575567 -22.475456 -1.391024 -2.587746 7.512467 -25.682910 -9.916269 -0.871691 14.624365
1.482280 8.303856 -24.681972 -0.100425 -1.242512 8.205684 -25.376985 -8.132817 -4.625672 14.669245
3.202235 7.209717 -26.868793 0.863829 -0.148003 8.546999 -23.529291 -7.219675 -7.120175 14.994125
4.870657 6.482592 -28.575087 1.684300 1.243271 8.264667 -21.443283 -5.930780 -9.844732 16.423432
6.465078 5.680873 -31.057747 2.481538 2.477404 7.401080 -18.697317 -5.227441 -11.067439 16.214604
7.965719 5.042656 -33.029832 2.925147 3.714655 6.214141 -15.917778 -4.422853 -11.928616 16.296352
9.186692 4.216626 -34.736574 2.931750 4.958339 4.531021 -13.761712 -3.495132 -12.835526 15.886053
9.744699 4.012714 -36.179205 2.867415 6.002040 2.872377 -11.942001 -2.721796 -13.131404 15.689498
9.772818 3.867967 -36.557578 2.562038 6.353219 2.235850 -11.022075 -2.477044 -13.215956 15.753665
9.726254 3.870429 -36.634845 2.442569 6.403862 2.047336 -10.705864 -2.456665 -13.194421 15.884263
9.643115 3.887387 -36.639529 2.420393 6.444891 2.095181 -10.676889 -2.432669 -13.195623 15.948294
9.427233 3.918234 -36.656743 2.363391 6.546095 2.228661 -10.648295 -2.375901 -13.231401 16.080870
9.081380 4.008766 -36.700987 2.326496 6.646126 2.439649 -10.634841 -2.349644 -13.238029 16.301238
8.596035 4.184114 -36.717838 2.282676 6.741926 2.700619 -10.560044 -2.365248 -13.144120 16.682175
7.906948 4.448101 -36.603085 2.134115 6.862514 3.143444 -10.343478 -2.414007 -12.863310 17.206565
6.899575 4.810209 -36.341178 1.843718 6.947022 3.710392 -10.135439 -2.592786 -12.393682 17.770191
5.560760 5.295878 -35.778760 1.364676 7.073220 4.323275 -10.221620 -2.694123 -11.935924 18.511225
4.437101 5.652283 -35.250073 0.871895 7.220099 4.870978 -10.164989 -2.785594 -11.378186 18.985865
3.194386 5.944709 -34.630860 0.228509 7.357659 5.321840 -10.151375 -2.853163 -10.935342 19.449184
1.632757 6.340560 -33.982456 -0.509655 7.428091 5.830225 -10.244159 -2.974438 -10.413393 19.988604
0.049412 6.670629 -33.298948 -1.409826 7.455858 6.354493 -10.096544 -3.113464 -9.749374 20.513030
-1.371253 7.053096 -32.804388 -2.059631 7.600560 6.861106 -9.960829 -3.160422 -9.182494 21.055331
-2.726341 7.408756 -32.060125 -2.877235 7.762058 7.263052 -10.106926 -3.175892 -8.708952 21.460502
-3.919336 7.751142 -31.526693 -3.625528 7.898305 7.408230 -10.011873 -3.272981 -8.261566 21.961587
-5.079499 8.037202 -30.976576 -4.456013 7.976761 7.448539 -9.865567 -3.467880 -7.728569 22.366457
-6.011002 8.305751 -30.531647 -5.115131 8.093906 7.471087 -9.710150 -3.615374 -7.224091 22.617546
-6.762269 8.491551 -30.222827 -5.645547 8.145081 7.374009 -9.573016 -3.745903 -6.861170 22.827027
-7.231332 8.588262 -30.010660 -6.011319 8.131654 7.307202 -9.474796 -3.871823 -6.614108 22.947355
-7.506924 8.642230 -29.853824 -6.255312 8.116476 7.268575 -9.423563 -3.965810 -6.452682 23.014664
-7.587821 8.654949 -29.790568 -6.333107 8.073165 7.273114 -9.408337 -4.015700 -6.387823 23.045932
-7.568253 8.640075 -29.902389 -6.314130 8.144944 7.211717 -9.296985 -3.969328 -6.429468 23.054484
-7.441232 8.585887 -30.237169 -6.216075 8.279335 7.016515 -9.015366 -3.867959 -6.547746 23.050160
-7.134866 8.466428 -30.692023 -6.051394 8.454653 6.794652 -8.582789 -3.724243 -6.758849 23.028721
-6.607957 8.281104 -31.366424 -5.747899 8.661192 6.470044 -7.958500 -3.558263 -6.999945 22.947701
-5.996837 8.055881 -32.385397 -5.294455 8.889882 5.989243 -7.129200 -3.333878 -7.284478 22.836119
-5.086529 7.673833 -33.520795 -4.877639 9.034013 5.076314 -5.954015 -3.275041 -7.461941 22.563881
-3.972048 7.290824 -34.809615 -4.363866 9.060343 3.934017 -4.555521 -3.351913 -7.646630 22.390738
-2.753370 6.763437 -35.985823 -4.039493 9.267093 2.648489 -3.344047 -3.216228 -7.930897 21.891451
-1.454109 6.262682 -37.454249 -3.644935 9.256263 0.877430 -1.588124 -3.262764 -8.057156 21.534625
