21.473474 3.250135 -3.872897 -16.008867 3.668464 6.247841 10.715491 -7.294052 32.984188 9.557757
21.040448 2.538628 -5.368763 -16.364259 4.869282 5.163113 11.686056 -5.853529 32.847695 8.691689
20.201068 1.898586 -7.273906 -16.559908 6.297322 3.975898 12.318200 -4.448723 32.444919 7.584235
19.404771 1.435080 -8.894500 -16.674679 7.401987 3.067413 12.475839 -3.203203 32.010787 6.720054
18.292044 1.342134 -10.736075 -16.549991 8.642463 1.933178 12.446758 -2.107408 31.472325 6.289779
15.939041 2.330574 -13.171046 -17.342364 10.298727 -0.342181 13.818390 -2.111737 29.542360 7.508437
14.634906 2.468639 -15.438437 -17.044981 11.533984 -1.635167 14.045975 -1.512839 28.509525 7.276161
13.687803 2.216128 -17.283420 -16.994020 13.319075 -2.984506 14.054206 -0.600534 27.201550 6.651657
12.769877 1.782753 -18.555632 -17.336886 14.899389 -3.967710 13.930234 0.165681 25.952305 5.751957
12.756297 1.258918 -19.316317 -17.526489 16.743631 -5.009863 13.790846 0.844038 24.425552 4.742890
12.537898 0.815715 -20.234576 -17.716596 18.015898 -5.929948 14.039484 1.131661 22.821534 4.125218
12.510659 0.289927 -20.981841 -17.944974 19.284861 -6.824427 14.092938 1.433259 21.119646 3.522507
12.117917 -0.038218 -21.857339 -18.061418 20.317898 -7.594594 14.079822 1.483669 19.381869 3.396970
12.126243 -0.334905 -22.872470 -17.994002 21.576940 -8.446713 14.199799 1.555685 17.489470 3.196106
12.179347 -0.553077 -24.071590 -17.725727 22.821902 -9.309669 14.309821 1.649826 15.801102 2.898823
12.213807 -0.891476 -25.235785 -17.666215 23.833058 -10.219723 14.559646 1.693532 14.005569 2.665143
11.668840 -0.876403 -26.129227 -17.643172 24.662543 -11.001626 14.440547 1.507854 12.360588 2.687182
10.630408 -0.745820 -26.946390 -17.698601 24.969140 -11.434943 14.471779 1.401762 11.242926 3.072277
9.227127 -0.575140 -27.713867 -17.940773 25.320006 -11.885966 14.382051 1.412575 10.156517 3.503182
7.941474 -0.587863 -28.498653 -18.277704 25.399567 -12.389643 14.085003 1.807463 9.174362 3.942872
6.827643 -0.552917 -29.179253 -18.507522 25.467045 -12.742258 13.654486 2.148383 8.283952 4.189882
5.926037 -0.633637 -29.914388 -18.668845 25.447891 -13.068846 13.445090 2.356499 7.404550 4.404153
4.977062 -0.638565 -30.750362 -18.668633 25.284958 -13.405067 13.273814 2.531029 6.472235 4.841916
4.219484 -0.583356 -31.643901 -18.468032 25.141442 -13.687789 13.199954 2.661178 5.617864 5.348276
3.618726 -0.498893 -32.318553 -18.217915 24.893443 -13.838579 12.957758 2.716558 4.999263 5.709096
3.162338 -0.523841 -32.898945 -17.980017 24.679404 -13.949122 12.542844 2.882446 4.498357 5.810004
2.827878 -0.597913 -33.322847 -17.809360 24.509738 -13.950011 12.054472 3.103712 4.053006 5.801699
2.580741 -0.677245 -33.621223 -17.683593 24.335649 -13.903386 11.684812 3.236079 3.644926 5.855071
2.385885 -0.689923 -33.799111 -17.587026 24.164221 -13.850312 11.477552 3.248469 3.393254 5.957404
2.283004 -0.672161 -33.877211 -17.530193 24.051034 -13.807632 11.379921 3.234268 3.293023 6.023073
2.223869 -0.662690 -33.917321 -17.519631 24.007669 -13.799780 11.350052 3.219801 3.257309 6.052902
2.199201 -0.686015 -33.910683 -17.536844 23.957160 -13.746730 11.409927 3.138341 3.250925 6.071607
2.044367 -0.752411 -33.900311 -17.661354 23.799496 -13.618120 11.609951 2.934222 3.214083 6.201166
1.734547 -0.832873 -33.849224 -17.834900 23.469138 -13.344621 11.905039 2.509160 3.180632 6.422044
1.272015 -0.906199 -33.790049 -18.131808 23.078969 -13.094852 12.339860 1.921741 3.079685 6.779733
0.710094 -1.020504 -33.746364 -18.473973 22.594740 -12.815527 12.797028 1.239625 2.914219 7.178924
-0.044762 -1.153492 -33.733328 -18.924487 21.915344 -12.533737 13.189032 0.465144 2.727426 7.609931
-0.951491 -1.232421 -33.574881 -19.474172 21.100168 -12.135714 13.538307 -0.542483 2.480674 8.100397
-1.723695 -1.320228 -33.313323 -20.060013 20.147950 -11.792410 13.956688 -1.675477 2.275016 8.738088
-2.677917 -1.391574 -32.928767 -20.817274 19.161185 -11.497631 14.400764 -2.900650 1.980504 9.566236
-3.613431 -1.270136 -32.424503 -21.481445 18.147362 -11.142923 14.902735 -4.161909 1.918344 10.513027
-4.275907 -1.205775 -32.002198 -21.948352 17.194750 -10.843298 15.131663 -5.225934 1.858042 11.199759
-4.867772 -1.180192 -31.488427 -22.383510 16.220418 -10.369676 15.568078 -6.310812 1.901388 11.955227
-5.340860 -1.115979 -30.917046 -22.760442 15.373763 -9.927172 16.069719 -7.323388 2.075831 12.719341
-5.327689 -1.133336 -30.620488 -22.824120 14.754113 -9.678988 16.433587 -8.024313 1.990792 13.242176
-5.488897 -1.080674 -30.379379 -22.887626 14.168520 -9.348186 16.680177 -8.716957 1.931096 13.724895
-5.472541 -1.049859 -30.141826 -22.894660 13.801164 -9.062313 16.870833 -9.215249 2.000289 13.964893
-5.190173 -1.103760 -29.976811 -22.791093 13.528059 -8.823446 17.002766 -9.534033 2.107691 14.021249
-4.962876 -1.117551 -29.800317 -22.746379 13.359738 -8.671030 17.113036 -9.731347 2.247502 14.103221
-4.788437 -1.116614 -29.662821 -22.680001 13.276874 -8.534227 17.133205 -9.857220 2.362681 14.097478
-4.737893 -1.118346 -29.613088 -22.668198 13.240960 -8.486286 17.138041 -9.910381 2.399199 14.092131
-4.724352 -1.200401 -29.336971 -22.844760 13.234554 -8.316251 17.009679 -9.924850 2.563498 13.888715
-4.349316 -1.479970 -28.724850 -23.173458 13.558080 -7.879906 16.790716 -9.755869 3.150081 12.971994
-2.863608 -1.912447 -27.364369 -23.162830 14.186192 -6.966454 15.842020 -9.100229 4.515006 11.080110
-0.144233 -2.681489 -26.056444 -22.804231 15.096419 -6.103687 14.995815 -7.971701 5.905186 8.670052
2.498881 -3.624483 -24.813820 -22.416261 15.537789 -4.940469 13.553159 -6.170811 7.931240 5.944648
4.242986 -4.808170 -22.658538 -23.165806 16.606021 -3.558560 11.438111 -3.197794 9.926570 2.935188
6.566142 -6.123637 -19.566406 -23.607409 16.860505 -1.315832 7.797018 0.727522 14.628804 -1.535217
6.546005 -6.012633 -15.961732 -23.987352 16.995338 1.214319 3.499595 3.495140 18.962623 -4.541015
6.543847 -5.823164 -12.038440 -25.112186 16.556877 2.781784 -1.508272 6.047782 20.497125 -5.235356
10.822360 -5.260005 -9.863622 -22.785355 14.195556 2.683727 -8.269189 7.899231 21.017280 -4.895643
14.412488 -5.031856 -9.835693 -19.840719 10.390391 3.279948 -10.392730 8.740180 22.273305 -3.441878
18.369862 -5.330458 -9.224238 -17.801106 7.519488 3.697476 -12.980703 8.804692 20.944458 -2.275950
22.337027 -6.322869 -10.077432 -14.803211 5.615552 4.890974 -14.871564 8.490677 17.621353 -0.684578
26.064069 -7.563221 -11.110979 -12.378325 2.771456 5.683753 -15.517071 7.330363 13.975819 0.234166
30.056203 -9.219381 -11.628475 -10.957615 0.796658 6.822527 -15.686482 7.581418 11.142471 1.098737
32.410774 -9.868966 -14.028217 -9.795813 0.245579 6.156968 -12.614278 8.418968 8.802517 3.315689
34.821411 -10.386445 -16.829881 -8.428063 0.513525 4.724650 -8.294622 9.295740 7.143843 5.546326
35.582766 -10.961539 -17.984090 -8.776438 0.671186 3.228546 -5.314292 9.774664 5.273050 7.280837
35.753681 -11.588709 -18.240324 -9.296378 0.529163 2.712429 -3.900605 9.721750 4.576596 7.814240
35.596726 -11.690970 -18.130101 -9.618787 0.384771 2.550863 -3.614057 9.513598 4.100039 8.124336
35.675215 -11.704069 -18.124672 -9.592835 0.302869 2.559493 -3.623210 9.551952 4.128464 8.205209
35.775256 -11.738011 -18.127791 -9.598858 0.163010 2.600111 -3.653457 9.686076 4.156520 8.396999
35.756814 -11.763788 -17.969357 -9.635849 -0.305260 2.930086 -3.924780 9.780710 4.227692 8.801018
35.550114 -11.826369 -17.576418 -9.886452 -1.004048 3.250288 -4.406303 9.863509 4.155514 9.226944
35.061455 -11.699664 -17.050088 -10.168152 -1.849126 3.768404 -5.020162 9.861305 4.251352 9.756913
34.678997 -11.877151 -15.896087 -10.909598 -2.909076 4.401387 -6.079882 9.723147 4.250547 10.054739
33.977429 -12.170723 -14.572085 -12.302346 -4.367486 4.859482 -7.085312 9.563689 3.794757 10.884869
33.322036 -12.546611 -12.869069 -13.508696 -5.553948 5.786927 -8.317493 9.476318 3.897623 11.032673
32.203812 -12.946125 -11.634324 -14.453733 -7.057824 6.522096 -9.555489 9.186613 3.623282 11.423323
31.021232 -13.248251 -10.567728 -15.361652 -8.431721 7.042714 -10.569827 8.886334 3.541405 11.925441
30.076623 -13.700752 -9.479745 -16.313339 -9.741215 7.677345 -11.119335 8.558200 3.523901 12.544778
29.123619 -14.275951 -8.543234 -17.269001 -10.874606 8.055192 -11.470484 8.344011 3.280095 13.039704
28.417005 -14.840060 -7.832692 -17.925036 -11.720613 8.348259 -11.956620 8.317454 2.931574 13.425535
27.677764 -15.192205 -7.236704 -18.486856 -12.362508 8.503722 -12.202306 7.999950 2.445640 14.010821
27.001165 -15.456093 -6.590069 -19.140706 -13.045561 8.588459 -12.300948 7.613772 1.911589 14.733513
26.750993 -15.828271 -6.009972 -19.516902 -13.402970 8.745736 -12.572098 7.538791 1.537052 15.100389
26.358745 -15.938050 -5.645067 -19.811919 -13.603480 8.805443 -12.455890 7.310575 1.403512 15.431667
25.850604 -15.817479 -5.538601 -20.069238 -13.678572 8.668764 -12.138217 6.989349 1.320780 15.727582
25.488928 -15.686995 -5.528881 -20.166021 -13.696487 8.574731 -11.957791 6.735114 1.306838 15.845594
25.385936 -15.632789 -5.552828 -20.150631 -13.680623 8.556112 -11.933885 6.659023 1.288908 15.867061
