-2.561167 11.240742 -19.602133 -3.378682 -6.956780 6.711647 -7.887088 -17.965730 16.247010 23.339726
-3.442258 11.213192 -18.519330 -4.547646 -6.619933 6.905130 -8.234842 -17.900840 16.703338 22.942527
-4.272461 11.049527 -17.200217 -5.924526 -6.257544 7.220645 -8.884293 -17.818990 17.022923 22.311752
-4.915350 10.766090 -15.854368 -7.371076 -5.853346 7.448076 -9.524861 -17.708269 17.228454 21.580819
-5.383036 10.286263 -14.602384 -8.795085 -5.253509 7.602615 -10.552462 -17.289253 17.021288 20.443330
-5.773295 10.681512 -12.585864 -11.592727 -4.229652 7.372672 -9.839008 -18.171249 15.537589 20.857496
-6.030637 10.312411 -11.303579 -13.028487 -3.354081 7.802916 -10.591934 -17.916174 15.136792 19.624799
-6.125729 9.791228 -10.249945 -14.179116 -2.702818 8.145135 -11.457778 -17.431802 14.857890 18.250750
-6.174882 9.405222 -9.498485 -14.970308 -2.133670 8.517520 -12.260940 -16.959996 14.588576 17.198404
-6.391348 8.797664 -8.405622 -16.123597 -1.396465 9.089219 -13.612678 -16.232342 14.001439 15.628664
-6.529249 8.292978 -7.556593 -17.034441 -0.640780 9.567455 -14.903371 -15.488804 13.383551 14.249765
-6.728599 7.842966 -6.529850 -18.117927 0.063136 10.094261 -16.059651 -14.838883 12.836977 12.934045
-6.866574 7.504326 -5.771901 -19.009420 0.753201 10.500678 -16.901821 -14.126390 12.411171 11.763628
-7.164788 7.328221 -5.145691 -19.760580 1.383973 10.881750 -17.663798 -13.458098 12.032181 10.885733
-7.429568 7.174980 -4.606381 -20.335920 1.867525 11.202148 -18.171382 -12.897653 11.749906 10.149231
-7.780560 7.022885 -4.017315 -21.125969 2.306515 11.507564 -18.673972 -12.377579 11.512389 9.263583
-8.430898 6.933864 -3.215934 -22.183044 2.853350 11.848120 -19.011043 -11.915171 11.323032 8.552809
-8.936687 6.838421 -2.651392 -23.131819 3.505577 12.126350 -19.156406 -11.373385 11.087875 7.858721
-9.548784 6.813482 -2.220224 -24.005889 4.190889 12.275638 -19.071143 -10.787889 10.836701 7.345284
-10.116244 6.790387 -1.767525 -24.800372 4.789827 12.419382 -19.013787 -10.269229 10.621704 6.960090
-10.658296 6.707849 -1.308501 -25.613679 5.335782 12.539346 -18.994851 -9.840348 10.424416 6.562735
-11.171324 6.654098 -0.854910 -26.359139 5.818504 12.732874 -19.117500 -9.440290 10.232952 6.144081
-11.658209 6.607487 -0.392429 -27.062340 6.223347 12.945388 -19.167380 -9.113696 10.111444 5.745890
-12.052397 6.552071 0.028696 -27.715313 6.591288 13.098952 -19.048703 -8.824249 9.988532 5.389993
-12.284647 6.439655 0.349458 -28.215641 6.908032 13.190435 -18.933548 -8.525709 9.793296 4.996739
-12.458955 6.332047 0.581926 -28.632021 7.159087 13.232610 -18.807490 -8.252276 9.588104 4.638553
-12.615632 6.238972 0.737303 -28.979138 7.358245 13.253169 -18.653414 -8.014205 9.390203 4.342090
-12.692262 6.170769 0.830016 -29.203731 7.501092 13.253246 -18.451738 -7.854254 9.266230 4.141838
-12.734333 6.137299 0.878108 -29.334395 7.588892 13.245091 -18.327615 -7.748757 9.195944 4.013120
-12.771492 6.120093 0.864049 -29.408042 7.662649 13.197658 -18.194723 -7.677900 9.155341 3.978281
-12.768416 6.104857 0.853651 -29.422830 7.690001 13.184757 -18.139374 -7.648327 9.139576 3.954919
-12.786782 6.122650 0.862248 -29.435836 7.702898 13.171724 -18.112160 -7.670507 9.198199 4.016206
-12.817866 6.166147 0.841807 -29.427545 7.724878 13.120998 -18.006089 -7.751400 9.375130 4.239957
-12.832515 6.263813 0.709748 -29.335284 7.766577 12.961870 -17.741270 -7.875188 9.702806 4.679421
-12.773746 6.379908 0.465581 -29.160842 7.787493 12.697928 -17.200329 -8.088624 10.160696 5.324665
-12.680201 6.539770 0.151201 -28.848536 7.673895 12.399939 -16.631817 -8.372355 10.674785 6.082159
-12.482968 6.740620 -0.344813 -28.348463 7.402102 11.945990 -15.767046 -8.803775 11.332254 7.084579
-12.259352 6.918619 -0.828107 -27.930827 7.178406 11.494232 -14.732438 -9.183450 11.950545 8.003682
-12.069348 7.141471 -1.330518 -27.493958 6.949345 11.015873 -13.651255 -9.559994 12.526827 8.963703
-12.007021 7.344098 -1.644729 -27.241707 6.728609 10.646951 -12.822995 -9.963487 13.123875 9.821423
-11.926043 7.557817 -2.065244 -26.828625 6.440646 10.197471 -12.056255 -10.413452 13.703071 10.813326
-11.865761 7.744354 -2.423838 -26.406791 6.169263 9.807434 -11.417578 -10.780165 14.157118 11.651370
-11.755618 7.911815 -2.860790 -25.954829 5.999235 9.385928 -10.769349 -11.062220 14.545905 12.511202
-11.736399 8.134262 -3.286082 -25.480551 5.839099 9.034002 -10.193285 -11.394376 14.932296 13.450816
-11.755337 8.302197 -3.616887 -25.217593 5.695151 8.727686 -9.620116 -11.758371 15.290854 14.242946
-11.761914 8.452385 -3.937525 -24.974005 5.582824 8.461957 -9.051796 -12.038371 15.557032 14.918365
-11.763685 8.581619 -4.262161 -24.711423 5.512604 8.208212 -8.590542 -12.221240 15.737151 15.447051
-11.720846 8.670303 -4.592210 -24.435462 5.443628 7.979131 -8.217775 -12.339995 15.831841 15.842811
-11.682549 8.762554 -4.902223 -24.168349 5.355452 7.762568 -7.866973 -12.443267 15.921638 16.210740
-11.645414 8.842283 -5.128973 -23.955111 5.266525 7.605117 -7.637289 -12.520746 15.993716 16.478493
-11.623493 8.858520 -5.199232 -23.889762 5.249149 7.560128 -7.556543 -12.543260 16.014519 16.555912
-11.630409 9.012486 -5.260219 -23.687779 5.048613 7.522484 -7.669771 -12.629525 16.123192 16.706006
-11.615141 9.453635 -5.467707 -23.075744 4.552035 7.393542 -8.082642 -12.800298 16.377605 17.103248
-11.708257 10.129111 -5.595314 -22.275821 3.784119 7.208879 -8.930406 -13.058747 16.695804 17.632791
-11.606109 10.955454 -6.158867 -20.913052 2.768339 6.939669 -10.198832 -13.178242 16.791130 18.096837
-11.629783 12.008469 -6.582372 -19.246946 1.194164 6.984383 -12.199556 -13.661863 16.740157 18.796706
-11.050998 12.634017 -7.465418 -17.022599 -0.433818 7.239004 -14.721197 -13.925044 15.895439 18.850583
-9.934080 13.304683 -9.119416 -13.815990 -2.429603 7.562788 -17.700981 -14.341902 14.448343 19.331597
-7.399707 13.463389 -12.157578 -9.096180 -3.039898 9.055441 -21.330742 -13.016212 11.521731 19.428404
-4.310500 12.723943 -15.558534 -5.234071 -3.097912 8.949760 -23.622505 -11.685431 8.415879 18.458777
-1.319290 11.380482 -18.196496 -2.676496 -2.378844 9.228172 -25.632653 -10.023316 4.583864 16.845052
0.712721 10.101639 -20.919586 -0.741892 -1.643613 9.516373 -26.448308 -8.685542 0.829723 16.157671
2.431957 8.763041 -23.494432 0.381524 -0.323065 10.002942 -25.619322 -7.462496 -2.949439 15.975461
4.161437 7.648576 -25.756806 1.234113 0.789012 10.147180 -23.624491 -6.773676 -5.450815 16.236644
5.638395 6.609771 -27.466000 1.639383 1.755474 9.156775 -21.652039 -6.239666 -8.253271 17.230449
7.126610 5.821403 -29.915373 2.417741 2.873261 8.349172 -19.143631 -5.436333 -9.567083 17.049759
8.553880 5.181687 -31.936406 2.872878 4.111688 7.138288 -16.399177 -4.588453 -10.504529 17.147484
9.756587 4.359106 -33.657145 2.889037 5.349398 5.433381 -14.234095 -3.625688 -11.430012 16.759792
10.287678 4.056917 -35.131026 2.856508 6.487503 3.814999 -12.572554 -2.607560 -11.897998 16.536899
10.314008 3.900925 -35.535218 2.584420 6.845813 3.239683 -11.692831 -2.284847 -11.964430 16.556660
10.269532 3.902775 -35.620980 2.470175 6.905567 3.038192 -11.379238 -2.255140 -11.948370 16.694017
10.181533 3.922298 -35.630108 2.449928 6.942054 3.087220 -11.348677 -2.231606 -11.944374 16.755109
9.970680 3.953418 -35.642907 2.387846 7.037692 3.214692 -11.315251 -2.178256 -11.974016 16.888747
9.635322 4.041536 -35.684739 2.338789 7.136728 3.412708 -11.275938 -2.152188 -11.961136 17.108835
9.161697 4.220955 -35.704235 2.292827 7.244101 3.662189 -11.173189 -2.160157 -11.849419 17.490825
8.480915 4.495973 -35.594660 2.139282 7.381066 4.088260 -10.926363 -2.200000 -11.570319 18.038543
7.540789 4.836773 -35.301620 1.872074 7.529526 4.702301 -10.723997 -2.320354 -11.110781 18.573728
6.218444 5.326212 -34.755106 1.414913 7.713631 5.347441 -10.782646 -2.382900 -10.651664 19.307959
5.116901 5.677901 -34.217479 0.933876 7.892846 5.933902 -10.711822 -2.465383 -10.086757 19.767398
3.884704 5.954930 -33.592322 0.287659 8.045332 6.409364 -10.724995 -2.514935 -9.659229 20.215774
2.340429 6.337841 -32.931451 -0.454298 8.120562 6.927953 -10.801324 -2.622611 -9.116482 20.751740
0.769157 6.664770 -32.230117 -1.367079 8.158291 7.444823 -10.654190 -2.753365 -8.449653 21.284452
-0.651446 7.044754 -31.727986 -2.016724 8.292577 7.921419 -10.506625 -2.828295 -7.881269 21.833884
-2.007193 7.389061 -30.984113 -2.836907 8.443397 8.304148 -10.619944 -2.871325 -7.390515 22.234876
-3.206590 7.730767 -30.445071 -3.584806 8.563106 8.443167 -10.506699 -2.995951 -6.929415 22.737704
-4.370615 8.019041 -29.885988 -4.428237 8.627566 8.467535 -10.323815 -3.232364 -6.384006 23.147477
-5.298046 8.284790 -29.442102 -5.096196 8.747206 8.487739 -10.145582 -3.397500 -5.874469 23.394761
-6.041635 8.461374 -29.135561 -5.638368 8.796438 8.411100 -9.985873 -3.522338 -5.505291 23.604734
-6.508805 8.547851 -28.924060 -6.011487 8.781770 8.366056 -9.866658 -3.640732 -5.252102 23.721863
-6.783333 8.596833 -28.767336 -6.258486 8.765584 8.347636 -9.797656 -3.729495 -5.083344 23.789893
-6.863002 8.606830 -28.703112 -6.338103 8.721567 8.358600 -9.779148 -3.778045 -5.018910 23.821668
-6.846830 8.596426 -28.813490 -6.316162 8.791759 8.293678 -9.670865 -3.731481 -5.059510 23.832585
-6.724833 8.554287 -29.145916 -6.212241 8.932984 8.093087 -9.400285 -3.624896 -5.181998 23.831748
-6.426311 8.451031 -29.600063 -6.038415 9.124376 7.858200 -8.970330 -3.477622 -5.397301 23.816400
-5.911300 8.282617 -30.270592 -5.730523 9.362149 7.508436 -8.357406 -3.299775 -5.658357 23.738336
-5.303714 8.081744 -31.288453 -5.264222 9.649311 7.020262 -7.528795 -3.055836 -5.969211 23.634182
-4.370655 7.713467 -32.423426 -4.821223 9.839866 6.131671 -6.345438 -2.969376 -6.163185 23.381431
-3.258562 7.333794 -33.704548 -4.270439 9.874356 5.052910 -4.950798 -2.992195 -6.376640 23.261930
-2.065916 6.829784 -34.879541 -3.926563 10.111513 3.852396 -3.690203 -2.785284 -6.709388 22.850964
-0.769251 6.375551 -36.339249 -3.456961 10.159224 2.158242 -1.954293 -2.796715 -6.890901 22.534885
