-4.131154 -2.045094 -26.209349 -16.939046 26.927211 -12.258278 -24.219766 11.673611 -4.199417 -7.915567
-4.131154 -2.045094 -26.209349 -16.939046 26.927211 -12.258278 -24.219766 11.673611 -4.199417 -7.915567
-4.131154 -2.045094 -26.209349 -16.939046 26.927211 -12.258278 -24.219766 11.673611 -4.199417 -7.915567
-4.131154 -2.045094 -26.209349 -16.939046 26.927211 -12.258278 -24.219766 11.673611 -4.199417 -7.915567
-4.131154 -2.045094 -26.209349 -16.939046 26.927211 -12.258278 -24.219766 11.673611 -4.199417 -7.915567
-4.069715 -1.729197 -26.062446 -17.504242 27.819791 -12.132530 -23.432277 11.373596 -4.753697 -7.502456
-4.027195 -1.634105 -25.942087 -17.544673 27.918690 -12.122677 -23.362595 11.158221 -4.828200 -7.505163
-4.041595 -1.634178 -25.942795 -17.548393 27.907023 -12.144152 -23.364739 11.150058 -4.820197 -7.501494
-4.043130 -1.632296 -25.944430 -17.546077 27.908817 -12.145187 -23.364292 11.149006 -4.821007 -7.500340
-4.042827 -1.633394 -25.944462 -17.546071 27.907841 -12.143732 -23.365070 11.151106 -4.820734 -7.500692
-4.043540 -1.633715 -25.943324 -17.547417 27.907544 -12.143442 -23.364690 11.151383 -4.819554 -7.502213
-4.043487 -1.634025 -25.943592 -17.547390 27.908548 -12.143853 -23.364900 11.151563 -4.819866 -7.502941
-4.045004 -1.634075 -25.943834 -17.548841 27.907926 -12.145052 -23.364805 11.152245 -4.819980 -7.502873
-4.045678 -1.634385 -25.943615 -17.549176 27.907819 -12.145817 -23.365264 11.152366 -4.818962 -7.503833
-4.046136 -1.635847 -25.944693 -17.549050 27.905675 -12.146534 -23.364649 11.154925 -4.818030 -7.502693
-4.046379 -1.636937 -25.945473 -17.548529 27.904570 -12.147176 -23.365357 11.156205 -4.817568 -7.503060
-4.045671 -1.637670 -25.945126 -17.548310 27.903320 -12.146508 -23.364810 11.156450 -4.815783 -7.503551
-4.046838 -1.637500 -25.945234 -17.548072 27.903210 -12.143443 -23.363858 11.157560 -4.814493 -7.503624
-4.045374 -1.637861 -25.945164 -17.547436 27.904520 -12.142578 -23.363930 11.157899 -4.814642 -7.504651
-4.045617 -1.638264 -25.945212 -17.547468 27.904273 -12.141371 -23.363294 11.158333 -4.814073 -7.505373
-4.046011 -1.639348 -25.945030 -17.548572 27.903098 -12.141887 -23.362510 11.159046 -4.812043 -7.506487
-4.046227 -1.640091 -25.945862 -17.548095 27.902033 -12.143434 -23.362515 11.158905 -4.811781 -7.506399
-4.046076 -1.640021 -25.946317 -17.547276 27.903134 -12.141866 -23.362728 11.160073 -4.812865 -7.507146
-4.045972 -1.640001 -25.946203 -17.546874 27.902928 -12.141771 -23.362507 11.160580 -4.812420 -7.507091
-4.045318 -1.639981 -25.944688 -17.546841 27.903094 -12.141013 -23.362603 11.158580 -4.812438 -7.508263
-4.046970 -1.640202 -25.945589 -17.546419 27.901087 -12.140867 -23.363272 11.161911 -4.811341 -7.506386
-4.046369 -1.642208 -25.947352 -17.545626 27.899539 -12.139913 -23.363356 11.166028 -4.810155 -7.506689
-4.048053 -1.643968 -25.950093 -17.545085 27.896546 -12.137995 -23.363476 11.170191 -4.807198 -7.506993
-4.048820 -1.643944 -25.950280 -17.545363 27.895984 -12.139413 -23.362847 11.169827 -4.806998 -7.506017
-4.048516 -1.645039 -25.950594 -17.545785 27.897412 -12.140015 -23.363576 11.172159 -4.807635 -7.506491
-4.050509 -1.646251 -25.952934 -17.544886 27.894563 -12.138666 -23.364559 11.176781 -4.804474 -7.506468
-4.070575 -1.695896 -25.985694 -17.600084 27.881437 -12.157320 -23.275896 11.104462 -4.836084 -7.525137
-4.136460 -1.853381 -25.926936 -17.871145 27.814515 -12.181236 -23.086942 10.897314 -4.979230 -7.566966
-4.248699 -2.133003 -25.921120 -18.285650 27.602735 -12.189454 -22.637357 10.563438 -5.097100 -7.589844
-4.322662 -2.530237 -25.973216 -18.770839 27.138745 -12.101796 -21.786222 10.051305 -5.107639 -7.548869
-4.326004 -3.012260 -26.031360 -19.355674 26.499802 -11.985457 -20.483016 9.168477 -5.115209 -7.401152
-4.683475 -3.568716 -26.411237 -20.107479 25.620963 -11.980221 -18.981440 8.535065 -4.960993 -7.089935
-5.051303 -4.147532 -26.704395 -20.948650 24.561623 -11.801771 -17.311737 7.736231 -4.853808 -6.500137
-5.910947 -4.454540 -26.828166 -21.858090 23.482328 -11.573588 -15.848226 7.041580 -4.596242 -5.773912
-6.917144 -4.719836 -27.082116 -22.817651 22.273036 -11.439000 -14.348909 6.288588 -4.432648 -5.002007
-8.124648 -4.721417 -26.995162 -23.901771 20.976922 -11.311273 -13.166459 5.434676 -4.402811 -3.983442
-9.260294 -4.699752 -26.627377 -25.072645 19.800589 -10.990056 -12.048715 4.416687 -4.469947 -3.079248
-10.169717 -4.637221 -26.229855 -26.125502 18.648455 -10.876263 -11.002087 3.489004 -4.541405 -2.093090
-11.240893 -4.612257 -25.559914 -27.378436 17.580033 -10.611598 -9.867807 2.711089 -4.389961 -0.882588
-12.105975 -4.551955 -24.803519 -28.457469 16.851623 -10.146632 -9.013070 1.935737 -4.509605 0.210667
-12.988965 -4.557032 -24.339970 -29.374200 16.078737 -9.764492 -8.334976 1.405984 -4.559435 1.147678
-13.750426 -4.574683 -23.662218 -30.260098 15.388442 -9.212769 -7.733069 0.943072 -4.413011 1.952365
-14.145116 -4.579285 -23.163175 -30.819134 14.882079 -8.782795 -7.179610 0.535941 -4.355865 2.681369
-14.564608 -4.539737 -22.754067 -31.262602 14.598278 -8.417635 -6.881047 0.296426 -4.301476 3.227606
-14.740194 -4.525640 -22.515371 -31.492437 14.440773 -8.205275 -6.684395 0.160650 -4.282973 3.576518
-14.813490 -4.529401 -22.428252 -31.583214 14.385475 -8.108110 -6.601901 0.094180 -4.275635 3.689564
-14.606289 -4.645937 -22.387903 -31.568354 14.282295 -8.045742 -6.530946 0.066152 -3.924454 3.489778
-13.782451 -5.036005 -22.153164 -31.425745 14.164768 -7.587575 -6.473497 0.129017 -2.861118 2.810048
-11.896299 -5.718011 -21.646364 -31.058917 13.812513 -7.058130 -6.491688 0.659286 -0.897766 1.684533
-8.295329 -6.768561 -20.971923 -29.964316 13.683404 -5.890949 -6.212371 1.778464 1.480541 -0.194322
-5.150196 -7.356976 -19.768477 -28.892289 14.374194 -4.347381 -6.447240 2.940626 3.616830 -2.081995
-1.835530 -8.045640 -18.354899 -28.337626 15.507315 -3.105160 -5.274508 3.516966 5.747807 -3.521777
0.873276 -8.905171 -17.351973 -27.835491 16.108801 -1.962480 -3.548915 3.749928 8.207470 -4.581080
2.792393 -9.278704 -16.523736 -27.076915 16.485272 -0.636962 -1.725801 3.976377 11.087826 -5.329799
4.376521 -8.746061 -15.924445 -26.302298 16.026576 0.543044 0.950690 4.689213 15.250262 -5.373910
5.803570 -7.483908 -14.209448 -26.013223 14.855377 2.150055 3.694662 3.820034 19.154724 -4.302515
6.480464 -7.196071 -11.958368 -26.220405 12.222350 4.678631 6.225922 1.892071 22.514940 -2.645132
7.127283 -5.944891 -9.417951 -26.322934 10.573849 6.659850 7.829773 -0.600573 25.198228 -1.366724
8.657202 -4.853593 -5.738781 -25.919672 9.169551 8.697318 7.901182 -2.848156 27.034075 0.120518
10.034935 -3.442339 -2.176236 -25.435312 7.167517 10.556630 6.561485 -5.134679 28.253617 1.810623
9.946324 -0.880567 -0.872388 -23.803670 5.003880 11.426811 4.547351 -6.814798 29.331610 3.493859
9.160082 1.678386 -0.356729 -22.121099 2.567998 12.100373 1.742041 -8.831078 30.012945 4.802432
8.125345 3.389130 -0.645445 -20.071865 0.156694 12.972472 -1.364790 -9.921934 30.297959 5.529297
7.447043 4.609956 -1.128468 -17.758371 -1.590243 13.927788 -4.637700 -10.800473 30.722718 5.273954
7.217527 5.124174 -1.652602 -16.452303 -2.752754 14.161238 -6.332644 -11.174715 30.588544 5.350336
7.222701 5.278714 -1.775452 -16.101810 -3.110713 14.189258 -6.748911 -11.290421 30.482487 5.461957
7.281370 5.322905 -1.775637 -16.052429 -3.140502 14.178296 -6.738119 -11.341276 30.523805 5.507641
7.474577 5.415734 -1.778312 -15.878739 -3.248098 14.168485 -6.782451 -11.465983 30.595707 5.584563
7.779209 5.529665 -1.786890 -15.651925 -3.362979 14.158815 -6.757905 -11.614690 30.726596 5.660504
8.168783 5.729585 -1.816788 -15.381031 -3.551392 14.092291 -6.516727 -11.868655 30.929328 5.924244
8.680510 5.957826 -1.841644 -15.064584 -3.862370 14.060228 -6.171343 -12.114878 31.219124 6.298344
9.284491 6.253739 -1.869302 -14.772279 -4.461124 13.893059 -5.741903 -12.588570 31.323087 6.976608
10.113548 6.453652 -1.691794 -14.585041 -5.064189 13.752660 -5.136648 -13.014300 31.492529 7.621861
11.026413 6.501834 -1.758832 -14.362055 -5.552831 13.360283 -4.015500 -13.473436 31.555685 8.312162
12.039558 6.499053 -1.846354 -13.966892 -6.080355 13.022180 -2.913920 -14.025817 31.695346 8.927090
13.088966 6.560406 -1.843790 -13.621339 -6.512524 12.688842 -1.781111 -14.522692 31.964967 9.533706
14.019669 6.669731 -1.861183 -13.343056 -6.770039 12.366181 -0.480965 -15.058199 32.187862 10.140538
15.154550 6.642606 -1.658130 -13.068260 -7.117660 12.225573 0.648058 -15.593780 32.510996 10.666655
16.312027 6.538277 -1.524660 -12.736656 -7.390458 12.074730 1.555467 -16.011860 32.813926 11.040131
17.454445 6.312843 -1.306593 -12.521910 -7.716084 11.970244 2.317787 -16.159527 33.079992 11.440842
18.456011 6.001899 -1.100698 -12.392400 -8.017184 11.939267 3.216323 -16.281575 33.376656 11.815296
19.128845 5.771821 -0.906615 -12.269585 -8.327034 12.012473 3.859674 -16.467358 33.622252 12.039275
19.724833 5.512095 -0.908533 -12.120324 -8.409587 11.956467 4.464446 -16.537068 33.771248 12.117670
20.102301 5.318301 -0.875890 -12.097383 -8.498782 11.924162 4.859837 -16.549795 33.827243 12.193743
20.323584 5.206054 -0.892624 -12.058138 -8.512480 11.874331 5.167435 -16.571352 33.859506 12.244308
20.432220 5.154685 -0.904336 -12.062250 -8.475852 11.830920 5.285674 -16.552767 33.870162 12.240926
20.463608 5.103577 -0.917812 -12.132395 -8.387390 11.795492 5.379202 -16.501450 33.889088 12.209237
20.544059 4.933647 -0.816805 -12.386780 -8.147046 11.775589 5.532423 -16.335901 33.941865 12.100220
20.709927 4.684251 -0.815791 -12.734226 -7.671755 11.575504 5.968984 -16.025708 34.005389 11.976278
20.897264 4.232706 -0.959269 -13.269963 -6.905094 11.231572 6.731862 -15.488919 34.066346 11.728217
21.024511 3.671407 -1.145489 -13.939587 -5.947420 10.865432 7.495984 -14.726120 34.148640 11.297892
21.083085 2.977855 -1.328467 -14.811170 -4.713886 10.397165 8.266151 -13.639006 34.278325 10.662565
21.003481 2.255266 -1.733070 -15.680478 -3.307065 9.807265 8.863087 -12.330433 34.167497 9.921424
20.843177 1.478427 -2.500490 -16.364318 -1.819364 9.216303 9.666806 -11.067943 33.993963 9.044332
20.712399 0.648393 -3.522464 -16.876631 -0.178268 8.576098 10.764206 -9.672963 33.903884 8.145896
