-4.869766 -0.695805 -31.325321 -13.764112 10.095672 6.854356 1.526405 -4.916376 -5.111422 12.900177
-4.602529 0.384010 -30.545015 -14.609973 10.417748 6.415386 2.735383 -5.950061 -6.457178 14.637814
-4.521288 0.838015 -30.272894 -14.151259 10.565203 7.440146 2.508950 -5.599079 -6.432945 15.251391
-5.317047 1.987908 -29.541428 -13.048993 9.632262 8.949977 1.144032 -5.763858 -5.544618 16.215269
-5.661029 3.110871 -29.107245 -11.942269 9.289984 9.567717 -0.356324 -5.636259 -5.031209 16.489843
-6.333426 4.898528 -28.900951 -10.935025 8.983797 9.479550 -1.720814 -5.454984 -4.504750 17.860434
-6.059733 5.911259 -29.192246 -9.741408 8.658877 8.621100 -3.343974 -5.121249 -4.897704 19.007821
-6.827624 7.066335 -29.607169 -8.027285 7.771701 8.219146 -5.587661 -5.193694 -4.608130 20.319328
-7.245492 8.084739 -29.830843 -6.384477 6.397230 8.304939 -7.596185 -5.876251 -3.885299 21.196408
-5.838644 9.050985 -29.333616 -4.666154 3.746304 7.421709 -7.544824 -8.358614 -1.842810 22.256170
-2.921666 8.997898 -29.870280 -2.616950 1.399632 5.632718 -6.803955 -10.725738 0.532725 21.850885
-2.269068 9.673215 -30.100813 -1.472070 0.030676 5.084961 -6.477529 -11.961742 2.779101 21.402369
-2.182406 10.808928 -29.676891 -1.033623 -1.428696 4.819384 -5.381564 -13.727225 4.294093 22.740273
-1.510248 11.253523 -28.362010 -1.038836 -3.230956 4.764928 -5.377670 -15.498243 4.995940 23.799165
-0.113093 10.596795 -27.665236 -0.981320 -4.887298 4.314964 -5.661120 -16.811608 5.569773 23.329043
1.058363 9.924760 -27.935911 -0.478874 -6.243458 3.463675 -5.469728 -18.103534 6.684563 22.568823
2.296013 9.742410 -27.711594 0.068589 -7.735876 3.823382 -4.353816 -19.763716 7.908845 22.350772
2.992351 9.801904 -27.673635 0.734178 -8.764729 3.742055 -3.625080 -20.896534 8.419717 22.828671
3.097190 9.807860 -27.796333 1.005379 -9.175704 3.633707 -3.719114 -21.187889 8.350601 22.870740
3.035020 9.787046 -27.811971 0.958446 -9.207192 3.536780 -3.736347 -21.197266 8.353698 22.800010
3.171763 9.756319 -27.921063 1.084068 -9.221303 3.520831 -3.765517 -21.175443 8.255483 22.778294
3.541824 9.679119 -28.229848 1.424077 -9.286879 3.429109 -3.844598 -21.136285 8.013699 22.695777
4.171059 9.519918 -28.683694 1.922210 -9.405482 3.278987 -3.919938 -21.089809 7.664794 22.508037
4.981008 9.285524 -29.187191 2.467850 -9.566807 3.065509 -3.968214 -21.055490 7.267088 22.200156
5.890281 8.974036 -29.678706 2.968986 -9.750726 2.740446 -4.037180 -21.027559 6.876692 21.690650
7.035554 8.527211 -30.258635 3.436968 -9.806177 2.276635 -4.042533 -20.942291 6.385807 20.848866
8.431195 7.964741 -30.850065 3.944766 -9.714082 1.816616 -4.155129 -20.763508 5.823076 19.711667
9.731375 7.434031 -31.280640 4.375180 -9.689066 1.331632 -4.477883 -20.597161 5.380065 18.541926
10.987759 6.887822 -31.706781 4.727571 -9.601556 0.814693 -4.660034 -20.438410 5.030388 17.378566
12.296655 6.285518 -32.319013 5.185192 -9.377881 0.366174 -4.801430 -20.187688 4.675484 16.063614
13.449821 5.661867 -32.822938 5.350968 -8.892904 -0.112869 -4.778006 -19.810540 4.392853 14.701053
14.747277 5.028621 -33.227164 5.545897 -8.430790 -0.556073 -4.965662 -19.370430 4.111408 13.250711
16.090010 4.410804 -33.639734 5.852157 -7.885665 -0.997253 -5.181612 -18.800405 3.713161 11.919080
17.231328 3.827136 -33.922867 6.063570 -7.417088 -1.351834 -5.560851 -18.293323 3.239058 10.684218
18.201246 3.309535 -34.251361 6.272320 -6.952023 -1.707971 -5.933147 -17.734369 2.657702 9.688879
19.028164 2.831520 -34.541940 6.428757 -6.483115 -2.033488 -6.293201 -17.121166 2.039473 8.825221
19.624322 2.556749 -34.723070 6.585388 -6.243085 -2.220986 -6.546692 -16.789402 1.695752 8.299971
19.937087 2.358865 -34.815875 6.599063 -6.070242 -2.371446 -6.665220 -16.562505 1.481486 7.939074
20.092053 2.205055 -34.834928 6.521633 -5.870098 -2.468367 -6.652095 -16.371033 1.380601 7.659411
20.157467 2.142018 -34.859906 6.504494 -5.786221 -2.508474 -6.647109 -16.278571 1.327278 7.564148
19.765659 2.318871 -34.688958 6.376574 -5.655732 -2.480841 -7.081634 -16.023996 1.366248 7.669496
18.425923 2.921526 -34.180377 5.938359 -5.467437 -2.252225 -8.367757 -15.535281 1.554617 7.965244
15.461306 4.109472 -33.304526 5.055123 -5.466984 -1.813665 -10.482787 -15.067561 1.503055 9.225025
12.239389 5.624052 -32.372710 4.290554 -5.334663 -1.237246 -12.246782 -14.525832 1.343495 11.478230
9.505548 6.654413 -31.036367 3.138599 -5.001518 0.161343 -13.275543 -14.280882 1.206454 13.082458
6.189941 7.610549 -28.989646 1.244014 -5.090866 1.535455 -14.333946 -14.590015 2.291775 14.085022
2.858749 8.807422 -27.092507 0.004209 -5.308414 2.778132 -16.801294 -14.396464 2.650612 14.657523
0.640538 10.313123 -23.367992 -1.267217 -6.008531 4.109868 -20.182713 -13.964207 1.075464 16.779741
-2.807901 12.126150 -21.190750 -1.884485 -5.301012 5.498628 -24.096957 -11.798394 2.455777 16.564205
-4.644983 12.585861 -19.204153 -2.294965 -3.965824 9.548749 -27.833761 -9.119687 2.207938 14.550022
-4.735403 11.307403 -16.150425 -4.161132 -4.240036 11.631894 -29.312847 -9.789250 0.970883 13.844690
-3.730062 9.982631 -13.855744 -5.669577 -5.033240 12.742772 -29.931430 -11.189147 0.721009 12.706505
-3.112741 8.933546 -12.355939 -7.064620 -5.155200 13.199010 -30.133923 -11.695856 1.178922 10.889770
-1.584666 7.663638 -11.885548 -8.069322 -4.887489 12.868657 -28.914247 -12.297589 2.371247 8.339134
-0.601985 6.505440 -11.906285 -8.887673 -4.680629 12.396365 -28.338657 -13.004202 3.471037 6.102484
0.252719 5.572678 -11.478749 -9.499768 -4.717340 11.855097 -28.696301 -13.098337 3.838031 4.078841
0.996234 4.784598 -10.726589 -10.260233 -5.044821 11.175699 -29.567849 -13.322603 3.510459 2.620233
1.427686 4.181929 -10.032441 -10.909290 -5.341123 10.871584 -29.781991 -13.643069 3.447070 1.778658
1.792277 3.797855 -9.823491 -11.260677 -5.431980 10.630739 -29.875468 -13.827743 3.300690 1.331136
1.948608 3.660560 -9.781399 -11.378185 -5.472280 10.469519 -29.822544 -13.893809 3.212345 1.268066
1.936194 3.643778 -9.697539 -11.450602 -5.479574 10.503331 -29.912505 -13.902368 3.184332 1.226001
1.939141 3.543455 -9.498641 -11.645029 -5.424498 10.653902 -30.107685 -13.891134 3.113547 0.989391
1.979933 3.352289 -9.259174 -11.943939 -5.366342 10.801935 -30.350233 -13.907037 2.986575 0.693677
2.065143 3.115455 -9.112526 -12.250991 -5.161768 11.024425 -30.470672 -13.777425 2.778131 0.377267
2.124463 2.901143 -8.912071 -12.562440 -4.860940 11.274384 -30.746360 -13.449114 2.427210 -0.032646
2.106012 2.595990 -8.554051 -13.083189 -4.450117 11.632372 -31.097951 -13.073325 1.973068 -0.573583
1.960684 2.268989 -8.244179 -13.629292 -4.025801 11.885939 -31.487917 -12.667488 1.457345 -1.004820
1.650131 2.056630 -7.843774 -14.183495 -3.810565 12.080771 -32.345842 -12.261042 0.701585 -1.311944
1.123554 2.031547 -7.552158 -14.701968 -3.677041 12.222952 -33.329261 -11.970114 0.002543 -1.494308
0.241217 2.163881 -7.000852 -15.419625 -3.228747 12.663049 -34.239207 -11.474165 -0.670125 -1.583162
-0.549323 2.396152 -6.295572 -16.140127 -2.859023 13.248783 -35.120440 -10.994588 -1.267804 -1.815083
-1.476168 2.687642 -5.457678 -16.934038 -2.477203 13.886979 -35.709698 -10.512094 -1.780090 -1.988977
-2.173824 2.790329 -4.620623 -17.819237 -2.056250 14.652550 -36.211983 -10.105121 -2.289341 -2.362429
-2.913459 2.977654 -3.802809 -18.650386 -1.664308 15.448993 -36.503139 -9.696302 -2.785400 -2.670772
-3.693503 3.044489 -2.896362 -19.750134 -1.206001 16.308339 -36.799277 -9.314896 -3.335164 -3.340298
-4.666378 3.048875 -1.652854 -21.093878 -0.877521 17.370495 -37.228757 -8.978156 -3.873496 -4.380687
-5.694689 3.037149 -0.414233 -22.423658 -0.692932 18.342499 -37.540993 -8.699533 -4.315335 -5.471938
-6.510580 3.059823 0.513273 -23.444694 -0.533033 19.181521 -37.730746 -8.435334 -4.677678 -6.339741
-6.998335 3.090549 1.016501 -23.987330 -0.430496 19.666928 -37.767914 -8.243021 -4.841164 -6.833463
-7.131392 3.105740 1.170239 -24.151494 -0.387003 19.811693 -37.747177 -8.176945 -4.887975 -6.984775
-7.130483 3.106903 1.176729 -24.150877 -0.381466 19.817334 -37.747247 -8.178901 -4.888884 -6.990065
-7.137232 3.115266 1.184341 -24.150113 -0.367985 19.819209 -37.747691 -8.188472 -4.897959 -6.999819
-7.126057 3.113744 1.198025 -24.148119 -0.361595 19.826860 -37.746952 -8.195145 -4.902327 -7.008211
-7.124245 3.113792 1.205100 -24.145999 -0.355955 19.832705 -37.752270 -8.197064 -4.902806 -7.016089
-7.123152 3.115163 1.213789 -24.141506 -0.362592 19.832642 -37.760461 -8.201028 -4.906212 -7.017122
-7.124771 3.116852 1.220234 -24.142637 -0.368751 19.832574 -37.764852 -8.205317 -4.908247 -7.015817
-7.132569 3.118935 1.221553 -24.144904 -0.370916 19.830154 -37.772758 -8.204232 -4.913641 -7.014417
-7.136178 3.117741 1.227930 -24.153521 -0.380424 19.831764 -37.777121 -8.198785 -4.917083 -7.012950
-7.135089 3.112942 1.231185 -24.156935 -0.397969 19.827523 -37.781486 -8.200513 -4.915350 -7.004891
