1.242640 4.953434 -37.700479 -1.971300 9.179545 2.372212 0.009084 -2.206207 -2.895579 19.646035
1.951746 4.472259 -38.554741 -2.521398 9.426351 -0.247404 1.735246 -1.947617 -2.646900 19.180370
2.473640 4.250810 -39.265815 -3.284790 10.254094 -2.437867 3.886150 -1.363108 -1.790197 18.314418
2.285773 4.381964 -39.544183 -4.479719 10.803918 -4.706574 6.152006 -1.292374 -0.409457 17.922586
1.555106 4.914642 -39.071785 -6.057750 11.168029 -6.785286 8.419553 -1.558791 1.875338 17.730999
0.721520 6.279309 -37.263063 -8.695308 12.030218 -8.866241 11.989351 -3.167053 3.343932 18.868706
-0.733598 7.039972 -35.649606 -10.868032 13.011807 -10.112511 14.055883 -4.117945 5.303171 19.094604
-1.772078 7.467502 -34.186832 -13.014351 14.334012 -11.577225 16.594363 -4.730960 7.510968 19.600833
-2.378218 7.253076 -32.222651 -15.204611 15.250652 -12.303396 18.023158 -5.661835 8.834480 19.411492
-1.772715 6.998966 -30.288862 -16.854555 16.398270 -12.728792 19.568992 -6.451490 10.144794 18.962033
-0.260937 6.513349 -28.213638 -17.882778 17.115818 -12.487154 20.462818 -6.848297 11.591742 17.978901
1.076707 6.175040 -26.232720 -18.767312 17.362833 -12.051394 21.094211 -7.241009 13.256516 16.946851
2.867988 5.670603 -24.826874 -19.005581 17.559470 -11.636711 21.028351 -6.722841 15.117554 15.430874
4.230154 5.262099 -23.552315 -18.735000 17.128091 -10.402433 20.119600 -5.468030 17.336233 14.095929
5.582642 4.755161 -22.289335 -18.349959 16.231840 -8.751373 19.361671 -4.488642 19.758716 13.094423
7.248419 4.452858 -21.109191 -17.691973 14.875855 -7.089281 18.478338 -3.712362 21.994663 12.488003
8.701623 4.216009 -19.359282 -17.618004 13.576796 -5.482796 17.775387 -3.656066 23.740738 12.242259
10.347875 4.227464 -16.895129 -17.390966 11.726383 -3.341982 16.900258 -4.201391 25.630183 12.575390
12.383962 4.229892 -14.772646 -16.942660 9.955524 -1.504493 16.317164 -5.057582 26.882136 12.799824
13.940794 4.265695 -11.819382 -17.243138 8.147753 0.612656 15.370872 -6.084329 27.993991 12.753605
15.876286 4.128127 -8.775832 -17.763972 6.755515 2.482165 14.689397 -7.141572 28.731184 12.583748
17.839506 4.405342 -6.191265 -17.557114 5.273689 4.233283 13.763544 -8.494537 29.870162 12.726534
19.186643 5.002943 -3.994656 -17.121889 3.852229 5.722287 12.690757 -10.052015 30.698923 13.210564
20.241245 5.875039 -2.181705 -16.194532 2.061088 7.270748 11.357383 -11.594354 31.677674 13.551825
21.072703 6.704265 -0.895940 -15.029604 0.179811 8.514132 10.148821 -13.127704 32.507629 13.994508
21.300108 7.567983 -0.182143 -13.853517 -1.498405 9.517158 9.073303 -14.731822 32.894280 14.517120
21.372237 8.184987 0.194276 -12.905340 -2.770548 10.214823 8.213894 -15.960476 32.941047 14.903290
21.344143 8.843772 0.454007 -12.070458 -3.928503 10.734029 7.443144 -17.005680 32.999140 15.339381
21.215690 9.186878 0.634823 -11.565457 -4.704883 11.162579 6.700514 -17.588025 32.910538 15.483689
21.123810 9.354410 0.644040 -11.255382 -5.096416 11.324316 6.300651 -17.891299 32.778088 15.548825
21.166629 9.389052 0.602966 -11.130089 -5.174037 11.318142 6.288240 -17.973527 32.752810 15.583521
21.069446 9.443179 0.615915 -11.123623 -5.193840 11.357552 6.166889 -17.995761 32.735969 15.574499
20.882805 9.560148 0.651588 -11.155008 -5.140194 11.404261 5.857676 -17.990239 32.695430 15.501844
20.572804 9.724473 0.645044 -11.177097 -4.997353 11.430288 5.492000 -17.966332 32.620442 15.416334
20.070861 9.945610 0.644993 -11.255932 -4.744309 11.489879 4.901435 -17.887805 32.472883 15.246825
19.445281 10.164185 0.423562 -11.294455 -4.274631 11.409318 4.249745 -17.722649 32.234001 14.956324
18.404689 10.539603 0.215130 -11.427572 -3.815803 11.342049 3.327992 -17.734306 31.798397 14.646921
17.253042 10.840641 0.020941 -11.701572 -3.346622 11.286790 2.477224 -17.604024 31.423475 14.334552
16.154278 11.124718 -0.016398 -12.029294 -2.910465 11.304705 1.453644 -17.399655 31.048256 13.935796
15.132827 11.275959 -0.109003 -12.294174 -2.475572 11.366902 0.258009 -17.034697 30.672751 13.407824
14.149633 11.382316 -0.108957 -12.491174 -2.190549 11.579811 -1.072363 -16.642342 30.403278 12.894654
13.107491 11.517613 -0.106950 -12.813108 -1.726034 11.766957 -2.193916 -16.305851 30.058954 12.375230
11.960525 11.725959 -0.055995 -13.221547 -1.100029 11.958412 -3.349014 -15.982269 29.738887 11.807184
10.829651 11.935903 -0.007443 -13.557721 -0.623160 12.192278 -4.369911 -15.864349 29.469122 11.318442
9.952973 11.971676 -0.105003 -13.839784 -0.058634 12.227894 -4.895037 -15.635463 29.210641 10.881379
9.211987 11.867692 -0.096361 -14.211388 0.477259 12.251025 -5.243713 -15.264843 28.952586 10.463220
8.743100 11.750983 -0.097054 -14.429233 0.773759 12.280777 -5.574053 -14.989791 28.763282 10.151509
8.369793 11.639746 -0.060952 -14.667622 0.990996 12.303291 -5.808268 -14.761049 28.602459 9.908321
8.065297 11.577420 -0.046430 -14.877650 1.126171 12.295124 -5.839692 -14.644388 28.492417 9.830130
7.858804 11.519772 -0.021107 -15.053827 1.258413 12.282522 -5.831290 -14.533285 28.416530 9.751954
7.792766 11.491374 -0.012041 -15.106362 1.286875 12.281925 -5.846720 -14.493692 28.368549 9.721000
7.736097 11.286993 -0.010891 -15.417818 1.674136 12.252509 -5.435498 -14.304716 28.421489 9.577455
7.780123 10.581281 0.218220 -16.624648 2.833485 12.016452 -3.831892 -13.780220 28.447322 9.383803
8.866699 9.041260 0.486709 -18.482329 4.564232 11.405788 -0.789770 -12.403468 28.506605 9.230247
10.017760 7.211175 0.649131 -20.367813 6.854185 10.582377 2.094125 -10.654794 28.445999 8.449880
11.904763 4.155120 0.611491 -22.165325 9.140142 9.881543 4.986826 -7.616332 28.377399 6.974125
11.940597 1.292304 -0.624927 -24.151005 10.702760 8.849147 6.856686 -5.277948 27.295179 5.538070
10.181369 -1.038687 -3.809051 -25.514725 12.022713 7.018263 7.638685 -2.650951 25.619423 3.798699
8.936482 -3.605758 -7.144359 -26.545965 12.670211 5.325791 7.402190 0.234903 23.395485 2.061692
7.267589 -5.260926 -10.392320 -26.536784 13.818064 3.551542 5.667557 2.105845 20.320119 -0.043365
6.165214 -6.434866 -12.923256 -26.241107 15.145088 2.201515 3.537745 4.026323 17.356285 -1.692888
4.025883 -7.747459 -15.322199 -26.518666 15.771394 0.701705 0.890254 4.953426 13.635214 -2.876637
2.035193 -8.132736 -16.148280 -27.140146 15.985563 -0.090291 -1.954716 4.491619 9.908392 -2.735219
0.137953 -7.718055 -17.216378 -27.433123 16.137033 -1.257560 -4.179346 4.325960 7.192213 -2.632531
-2.288300 -7.520431 -18.383070 -27.917877 15.193839 -2.158823 -5.686952 4.659852 5.450026 -2.031712
-5.451548 -6.990980 -19.900887 -28.392340 13.817077 -3.010142 -6.697929 4.249727 3.945332 -0.901928
-8.553023 -6.599071 -21.312189 -29.356917 13.294960 -4.537029 -6.484914 3.393985 1.881824 0.738730
-12.122064 -5.847075 -22.300793 -30.445941 12.979342 -5.733228 -6.722271 3.049982 -0.179406 2.665837
-14.087739 -5.407822 -23.044267 -30.777156 12.978063 -6.089516 -6.695407 2.944324 -1.821700 3.694622
-14.922819 -5.098020 -23.311571 -30.873061 12.932817 -6.377365 -6.661940 2.882895 -2.788925 4.441734
-15.094634 -4.983401 -23.338076 -30.832623 12.987180 -6.356761 -6.676262 2.840757 -3.106951 4.662423
-15.022181 -4.984462 -23.426043 -30.731424 13.018299 -6.437568 -6.746345 2.891281 -3.093558 4.553494
-14.833681 -5.005526 -23.665958 -30.476039 13.102953 -6.608997 -6.907135 2.987862 -3.077437 4.230777
-14.390622 -5.079190 -24.084700 -29.963845 13.209363 -6.868123 -7.166572 3.224294 -3.035834 3.700885
-14.017563 -5.125693 -24.619656 -29.385892 13.660603 -7.293546 -7.713885 3.650945 -3.075863 2.935541
-13.415716 -5.167279 -25.378241 -28.550544 14.191818 -7.819811 -8.282286 4.183308 -3.119509 2.121158
-12.475572 -5.457432 -25.884649 -27.774984 14.537569 -8.064984 -8.893700 4.972353 -2.929747 1.237285
-11.723402 -5.665064 -26.778489 -26.893997 15.260068 -8.623836 -9.745336 5.861240 -2.867057 0.059947
-10.695004 -5.853861 -27.482404 -25.866263 16.298641 -8.969758 -10.942889 6.767392 -3.150841 -1.184227
-10.034675 -5.915327 -27.917157 -25.008254 17.342145 -9.184388 -12.039589 7.713956 -3.210904 -2.047498
-8.955471 -5.927429 -28.236183 -23.929387 18.169328 -9.408881 -12.978517 8.562484 -3.123271 -2.688864
-7.745776 -5.897859 -28.219541 -22.945133 19.159682 -9.531401 -14.097531 9.453917 -3.205912 -3.329712
-6.855946 -5.713924 -28.052805 -22.126279 19.880856 -9.600854 -15.459850 10.386855 -3.254580 -3.785714
-6.041576 -5.563068 -28.091320 -21.342314 20.664438 -9.712506 -16.893288 11.564817 -3.290956 -4.353161
-5.687862 -5.213054 -28.020461 -20.611578 21.462817 -9.767162 -18.528044 12.797054 -3.218614 -4.914125
-5.319718 -4.846957 -27.760308 -19.962798 22.034175 -9.671543 -19.938155 13.823846 -3.108526 -5.225796
-5.176417 -4.565800 -27.716692 -19.471899 22.595376 -9.785070 -21.174178 14.899265 -3.079143 -5.467585
-5.076131 -4.353109 -27.737878 -19.116891 22.908607 -9.916737 -21.993991 15.706164 -3.021341 -5.573009
-4.935750 -4.186275 -27.774561 -18.799179 23.065887 -9.980016 -22.424732 16.185334 -2.905632 -5.596557
-4.843156 -4.063883 -27.831726 -18.570884 23.139367 -10.022266 -22.601739 16.422361 -2.808491 -5.567147
-4.810377 -4.029775 -27.797282 -18.528718 23.149546 -10.018886 -22.679970 16.495883 -2.790913 -5.556004
-4.810667 -4.029018 -27.796824 -18.528305 23.149236 -10.018282 -22.679805 16.495349 -2.791542 -5.555152
-4.808529 -4.029292 -27.794795 -18.528275 23.151186 -10.013190 -22.678575 16.495141 -2.792413 -5.557090
-4.809196 -4.029046 -27.794973 -18.528271 23.149661 -10.014934 -22.678565 16.494879 -2.791697 -5.555909
-4.810313 -4.029894 -27.793917 -18.530428 23.149129 -10.015597 -22.679139 16.493448 -2.790043 -5.557536
-4.810329 -4.029472 -27.793789 -18.530012 23.149221 -10.015352 -22.678677 16.493770 -2.789635 -5.557094
-4.810706 -4.028680 -27.794491 -18.529587 23.150426 -10.015068 -22.677789 16.494560 -2.789897 -5.556246
-4.810430 -4.028738 -27.793217 -18.530353 23.150260 -10.014416 -22.677738 16.493137 -2.789394 -5.558069
-4.811492 -4.029342 -27.793436 -18.530976 23.147962 -10.017620 -22.676559 16.490643 -2.788749 -5.557839
-4.811857 -4.028914 -27.793635 -18.530889 23.147022 -10.019600 -22.675775 16.489455 -2.788089 -5.556630
