21.923905 2.370231 -4.705358 -16.144522 3.170749 6.940969 11.583093 -8.351568 32.683316 7.545292
21.509555 1.660973 -6.184684 -16.491971 4.376016 5.867257 12.511874 -6.877772 32.538577 6.695630
20.701243 1.011568 -8.073861 -16.682068 5.797244 4.680316 13.094469 -5.447314 32.120203 5.602031
19.928694 0.545270 -9.688451 -16.778099 6.882964 3.768877 13.200857 -4.184221 31.683894 4.748837
18.835169 0.441673 -11.512849 -16.644203 8.115915 2.660154 13.122298 -3.067869 31.141568 4.308734
16.543025 1.320671 -13.972781 -17.468120 9.836153 0.553639 14.529590 -3.014494 29.154708 5.427002
15.227139 1.465403 -16.266658 -17.145230 11.146106 -0.668485 14.763135 -2.344009 28.099767 5.225664
14.244832 1.229863 -18.129665 -17.119002 12.952352 -2.052803 14.825546 -1.456999 26.779774 4.627613
13.273215 0.821565 -19.434200 -17.499832 14.512208 -3.183989 14.754573 -0.767323 25.529647 3.782825
13.219229 0.326332 -20.216463 -17.721278 16.335209 -4.351699 14.638671 -0.168625 23.972708 2.819669
12.954650 -0.086175 -21.174922 -17.929042 17.597028 -5.354584 14.916028 0.051340 22.341064 2.239379
12.934214 -0.599369 -21.929361 -18.140534 18.884956 -6.212083 14.957681 0.357157 20.641481 1.646934
12.555256 -0.936857 -22.841458 -18.242169 19.939349 -6.984188 14.935127 0.421802 18.885611 1.514633
12.574310 -1.239806 -23.879124 -18.166067 21.224838 -7.800133 15.050017 0.518254 16.991147 1.295779
12.637203 -1.460873 -25.081226 -17.892655 22.482485 -8.577525 15.167488 0.641751 15.303997 0.985343
12.679527 -1.804068 -26.232153 -17.829899 23.492873 -9.436570 15.415201 0.708064 13.519585 0.756025
12.143647 -1.792431 -27.133246 -17.793436 24.309440 -10.192310 15.299574 0.550002 11.880164 0.796088
11.110708 -1.652030 -27.947278 -17.830543 24.597626 -10.611354 15.322749 0.456148 10.770104 1.206010
9.726318 -1.472016 -28.704736 -18.058694 24.940213 -11.055980 15.237390 0.465336 9.688321 1.654154
8.470540 -1.485462 -29.476081 -18.389488 25.031000 -11.557477 14.943554 0.876626 8.707451 2.094003
7.384141 -1.431932 -30.148238 -18.593200 25.082613 -11.943426 14.512493 1.230311 7.826225 2.359177
6.514664 -1.511827 -30.847289 -18.753073 25.054130 -12.251905 14.305294 1.460035 6.966690 2.566674
5.585706 -1.507294 -31.654515 -18.750154 24.885070 -12.579344 14.138018 1.654498 6.054081 3.005720
4.850985 -1.456937 -32.495997 -18.559442 24.742643 -12.828102 14.046574 1.810601 5.202000 3.481925
4.261490 -1.385090 -33.128570 -18.330181 24.505037 -12.941290 13.788953 1.895534 4.581288 3.812291
3.807240 -1.410039 -33.688747 -18.099689 24.283783 -13.036192 13.373982 2.077484 4.089681 3.913864
3.463456 -1.477178 -34.107297 -17.930665 24.105792 -13.042179 12.886405 2.298824 3.651183 3.912927
3.209204 -1.554479 -34.402772 -17.807273 23.930049 -12.996164 12.516790 2.433679 3.247357 3.969047
3.012241 -1.567501 -34.580506 -17.710859 23.761903 -12.937293 12.311213 2.451916 2.995974 4.070084
2.906840 -1.550347 -34.657507 -17.655839 23.651078 -12.895571 12.211882 2.443624 2.893368 4.134410
2.846340 -1.540501 -34.699353 -17.643642 23.609402 -12.886269 12.182716 2.432225 2.857514 4.164149
2.822537 -1.564810 -34.689845 -17.663186 23.556967 -12.835866 12.240578 2.348588 2.851105 4.182935
2.665118 -1.629663 -34.675126 -17.792150 23.394110 -12.721407 12.439086 2.138641 2.816627 4.318100
2.351160 -1.709048 -34.621529 -17.970228 23.063837 -12.462832 12.727636 1.713812 2.781486 4.539486
1.880942 -1.775170 -34.561598 -18.270470 22.676139 -12.238512 13.161916 1.126646 2.682417 4.908674
1.323701 -1.889479 -34.512463 -18.617579 22.188364 -11.987430 13.612365 0.439428 2.516291 5.317305
0.567472 -2.015034 -34.508241 -19.061799 21.510732 -11.732585 13.997422 -0.335846 2.333898 5.766479
-0.349054 -2.084103 -34.363373 -19.606600 20.694318 -11.385058 14.337303 -1.358433 2.085690 6.274242
-1.137156 -2.149319 -34.123113 -20.178393 19.743880 -11.098232 14.744518 -2.501981 1.885606 6.944432
-2.101423 -2.198499 -33.745935 -20.924764 18.748502 -10.857774 15.170013 -3.749764 1.593033 7.808213
-3.053906 -2.052918 -33.241853 -21.577130 17.727165 -10.540637 15.653682 -5.035339 1.531850 8.787668
-3.733557 -1.964835 -32.818121 -22.026621 16.773313 -10.264585 15.862566 -6.111563 1.479224 9.506378
-4.348904 -1.916394 -32.298453 -22.450744 15.794420 -9.812471 16.276578 -7.208069 1.531895 10.279299
-4.838676 -1.841430 -31.720494 -22.818411 14.947012 -9.379427 16.755785 -8.224542 1.711863 11.041632
-4.833544 -1.847035 -31.421190 -22.874091 14.319662 -9.142747 17.111553 -8.935302 1.633838 11.565855
-4.997381 -1.787708 -31.175637 -22.933551 13.726885 -8.825788 17.350734 -9.646530 1.573085 12.049970
-4.976191 -1.752376 -30.931963 -22.941602 13.353402 -8.554535 17.536224 -10.165746 1.639487 12.289921
-4.687720 -1.806063 -30.768314 -22.839496 13.075971 -8.322502 17.671590 -10.506527 1.742194 12.339779
-4.456293 -1.819114 -30.593549 -22.794279 12.908282 -8.172480 17.787331 -10.710882 1.882152 12.418300
-4.278090 -1.822159 -30.456814 -22.730137 12.826110 -8.033283 17.807473 -10.841482 1.993401 12.405894
-4.227674 -1.825047 -30.406404 -22.720424 12.789366 -7.985522 17.812838 -10.897865 2.028932 12.398198
-4.210279 -1.911552 -30.130988 -22.898265 12.786801 -7.809957 17.684229 -10.911556 2.191501 12.186783
-3.841424 -2.200743 -29.538146 -23.213431 13.099678 -7.351938 17.458586 -10.732242 2.772012 11.270087
-2.346456 -2.665256 -28.173283 -23.215162 13.745271 -6.383277 16.503781 -10.066157 4.129142 9.355371
0.357797 -3.467227 -26.864962 -22.878304 14.655569 -5.468445 15.641352 -8.922355 5.525929 6.924345
2.956217 -4.436051 -25.676062 -22.515818 15.100878 -4.294778 14.231915 -7.145885 7.544289 4.177051
4.666673 -5.622826 -23.544283 -23.260131 16.184695 -2.888593 12.136291 -4.190386 9.535105 1.133396
6.947423 -6.917534 -20.489716 -23.665755 16.525646 -0.577082 8.568131 -0.239965 14.253967 -3.365347
6.981983 -6.834598 -16.900186 -24.063041 16.622626 1.884877 4.267821 2.537656 18.532237 -6.338739
6.925078 -6.628686 -12.914841 -25.215911 16.150859 3.450749 -0.711497 5.086596 20.045037 -6.968140
11.212620 -6.103079 -10.748309 -22.923892 13.797285 3.354019 -7.474868 6.963533 20.567415 -6.708048
14.886948 -5.937941 -10.761335 -19.948842 9.993313 4.012550 -9.608967 7.825684 21.828832 -5.346341
18.842595 -6.217220 -10.212489 -17.867286 7.124313 4.463252 -12.186018 7.901611 20.493016 -4.159956
22.691670 -7.058141 -10.981732 -14.802824 5.163719 5.653807 -14.287650 7.544893 17.240260 -2.476109
26.212304 -8.037987 -11.769558 -12.415166 2.575632 6.378818 -14.927911 6.466662 13.805585 -1.237863
30.155641 -9.529518 -12.141995 -10.991029 0.790831 7.312576 -15.009258 6.861929 11.076765 0.040805
32.482207 -10.106638 -14.290236 -9.890383 0.224818 6.513092 -12.283868 7.929551 8.731991 2.531046
34.866826 -10.533410 -16.946427 -8.534466 0.556734 4.939874 -8.187463 9.036015 7.044424 5.032924
35.640030 -11.064772 -18.075710 -8.837529 0.663280 3.288494 -5.299856 9.616558 5.186589 6.955548
35.794934 -11.681415 -18.359204 -9.347815 0.515025 2.698739 -3.898818 9.586389 4.487783 7.538751
35.614133 -11.769757 -18.242905 -9.678985 0.368464 2.515777 -3.619195 9.382470 4.017153 7.867348
35.698795 -11.786643 -18.238044 -9.650345 0.288482 2.531597 -3.626877 9.423088 4.044218 7.944207
35.815605 -11.830449 -18.244746 -9.650540 0.147199 2.582996 -3.653319 9.550660 4.067949 8.124650
35.805415 -11.854835 -18.064438 -9.690268 -0.316709 2.932224 -3.926222 9.650835 4.141865 8.531396
35.602383 -11.922819 -17.666705 -9.943737 -1.008209 3.303497 -4.390806 9.712481 4.074394 8.916365
35.112826 -11.805233 -17.133810 -10.233343 -1.835768 3.880547 -4.969039 9.686052 4.174723 9.404583
34.724244 -12.004424 -16.003558 -10.993358 -2.866815 4.580296 -5.982771 9.508274 4.169054 9.613787
34.030199 -12.324398 -14.685154 -12.407160 -4.327566 5.077190 -6.996935 9.306139 3.686670 10.360844
33.376155 -12.717931 -13.024572 -13.613378 -5.542164 6.022985 -8.187644 9.150354 3.796371 10.448124
32.270873 -13.137463 -11.835554 -14.549455 -7.074180 6.772949 -9.340912 8.785975 3.558792 10.779269
31.090465 -13.469993 -10.836692 -15.439697 -8.449851 7.370086 -10.284821 8.425806 3.467914 11.172314
30.141300 -13.933552 -9.780331 -16.387180 -9.749557 8.031977 -10.783927 8.071327 3.445300 11.748072
29.211426 -14.544562 -8.890284 -17.345202 -10.885888 8.430983 -11.085871 7.801172 3.195125 12.158691
28.512488 -15.122953 -8.206602 -18.000935 -11.753554 8.720937 -11.535460 7.713916 2.847261 12.506822
27.774421 -15.476678 -7.652282 -18.540807 -12.395011 8.875985 -11.760503 7.373864 2.350986 13.081625
27.096505 -15.744450 -7.030631 -19.182526 -13.070529 8.981115 -11.827396 6.971002 1.816383 13.784121
26.846046 -16.120244 -6.469424 -19.557836 -13.421019 9.141972 -12.065042 6.879658 1.445180 14.135201
26.455300 -16.240190 -6.104556 -19.864996 -13.621817 9.210509 -11.929964 6.632743 1.309619 14.445846
25.946691 -16.128156 -5.993323 -20.135324 -13.704553 9.076407 -11.605666 6.297078 1.232236 14.720582
25.586786 -16.004414 -5.973709 -20.243236 -13.727927 8.986427 -11.426123 6.034814 1.220756 14.822549
25.484593 -15.950925 -5.997232 -20.228907 -13.711840 8.969035 -11.401094 5.957948 1.202496 14.840922
