-3.777288 0.050639 -29.683030 -13.583611 11.309620 8.639146 1.336786 -4.326072 -4.006670 14.214584
-3.312960 0.868520 -29.000411 -14.155646 11.711339 8.458858 2.439460 -5.024988 -5.043398 15.797368
-3.271300 1.343783 -28.756059 -13.664467 11.869529 9.564894 2.206775 -4.697042 -4.957733 16.360149
-4.112827 2.547013 -28.057283 -12.507105 10.961639 11.092694 0.862922 -4.859801 -4.003035 17.305779
-4.491099 3.698480 -27.657558 -11.347985 10.639334 11.756947 -0.616766 -4.704495 -3.391046 17.529901
-5.197222 5.498174 -27.491893 -10.314539 10.322736 11.708667 -1.923936 -4.520136 -2.807015 18.894496
-4.924744 6.533735 -27.784609 -9.113289 10.027772 10.863819 -3.508286 -4.189272 -3.178577 20.036184
-5.601894 7.680883 -28.143592 -7.409140 9.139332 10.523960 -5.715807 -4.286484 -2.841113 21.319824
-5.981859 8.693447 -28.314024 -5.810324 7.705999 10.670298 -7.697886 -4.919356 -2.086479 22.296138
-4.573111 9.660185 -27.785527 -4.118847 5.021972 9.804918 -7.663867 -7.364110 -0.072092 23.433900
-1.648674 9.610949 -28.302004 -2.094798 2.638866 8.011877 -6.931119 -9.720132 2.283671 23.086553
-0.986310 10.280847 -28.513470 -0.981664 1.244450 7.455597 -6.617254 -10.952041 4.501990 22.671714
-0.923323 11.422003 -28.086739 -0.556173 -0.244160 7.197948 -5.544284 -12.704906 6.002679 24.040860
-0.270541 11.867708 -26.777939 -0.566489 -2.055283 7.142832 -5.547396 -14.481610 6.695098 25.107901
1.123626 11.208950 -26.083168 -0.518582 -3.715538 6.687988 -5.824537 -15.801167 7.256858 24.655965
2.290306 10.547741 -26.348308 -0.012357 -5.076222 5.841278 -5.644948 -17.076567 8.370839 23.911178
3.527240 10.361279 -26.122565 0.536689 -6.576743 6.202683 -4.530942 -18.725365 9.603591 23.690109
4.227465 10.415235 -26.081968 1.200871 -7.610421 6.122602 -3.804864 -19.854591 10.111124 24.167622
4.332681 10.420805 -26.205189 1.471979 -8.018592 6.010891 -3.898442 -20.147510 10.037953 24.209110
4.273760 10.398395 -26.219037 1.423850 -8.048898 5.913994 -3.915314 -20.155412 10.040403 24.137827
4.409540 10.368163 -26.328456 1.548971 -8.062288 5.898296 -3.944596 -20.133895 9.940870 24.116427
4.777504 10.291693 -26.638557 1.890121 -8.128190 5.809329 -4.024150 -20.091466 9.703030 24.032939
5.404302 10.134874 -27.094024 2.388391 -8.244050 5.659553 -4.099580 -20.047014 9.353729 23.843117
6.210469 9.900689 -27.600790 2.933339 -8.402894 5.447637 -4.144422 -20.013331 8.959679 23.532318
7.116764 9.590788 -28.093663 3.433322 -8.581413 5.122230 -4.210836 -19.991046 8.566846 23.019986
8.259104 9.143668 -28.675841 3.902672 -8.637541 4.657401 -4.216848 -19.909353 8.075905 22.174580
9.655835 8.579177 -29.266895 4.410223 -8.548182 4.195554 -4.330648 -19.730465 7.513541 21.037834
10.957826 8.048649 -29.695377 4.840170 -8.523297 3.710227 -4.656306 -19.564685 7.066167 19.870449
12.224832 7.500298 -30.118445 5.190661 -8.434294 3.187348 -4.841873 -19.405372 6.706631 18.708855
13.539121 6.896445 -30.724251 5.646515 -8.210984 2.744996 -4.982121 -19.155933 6.351696 17.395083
14.697262 6.269985 -31.219865 5.812154 -7.729024 2.272349 -4.964850 -18.767108 6.063491 16.039321
15.996908 5.639453 -31.622832 6.007289 -7.266185 1.828421 -5.149826 -18.324426 5.783380 14.593521
17.342990 5.021808 -32.031350 6.312640 -6.725427 1.390384 -5.363073 -17.753270 5.388032 13.266378
18.483837 4.440038 -32.314687 6.525112 -6.255620 1.036824 -5.743003 -17.247431 4.915492 12.031199
19.450159 3.918397 -32.646393 6.731334 -5.791307 0.677349 -6.117732 -16.695718 4.329645 11.028697
20.273458 3.440699 -32.936857 6.886157 -5.324195 0.348603 -6.484281 -16.089725 3.709217 10.159740
20.867045 3.164967 -33.121520 7.045609 -5.084828 0.162590 -6.739395 -15.761297 3.367993 9.629656
21.172323 2.967770 -33.219368 7.058288 -4.908666 0.010781 -6.859505 -15.541956 3.148149 9.263587
21.326580 2.811648 -33.239396 6.979013 -4.709775 -0.090668 -6.848044 -15.349816 3.043821 8.982016
21.389506 2.749459 -33.265720 6.961898 -4.629880 -0.132620 -6.842664 -15.260006 2.988708 8.886826
21.000101 2.926182 -33.094697 6.835483 -4.497870 -0.106954 -7.275756 -15.010860 3.024681 8.990082
19.661915 3.527002 -32.586617 6.398012 -4.309308 0.121566 -8.562401 -14.519123 3.212268 9.286084
16.697897 4.718152 -31.719018 5.515557 -4.308546 0.556533 -10.667377 -14.053669 3.174035 10.544873
13.473600 6.234504 -30.790082 4.747277 -4.174571 1.129634 -12.419441 -13.514482 3.017544 12.806642
10.738590 7.265742 -29.454494 3.595985 -3.839723 2.532062 -13.447466 -13.266326 2.888519 14.409773
7.423869 8.220889 -27.405898 1.702755 -3.927802 3.910993 -14.502761 -13.569787 3.974982 15.418176
4.096720 9.426347 -25.503024 0.464547 -4.132367 5.162035 -16.962977 -13.369671 4.338919 15.999265
1.893835 10.915832 -21.775440 -0.799943 -4.856516 6.492978 -20.355762 -12.944010 2.774964 18.107912
-1.541388 12.722906 -19.589665 -1.415002 -4.152756 7.891283 -24.278436 -10.738454 4.151399 17.910847
-3.380845 13.187632 -17.603305 -1.823533 -2.815585 11.936668 -28.020696 -8.037162 3.908729 15.896607
-3.445760 11.902343 -14.532986 -3.692932 -3.092980 14.027861 -29.477788 -8.730381 2.672160 15.202338
-2.433820 10.571385 -12.234473 -5.204796 -3.886889 15.136868 -30.098805 -10.125683 2.415838 14.065725
-1.811376 9.504974 -10.731001 -6.601045 -4.018111 15.593196 -30.301454 -10.631081 2.866194 12.248805
-0.309725 8.243200 -10.280098 -7.624299 -3.757232 15.215134 -29.059884 -11.240510 4.044151 9.719276
0.670545 7.085237 -10.307689 -8.444225 -3.551244 14.734625 -28.483893 -11.947782 5.138588 7.486418
1.524326 6.150200 -9.884175 -9.058698 -3.584863 14.190658 -28.839612 -12.040833 5.503584 5.459422
2.266166 5.359789 -9.142280 -9.813979 -3.908449 13.512948 -29.713096 -12.267601 5.177244 3.982083
2.696367 4.758904 -8.449349 -10.465338 -4.204390 13.205940 -29.922551 -12.591859 5.112480 3.143199
3.056645 4.375184 -8.247312 -10.818362 -4.289812 12.967452 -30.014230 -12.773301 4.966798 2.683546
3.212078 4.238043 -8.206681 -10.932524 -4.328886 12.810318 -29.963701 -12.842593 4.880416 2.613422
3.192172 4.225113 -8.128904 -10.998614 -4.333361 12.849217 -30.056690 -12.854519 4.857325 2.564835
3.186348 4.132168 -7.935298 -11.188431 -4.275881 13.005422 -30.253182 -12.851069 4.788710 2.327324
3.215259 3.949542 -7.700132 -11.486086 -4.213814 13.157619 -30.495725 -12.871395 4.663497 2.035679
3.296972 3.718596 -7.551544 -11.792260 -4.005917 13.383343 -30.617495 -12.748562 4.456681 1.722512
3.351797 3.508472 -7.350728 -12.104458 -3.705677 13.635280 -30.893348 -12.425853 4.108514 1.313208
3.329842 3.206513 -6.995026 -12.625149 -3.289474 13.994097 -31.245864 -12.057616 3.653223 0.766775
3.181376 2.882667 -6.688673 -13.173078 -2.858749 14.247556 -31.631551 -11.658876 3.135162 0.332373
2.867375 2.670952 -6.293106 -13.729439 -2.636497 14.444134 -32.487547 -11.252242 2.378959 0.018280
2.342505 2.644365 -6.000095 -14.250020 -2.500994 14.587641 -33.467503 -10.964484 1.682438 -0.165443
1.479707 2.761822 -5.425550 -14.962474 -2.055859 15.049857 -34.408793 -10.460304 1.009857 -0.271159
0.701050 2.988215 -4.710767 -15.676377 -1.686442 15.645881 -35.301543 -9.975061 0.412374 -0.507251
-0.225266 3.279315 -3.872518 -16.469451 -1.301748 16.284000 -35.889769 -9.487635 -0.099152 -0.677562
-0.919205 3.381330 -3.033121 -17.352230 -0.880863 17.050014 -36.391820 -9.078762 -0.607504 -1.049363
-1.655465 3.568121 -2.211593 -18.181911 -0.487945 17.845999 -36.682859 -8.665785 -1.102390 -1.355239
-2.432904 3.632125 -1.302021 -19.281549 -0.033737 18.707701 -36.978414 -8.279734 -1.653182 -2.019004
-3.402630 3.636277 -0.054320 -20.623249 0.293061 19.770639 -37.408277 -7.938163 -2.191547 -3.053635
-4.428864 3.619517 1.184444 -21.952671 0.475815 20.741443 -37.721940 -7.654799 -2.633467 -4.146026
-5.240242 3.637237 2.112880 -22.973177 0.630776 21.575421 -37.913045 -7.386884 -2.997894 -5.015100
-5.721274 3.667339 2.622989 -23.518607 0.728031 22.056211 -37.947066 -7.188405 -3.163005 -5.498896
-5.855327 3.682721 2.777568 -23.682692 0.770914 22.198920 -37.927411 -7.122087 -3.211389 -5.649421
-5.848501 3.682922 2.788415 -23.683060 0.778291 22.203955 -37.926936 -7.121304 -3.212047 -5.652142
-5.853872 3.691665 2.798212 -23.683667 0.792702 22.205811 -37.927834 -7.127005 -3.220479 -5.658282
-5.842351 3.690205 2.813197 -23.681674 0.796185 22.217530 -37.925429 -7.131157 -3.219566 -5.663779
-5.838874 3.691830 2.822133 -23.678626 0.801381 22.226911 -37.930457 -7.131085 -3.216567 -5.668790
-5.836598 3.694046 2.833161 -23.673833 0.796371 22.227867 -37.938269 -7.135844 -3.218216 -5.669364
-5.838925 3.695929 2.839805 -23.675337 0.791559 22.227440 -37.942732 -7.140862 -3.221690 -5.667921
-5.847708 3.696652 2.839227 -23.678924 0.787382 22.223366 -37.950255 -7.139894 -3.228528 -5.667421
-5.854383 3.695586 2.843041 -23.686947 0.778548 22.223622 -37.955087 -7.136296 -3.233964 -5.668280
-5.856848 3.691644 2.844520 -23.691118 0.762598 22.216441 -37.961564 -7.142357 -3.236977 -5.663071
