-4.860815 -0.682185 -31.300629 -13.794583 10.152697 6.801618 1.560859 -4.861603 -5.081308 12.925798
-4.589793 0.400585 -30.549427 -14.597311 10.441628 6.420102 2.748477 -5.932304 -6.455577 14.664318
-4.512600 0.844661 -30.274672 -14.144683 10.578060 7.445197 2.514918 -5.590549 -6.433770 15.263926
-5.303712 1.997052 -29.544201 -13.040898 9.648604 8.959013 1.155459 -5.753582 -5.539772 16.224841
-5.644444 3.123585 -29.110005 -11.933453 9.310740 9.573383 -0.342814 -5.623295 -5.025308 16.506231
-6.309453 4.919902 -28.904561 -10.922996 9.016809 9.486904 -1.706526 -5.431024 -4.498166 17.887858
-6.005373 5.952975 -29.195850 -9.725791 8.729348 8.629721 -3.341951 -5.076007 -4.900918 19.073945
-6.784977 7.126603 -29.610453 -8.030537 7.845555 8.278152 -5.571803 -5.141057 -4.595117 20.353597
-7.213646 8.194179 -29.777627 -6.398126 6.504738 8.359200 -7.548557 -5.800011 -3.863415 21.282555
-5.728741 9.133682 -29.315240 -4.744553 3.840902 7.630730 -7.606532 -8.162353 -1.852111 22.062150
-2.617115 9.238065 -29.469421 -2.945455 1.697349 6.014065 -6.812101 -10.390892 0.160084 21.777082
-1.980880 10.053538 -29.409077 -1.917716 0.252537 5.182280 -6.427438 -11.781407 2.555138 21.558481
-1.888215 11.357276 -28.829714 -1.467906 -1.064592 4.862854 -5.465902 -13.327179 4.226633 23.055579
-1.245596 11.952202 -27.540138 -1.419473 -2.640893 4.901807 -5.594650 -14.801374 5.205860 23.922351
0.150015 11.540087 -26.562928 -1.581985 -3.998195 4.412790 -6.014126 -15.822046 5.623163 23.578398
1.374863 11.102629 -26.581454 -1.350409 -5.236380 3.358159 -5.730448 -17.043726 6.612900 22.982060
2.573480 11.051262 -26.374678 -0.831299 -6.747854 3.494623 -4.539123 -18.659662 7.967943 22.830629
3.354662 11.123033 -26.283389 -0.203280 -7.734449 3.409681 -3.689684 -19.785689 8.618223 23.207489
3.529048 11.112924 -26.377361 0.053119 -8.118404 3.353167 -3.790048 -20.046500 8.519783 23.232253
3.490131 11.091747 -26.356296 -0.028530 -8.129528 3.273809 -3.796798 -20.062972 8.499307 23.176018
3.627041 11.055643 -26.469780 0.099572 -8.147107 3.261621 -3.835677 -20.038233 8.402015 23.147525
3.996794 10.975541 -26.793694 0.456752 -8.214379 3.192470 -3.931641 -19.990886 8.181109 23.046784
4.623275 10.816969 -27.280615 0.979550 -8.334449 3.056370 -4.009890 -19.932231 7.864504 22.846130
5.435406 10.586323 -27.811162 1.535327 -8.498904 2.818991 -4.044929 -19.899408 7.478349 22.566495
6.370448 10.283848 -28.300501 2.020111 -8.656190 2.449129 -4.068684 -19.877013 7.059698 22.145819
7.553008 9.833971 -28.894650 2.488448 -8.697496 1.923982 -4.049410 -19.795317 6.570494 21.338491
9.001681 9.249377 -29.498522 3.003393 -8.580379 1.444795 -4.146491 -19.615590 5.994367 20.158569
10.357710 8.718164 -29.905498 3.386452 -8.510336 0.950780 -4.402649 -19.475033 5.561957 18.936843
11.670038 8.184353 -30.246405 3.650264 -8.407734 0.389299 -4.537819 -19.363996 5.185251 17.781340
13.006071 7.624266 -30.804395 4.048059 -8.158558 -0.124775 -4.593908 -19.135029 4.785218 16.536962
14.162447 7.050061 -31.289994 4.188995 -7.600460 -0.583566 -4.532217 -18.711230 4.414356 15.243845
15.438047 6.443994 -31.662579 4.340950 -7.073633 -1.015014 -4.702136 -18.237527 4.045839 13.845653
16.757416 5.835634 -32.052779 4.615451 -6.499412 -1.462925 -4.941459 -17.646551 3.575396 12.538192
17.909641 5.260247 -32.325142 4.824102 -5.989943 -1.782755 -5.315724 -17.108894 3.037396 11.327233
18.892607 4.743184 -32.659877 5.044118 -5.510622 -2.121473 -5.695835 -16.534213 2.423217 10.328287
19.702256 4.293812 -32.954178 5.213892 -5.039531 -2.455532 -6.067755 -15.916143 1.798390 9.496360
20.283587 4.033494 -33.128173 5.372394 -4.806580 -2.662003 -6.323320 -15.592899 1.457595 8.996939
20.583333 3.846371 -33.208497 5.383985 -4.637904 -2.827350 -6.436064 -15.375596 1.250187 8.653979
20.729379 3.702835 -33.212080 5.305929 -4.438845 -2.929306 -6.422598 -15.191553 1.153367 8.388159
20.791120 3.641630 -33.235826 5.289708 -4.358606 -2.973984 -6.420280 -15.103721 1.102441 8.297507
20.422463 3.809167 -33.071544 5.160556 -4.215067 -2.920567 -6.853023 -14.846128 1.148620 8.371314
19.121906 4.362200 -32.562792 4.681677 -4.000895 -2.646791 -8.104963 -14.371403 1.342835 8.576287
16.177831 5.458152 -31.709577 3.763846 -3.995579 -2.164781 -10.179329 -13.941397 1.420925 9.683216
12.924902 6.813221 -30.853050 3.058794 -4.015658 -1.630916 -11.977984 -13.477146 1.433049 11.796461
10.147346 7.726627 -29.544816 2.095366 -3.878345 -0.079391 -13.356007 -13.228566 1.301081 13.385464
6.788164 8.759860 -27.405764 0.115025 -3.990727 1.196139 -14.377733 -13.553671 2.340077 14.484587
3.560689 10.035325 -25.454548 -1.129471 -4.183762 2.510908 -16.806530 -13.357979 2.413230 15.351865
0.506185 10.554355 -22.674734 -1.598358 -5.080159 4.516698 -20.107219 -13.212332 1.681215 16.918478
-2.660634 11.447887 -20.413926 -2.179075 -4.995936 6.442355 -23.777529 -11.790018 2.024854 16.940070
-3.845184 11.658247 -18.805184 -1.664488 -3.488340 10.408380 -27.957632 -8.836738 1.400258 15.157422
-3.917458 10.415532 -16.130026 -3.377488 -3.471663 12.497341 -29.003508 -9.229742 0.739256 14.017753
-2.738759 9.115726 -13.908930 -4.693313 -4.285202 13.466400 -29.493137 -10.563384 0.540635 12.967166
-2.124886 8.121595 -12.446526 -6.028372 -4.426349 13.911103 -29.707962 -11.131136 0.972365 11.136784
-0.453787 6.752508 -11.963877 -7.340650 -4.181765 13.293918 -28.440887 -12.116626 2.138750 8.442096
0.277308 5.754482 -11.923769 -8.539490 -4.079295 12.583134 -28.044290 -13.081575 3.218861 6.162222
0.996711 4.946045 -11.569017 -9.268082 -4.236135 12.035829 -28.489160 -13.206709 3.592972 4.185723
1.654758 4.196914 -10.906912 -10.038216 -4.715755 11.325768 -29.264668 -13.488512 3.331201 2.679591
1.996080 3.669231 -10.239626 -10.758092 -5.042145 10.972501 -29.427965 -13.825914 3.306462 1.791156
2.322522 3.344326 -10.006400 -11.105629 -5.148780 10.724411 -29.544572 -13.971645 3.150279 1.353012
2.465348 3.227770 -9.948668 -11.222301 -5.209069 10.546905 -29.504433 -14.036647 3.068970 1.280406
2.450797 3.211231 -9.859503 -11.292098 -5.221198 10.581191 -29.593416 -14.043254 3.043196 1.225227
2.439628 3.122885 -9.645967 -11.478051 -5.191820 10.720820 -29.808454 -14.029199 2.965576 0.973806
2.438974 2.971695 -9.374286 -11.787636 -5.168801 10.853016 -30.095847 -14.042225 2.830662 0.659111
2.477716 2.772764 -9.213661 -12.090451 -4.989785 11.058714 -30.296250 -13.898890 2.614223 0.314384
2.530235 2.550423 -9.053990 -12.392737 -4.726678 11.270486 -30.612690 -13.599571 2.280139 -0.113613
2.475258 2.254717 -8.738387 -12.911766 -4.346262 11.643474 -31.051439 -13.200653 1.820916 -0.662167
2.288936 1.957466 -8.403526 -13.465965 -3.955761 11.987120 -31.525056 -12.738039 1.296854 -1.142407
1.981676 1.724062 -7.984588 -13.983498 -3.769145 12.326871 -32.327415 -12.290426 0.610834 -1.541914
1.441110 1.680376 -7.713782 -14.469996 -3.633066 12.574044 -33.276017 -11.908174 -0.057016 -1.754690
0.604569 1.757069 -7.102247 -15.138362 -3.130220 13.143588 -34.138610 -11.326861 -0.726566 -1.874457
-0.076479 1.866039 -6.473251 -15.775933 -2.707755 13.864393 -34.894188 -10.793411 -1.269236 -2.166945
-0.879439 2.079406 -5.668162 -16.489427 -2.337215 14.521785 -35.453117 -10.295940 -1.779890 -2.331887
-1.546721 2.168007 -4.805966 -17.390921 -1.931049 15.298355 -35.966993 -9.864252 -2.337023 -2.684974
-2.217774 2.250281 -3.993884 -18.249011 -1.580757 16.039874 -36.266264 -9.505099 -2.842000 -3.070142
-2.941070 2.226456 -3.145846 -19.332855 -1.144185 16.854427 -36.521427 -9.157355 -3.360901 -3.816067
-3.850534 2.184191 -1.908411 -20.646034 -0.840620 17.862171 -36.939472 -8.902575 -3.886872 -4.885017
-4.883635 2.188197 -0.638571 -21.933798 -0.679762 18.796146 -37.299764 -8.659126 -4.323921 -5.954936
-5.730672 2.214217 0.377656 -22.934871 -0.556128 19.588711 -37.564631 -8.424342 -4.705167 -6.805689
-6.196476 2.228989 0.908455 -23.472795 -0.442994 20.047728 -37.616332 -8.255750 -4.878509 -7.269329
-6.322690 2.241291 1.078230 -23.641389 -0.391897 20.182273 -37.593820 -8.194467 -4.929677 -7.404270
-6.324238 2.244105 1.085755 -23.643623 -0.387062 20.186820 -37.589105 -8.195141 -4.928057 -7.411371
-6.330715 2.251014 1.094226 -23.645040 -0.373169 20.186574 -37.580329 -8.203960 -4.932831 -7.422602
-6.322799 2.251958 1.104883 -23.646429 -0.365766 20.187640 -37.570911 -8.209305 -4.932143 -7.429170
-6.323415 2.252746 1.111667 -23.646137 -0.360840 20.189931 -37.573894 -8.208665 -4.929984 -7.436825
-6.324073 2.254296 1.117643 -23.640679 -0.366404 20.187839 -37.577252 -8.208023 -4.930167 -7.437452
-6.327961 2.255241 1.124729 -23.641912 -0.372420 20.188613 -37.580680 -8.208455 -4.930703 -7.437885
-6.337573 2.257974 1.126767 -23.641709 -0.374421 20.187906 -37.591727 -8.202898 -4.936017 -7.435395
-6.343424 2.255973 1.133424 -23.648870 -0.381849 20.189994 -37.596311 -8.192706 -4.939266 -7.433370
-6.348755 2.251235 1.137172 -23.655831 -0.398092 20.188427 -37.598632 -8.190234 -4.933814 -7.431828
