20.265660 2.226756 -5.184795 -16.208297 3.139456 5.169105 10.581694 -9.579307 32.157539 6.826222
19.917156 1.674347 -6.603547 -16.599548 4.160825 4.210218 11.613376 -7.883609 32.112162 6.406542
19.157770 1.219664 -8.517344 -16.688516 5.368652 3.269047 12.316927 -6.198814 31.921393 5.649279
18.345806 0.885199 -10.202031 -16.644050 6.501596 2.505592 12.419485 -4.780876 31.501955 4.953996
17.385663 0.565501 -12.243529 -16.458539 7.887028 1.406437 12.381772 -3.366870 30.965253 4.295995
15.376440 1.499933 -14.519569 -17.063520 9.641369 -0.608159 13.749133 -3.024073 29.482945 5.397441
14.324446 1.640181 -16.596443 -16.729958 11.087247 -1.786991 13.873312 -1.999316 28.650037 5.189516
13.451883 1.337663 -18.259896 -16.764729 12.787254 -3.083297 13.867103 -0.916544 27.482934 4.599943
12.589975 1.088447 -19.521085 -17.044354 14.451656 -4.172543 13.745058 -0.114189 26.388196 3.591097
12.322827 0.623944 -20.563120 -17.096970 16.001338 -5.185318 13.573663 0.642207 25.060804 2.392497
11.749219 0.280308 -21.620403 -17.240922 17.261112 -6.187802 13.588676 0.941983 23.383966 1.705356
11.719776 -0.412723 -22.306104 -17.674623 18.680652 -7.266433 13.610022 1.026979 21.379039 0.917542
11.565248 -0.996283 -23.161265 -17.962629 19.898559 -8.232248 13.678375 0.884292 19.416256 0.520755
11.659169 -1.513513 -24.153292 -18.031210 21.054009 -9.213918 13.890988 0.749798 17.331032 0.210114
11.740482 -1.878802 -25.316655 -17.906733 22.191129 -10.260281 14.115889 0.636317 15.468492 -0.102127
11.732250 -2.312198 -26.509176 -17.903860 23.112480 -11.312847 14.391716 0.670280 13.606000 -0.347811
11.238970 -2.459363 -27.409115 -17.963322 23.845783 -12.174926 14.269920 0.547775 11.941317 -0.437015
10.201816 -2.360982 -28.273847 -18.029133 24.147607 -12.666220 14.302630 0.552135 10.908718 -0.123033
8.799505 -2.219449 -29.081019 -18.233907 24.424960 -13.078097 14.171916 0.769548 9.967894 0.305147
7.534559 -2.228543 -29.847721 -18.553436 24.431438 -13.521129 13.869845 1.265738 9.100729 0.776365
6.379060 -2.206535 -30.543011 -18.814912 24.459316 -13.886457 13.462220 1.680528 8.220256 1.104003
5.496510 -2.307355 -31.276086 -18.997661 24.449870 -14.238127 13.261817 1.932460 7.346344 1.312275
4.574482 -2.324090 -32.095600 -19.013207 24.325008 -14.622283 13.087899 2.109377 6.380595 1.733960
3.873773 -2.303899 -32.959144 -18.855157 24.198571 -14.935803 13.044437 2.246583 5.530065 2.223877
3.338720 -2.265169 -33.607198 -18.640571 23.957238 -15.083775 12.847185 2.338682 4.932503 2.581918
2.927477 -2.312242 -34.159380 -18.430618 23.752454 -15.196898 12.474496 2.515772 4.438348 2.697597
2.618103 -2.396851 -34.565147 -18.271520 23.579728 -15.213046 12.010973 2.730993 3.992803 2.702220
2.364861 -2.469045 -34.860654 -18.143138 23.402711 -15.174871 11.657879 2.851292 3.593641 2.766284
2.164128 -2.477510 -35.036913 -18.043551 23.231538 -15.128477 11.457220 2.852880 3.338824 2.874210
2.055038 -2.457313 -35.115895 -17.987844 23.119360 -15.092453 11.367061 2.828143 3.232917 2.944982
1.996491 -2.450063 -35.155755 -17.977260 23.076609 -15.087297 11.338487 2.812183 3.195213 2.974078
1.968580 -2.470598 -35.151864 -17.994743 23.025967 -15.032501 11.397970 2.734919 3.191096 2.995059
1.803731 -2.538930 -35.153030 -18.119278 22.872268 -14.904127 11.596362 2.536611 3.152925 3.120786
1.491078 -2.627139 -35.112703 -18.291346 22.550969 -14.625338 11.881787 2.125461 3.126044 3.318775
1.022401 -2.714915 -35.069166 -18.580941 22.157246 -14.356596 12.299035 1.542000 3.039116 3.629674
0.461319 -2.825625 -35.033894 -18.911191 21.641630 -14.040688 12.749147 0.867728 2.910949 4.019038
-0.280772 -2.966860 -35.032119 -19.356104 20.949789 -13.750003 13.139252 0.109666 2.744068 4.441974
-1.194359 -3.043051 -34.888564 -19.899075 20.121787 -13.368537 13.484990 -0.887369 2.524714 4.928148
-1.957454 -3.118934 -34.616052 -20.474524 19.135419 -13.012717 13.910511 -2.063832 2.352142 5.546449
-2.938060 -3.184376 -34.252343 -21.222983 18.103067 -12.687005 14.379930 -3.342682 2.090604 6.358742
-3.905471 -3.058739 -33.786200 -21.863102 17.068983 -12.323885 14.887490 -4.625904 2.068632 7.283915
-4.605240 -2.976453 -33.413069 -22.284591 16.100428 -11.996240 15.087583 -5.672332 2.073975 7.934706
-5.211396 -2.926335 -32.936549 -22.685655 15.126569 -11.510683 15.502502 -6.721608 2.174353 8.647233
-5.750585 -2.816082 -32.406736 -23.034649 14.269210 -11.059703 15.966806 -7.680629 2.361343 9.434824
-5.784304 -2.793660 -32.142887 -23.081814 13.653957 -10.809388 16.298406 -8.347317 2.266919 9.985516
-5.972130 -2.737639 -31.933641 -23.158000 13.097933 -10.518424 16.540465 -9.028494 2.167835 10.470384
-5.976511 -2.693377 -31.705068 -23.194830 12.744970 -10.282774 16.737141 -9.536392 2.187071 10.760338
-5.724379 -2.725740 -31.539248 -23.117376 12.473971 -10.078632 16.875349 -9.886313 2.243508 10.873066
-5.505909 -2.725777 -31.344700 -23.097065 12.319617 -9.949286 16.988166 -10.128847 2.329789 10.988434
-5.336244 -2.719782 -31.195292 -23.043036 12.241927 -9.825411 17.015402 -10.286688 2.412146 11.007654
-5.286252 -2.721886 -31.142345 -23.033008 12.205546 -9.778570 17.021688 -10.349273 2.442831 11.004514
-5.258846 -2.789379 -30.858646 -23.191349 12.229495 -9.595060 16.891727 -10.426329 2.613379 10.738777
-4.838570 -3.061432 -30.223464 -23.506935 12.635894 -9.164094 16.676505 -10.383952 3.161130 9.701761
-3.265199 -3.533820 -28.789025 -23.526663 13.317545 -8.231683 15.695253 -9.825557 4.451708 7.748806
-0.541053 -4.266619 -27.418314 -23.146552 14.275645 -7.337819 14.832095 -8.850567 5.739497 5.368305
2.134452 -5.138139 -26.111890 -22.736018 14.892961 -6.169604 13.314821 -7.057285 7.628038 2.719567
3.556585 -6.066140 -24.156783 -23.175121 16.115432 -4.606832 11.030799 -3.868641 9.847157 -0.258375
4.371931 -7.735725 -21.650779 -23.242233 16.052026 -1.188595 7.724440 -0.163160 14.410573 -4.496672
4.102775 -7.454610 -17.450876 -23.584302 16.060734 2.023298 3.911238 2.578746 18.713130 -6.291825
4.363532 -7.511654 -13.428788 -24.753019 15.402877 3.977283 -0.895533 5.404296 20.583002 -7.064034
6.857044 -8.596538 -12.359721 -22.822095 11.015918 5.799383 -6.116977 7.407750 21.571635 -6.899994
10.133558 -8.914719 -12.967951 -19.826029 7.227767 6.575026 -7.557628 7.849765 22.802490 -5.316610
14.366310 -9.275543 -12.228050 -18.101839 4.434015 6.639631 -9.445727 7.593244 21.179028 -3.466907
18.403105 -9.982293 -12.886997 -15.361253 2.455066 7.586213 -11.496218 7.471829 18.056646 -1.415622
22.056563 -11.082513 -13.958410 -12.999299 -0.338575 8.290438 -12.374989 6.385661 14.635105 -0.480371
26.607506 -12.792023 -13.798646 -11.998423 -1.897023 8.990210 -12.675751 6.535350 11.706018 1.472476
29.471396 -13.302590 -15.789695 -10.858685 -1.849567 8.048259 -10.069826 7.667094 9.375577 3.861678
32.296850 -13.530612 -18.404647 -9.428999 -1.181550 6.395812 -5.932804 8.578908 7.786843 5.923737
32.846012 -14.133883 -19.677130 -9.773134 -1.100998 4.992991 -2.324369 8.816425 6.156726 7.714056
33.189712 -14.514662 -19.802808 -10.304573 -0.991312 4.241119 -0.983319 8.772998 5.400103 8.283975
33.025341 -14.547919 -19.710235 -10.582945 -1.096187 4.067098 -0.663672 8.577355 4.978730 8.553594
33.102766 -14.553162 -19.702681 -10.570857 -1.168834 4.056044 -0.668621 8.616584 4.998473 8.641841
33.221533 -14.568003 -19.673312 -10.621252 -1.282576 4.037896 -0.695351 8.758910 4.976638 8.880775
33.300044 -14.476065 -19.394711 -10.698511 -1.613380 4.249329 -1.002846 8.844002 4.961459 9.393845
33.282819 -14.386642 -18.844454 -10.897230 -2.100856 4.440173 -1.613296 9.003484 4.807060 9.940214
32.947962 -14.115332 -18.166207 -11.136492 -2.744824 4.827222 -2.432257 9.104473 4.767505 10.632068
32.724708 -14.313555 -16.929658 -11.810616 -3.687698 5.477983 -3.602803 9.007541 4.735637 11.028560
32.005133 -14.462302 -15.655182 -12.863559 -4.876239 6.008761 -4.699145 8.990847 4.424431 11.823596
31.152145 -14.659764 -14.066792 -13.928351 -5.923755 6.904714 -5.844569 8.773557 4.492852 12.014866
30.183349 -15.019821 -12.757016 -14.888185 -7.335969 7.606946 -7.192612 8.510836 4.244579 12.391795
29.168574 -15.271724 -11.615311 -15.807502 -8.768022 8.130394 -8.364651 8.233752 4.192841 12.769855
28.502244 -15.663267 -10.342643 -16.746116 -9.941276 8.694589 -9.114656 7.993277 4.143690 13.373081
27.806491 -16.141733 -9.197576 -17.744206 -10.891297 8.961654 -9.642262 7.870044 3.827489 13.944134
27.263951 -16.643139 -8.232212 -18.557854 -11.613086 9.152959 -10.122590 7.790534 3.271177 14.585489
26.847544 -17.010439 -7.399527 -19.106635 -12.167781 9.323932 -10.564003 7.627422 2.694147 15.348624
26.324659 -17.234978 -6.644676 -19.665060 -12.774194 9.438420 -10.847181 7.357296 2.147124 16.064380
26.038577 -17.502527 -6.001732 -20.091560 -13.138770 9.553331 -11.069818 7.187855 1.704634 16.493313
25.682342 -17.579654 -5.603610 -20.362360 -13.288466 9.588950 -11.005373 6.975728 1.546812 16.840397
25.275945 -17.462474 -5.432281 -20.569801 -13.339541 9.450438 -10.796190 6.704707 1.429953 17.124745
24.953424 -17.337499 -5.408796 -20.634556 -13.369125 9.374675 -10.666255 6.479710 1.425710 17.205022
24.845256 -17.275140 -5.439006 -20.607638 -13.361067 9.359565 -10.647285 6.409539 1.414748 17.208940
