27.716856 -31.790936 20.599108 23.576809 -10.486028 -23.490448 20.070004 29.740858 -10.023286 14.520761
28.786551 -33.103119 20.452036 22.734146 -7.830840 -24.069448 21.971533 30.226286 -11.217584 14.578984
30.303143 -33.564846 20.644606 21.670832 -5.893671 -23.544378 23.669785 29.565907 -12.114532 14.557474
31.225470 -33.278267 20.833338 20.091646 -2.961125 -23.186352 26.270128 29.896343 -12.982519 14.739659
31.860004 -32.690708 20.145069 18.858963 0.414615 -23.477196 29.215223 30.569941 -13.141706 15.248197
33.073402 -31.870258 19.219509 17.308216 4.301896 -23.762203 32.642399 31.332497 -12.853063 15.580944
32.906673 -29.444494 19.210978 15.740404 7.772549 -23.488441 35.982208 32.649521 -12.852653 16.096786
33.546463 -26.645905 18.781099 13.946123 10.777428 -22.629553 39.183571 33.942005 -12.071660 16.871668
32.948162 -22.563580 18.657784 12.513816 13.748357 -22.046322 42.361526 34.855221 -11.223939 17.513615
33.033062 -18.962635 18.032913 11.047727 16.879448 -21.739141 45.479893 35.318893 -10.104901 17.929169
33.755550 -15.556889 17.667269 8.966733 19.999096 -20.812857 48.626221 35.898113 -9.060933 18.190584
35.020924 -12.411499 16.890766 7.268493 22.220182 -19.621653 51.249424 35.623215 -7.347467 18.477276
36.698448 -8.185940 15.942274 5.780895 23.127144 -17.556595 53.261612 34.406601 -4.549200 18.825504
38.070782 -3.474589 15.425455 4.244513 22.951723 -14.925634 54.554085 33.775864 -1.465791 19.016243
39.299911 1.479168 15.112680 3.035100 21.949459 -11.976078 55.123344 33.067326 1.729558 19.286472
41.646740 3.900405 15.441008 1.759511 19.590162 -8.238526 53.988331 31.886646 3.878932 18.996456
44.132130 5.706620 15.628454 0.606201 17.082989 -4.671901 52.731846 31.034466 5.943065 18.865093
45.684479 7.659882 16.893335 -0.586307 13.436817 -0.681711 50.697254 31.136339 7.532197 18.519829
48.434464 8.877904 17.563086 -1.891947 10.755483 3.089761 49.361980 29.935253 9.112141 18.153597
51.144089 9.959781 18.390343 -3.222049 8.340245 6.749100 48.083851 27.944389 10.211746 17.608215
53.580456 11.411195 18.842604 -4.312103 6.238603 9.720700 46.958481 26.035292 11.723926 16.891529
55.984249 12.373406 19.986126 -5.679182 3.732533 13.206161 45.425190 23.818607 12.403820 15.924962
58.452560 13.198596 20.415342 -6.510059 1.457348 16.145130 44.045986 20.720337 13.304559 15.263025
61.460865 14.538777 20.213757 -6.800421 -1.587977 19.334139 42.409657 16.557096 15.095630 15.089388
63.858173 15.513917 19.689035 -7.455163 -2.632519 21.183466 41.983513 14.022543 16.673597 14.630389
65.437363 16.049492 19.763100 -7.887544 -3.862243 22.756626 41.169331 11.819777 17.374323 14.100953
66.591110 16.733973 19.585175 -8.183108 -4.566948 23.775660 40.756947 9.982852 18.152134 13.683138
67.537628 17.116838 19.183994 -8.458535 -4.537360 24.220581 40.869473 8.817467 18.678167 13.580277
67.958534 17.733955 18.836996 -8.431938 -4.731436 24.437153 40.790535 7.785268 19.277987 13.531482
68.021820 18.048006 18.723808 -8.371037 -4.913127 24.499800 40.655247 7.294819 19.551252 13.463114
68.007652 18.119898 18.698977 -8.325281 -4.958414 24.482853 40.613735 7.157352 19.594042 13.458022
68.041344 18.173830 18.635078 -8.288581 -4.966165 24.480991 40.614639 7.018827 19.669395 13.462642
68.054504 18.286587 18.422567 -8.102273 -4.989287 24.364063 40.619328 6.746826 19.889542 13.526919
68.007965 18.403168 18.048944 -7.745777 -4.921744 24.037836 40.668053 6.326076 20.196404 13.634460
67.829376 18.446644 17.632177 -7.238887 -4.976820 23.592712 40.591827 5.894329 20.534153 13.733596
67.604889 18.616333 16.998392 -6.430293 -5.069902 22.937674 40.502968 5.091698 21.051043 13.951600
67.128944 18.922140 16.181015 -5.259497 -5.379824 22.039455 40.218273 4.038736 21.769861 14.237750
66.639336 19.101990 15.367221 -3.969618 -5.836952 21.139324 39.776707 2.765377 22.396591 14.552953
65.937233 19.247793 14.636750 -2.701713 -6.191900 20.071960 39.369473 1.763018 22.924133 14.805127
65.258263 19.413206 13.858384 -1.459663 -6.353845 18.907629 39.103008 0.671835 23.441580 15.028131
64.419273 19.775402 12.832772 0.003604 -6.640820 17.571051 38.739742 -0.553600 24.267849 15.306562
63.362888 20.089024 11.850146 1.514811 -6.815972 16.077272 38.407467 -1.524552 24.948122 15.647209
62.335209 20.635529 11.131811 2.893583 -7.230206 14.931630 37.943127 -2.767872 25.579451 15.861773
61.500397 20.932268 10.587951 3.894607 -7.377312 13.934689 37.642979 -3.659770 25.985775 15.909761
60.945415 21.104193 10.049687 4.678581 -7.413954 13.111405 37.492584 -4.265339 26.365944 16.023602
60.462276 21.406570 9.777777 5.264198 -7.594662 12.592249 37.288486 -4.887980 26.682850 15.983567
60.057163 21.513716 9.646560 5.701020 -7.700475 12.164020 37.160385 -5.253777 26.779360 15.968159
59.609894 21.535952 9.533103 6.068902 -7.669783 11.690325 37.111813 -5.378119 26.772877 15.989772
59.122620 21.647951 9.483000 6.390141 -7.660431 11.275805 37.050667 -5.418035 26.771185 15.985454
58.747543 21.790499 9.485866 6.619855 -7.716003 11.030561 36.956718 -5.536783 26.784927 15.938759
58.641445 21.852848 9.468750 6.689201 -7.721175 10.945587 36.940727 -5.574079 26.818602 15.919883
58.409111 21.778080 9.468527 6.701865 -7.418457 10.684964 37.131905 -5.316454 26.676844 15.923967
57.209282 21.552614 9.760026 6.871430 -6.557108 9.749483 37.608612 -4.365091 25.979832 15.822318
55.098915 21.036499 10.532286 7.175139 -5.250029 8.263006 38.212345 -2.830888 24.660366 15.452130
51.772800 19.970621 12.119642 7.763307 -4.099990 6.454908 38.268387 -0.993576 22.223253 14.712733
48.535397 18.517078 13.365810 8.618300 -2.708612 4.336840 38.564938 0.704151 19.677696 14.404246
46.193089 17.138876 14.063550 9.948824 -1.571808 2.257077 38.885990 0.355262 17.684551 14.388943
44.172821 15.618649 14.135967 12.048043 -1.099161 -0.104317 38.635841 -0.959881 16.033651 14.677890
42.543564 13.714777 14.350753 14.542833 -1.872891 -1.430942 37.445412 -4.594417 13.937376 15.166145
40.332005 11.735747 15.178639 16.361742 -1.345367 -3.293816 36.879620 -7.968894 10.899545 14.956960
38.314598 10.938040 16.547445 18.036257 -2.116880 -4.224309 35.430260 -11.942839 8.284610 14.571189
36.938606 10.708142 16.452555 19.944189 -2.522201 -5.516337 34.350437 -16.485266 7.274531 14.245513
36.298286 9.690516 16.091032 22.185337 -4.112576 -6.831814 32.326530 -20.346905 7.331884 13.343408
36.247608 8.499051 17.205685 23.570408 -5.609333 -6.899485 30.519136 -25.476332 6.012261 11.816957
36.080784 7.401464 17.513952 24.805523 -6.523943 -7.572412 29.062113 -28.777710 5.509020 10.482818
36.274357 5.516309 17.311489 26.587444 -9.072835 -7.891190 26.455896 -31.645948 5.522895 9.679603
36.339493 3.716033 16.568233 28.265152 -10.562695 -9.096139 24.696466 -33.068493 5.913843 9.099084
36.400356 2.087749 16.237831 29.299440 -11.887576 -9.708091 23.234301 -33.260796 5.960790 8.835425
36.349483 1.164077 15.543505 30.292009 -13.183767 -10.436992 21.880465 -32.903324 6.803037 8.610693
36.374870 1.032203 15.279506 30.686541 -14.188548 -10.444473 21.018076 -32.674049 7.444265 8.491584
36.375996 0.929060 15.183105 30.806978 -14.550925 -10.460861 20.698397 -32.464886 7.656088 8.471259
36.317780 1.063558 15.241629 30.775398 -14.496858 -10.434782 20.739996 -32.553341 7.625902 8.428450
36.008320 1.388187 15.374326 30.774889 -14.349335 -10.507211 20.799393 -32.640675 7.549907 8.309569
35.503616 1.958096 15.566835 30.902119 -14.333824 -10.614674 20.730906 -32.993904 7.543921 8.087625
35.028019 3.175780 15.632063 31.089624 -14.509467 -10.537694 20.593657 -33.809891 7.988053 7.842371
34.029873 4.563756 15.979330 31.340540 -14.895377 -10.472936 20.314306 -34.356915 8.269051 7.592740
33.157207 5.931871 16.549356 31.441027 -15.383709 -10.195482 19.980453 -35.047863 8.397654 7.221454
32.210804 7.455086 17.209898 31.585567 -16.016735 -9.795091 19.544600 -35.953484 8.532854 6.797627
31.181616 9.392511 17.825752 31.714251 -17.027298 -9.222550 18.938580 -36.627579 9.026787 6.438857
30.114578 10.990399 18.235619 31.958540 -17.974907 -8.944304 18.313231 -36.948193 9.594161 6.116241
28.909548 12.423293 18.597242 32.420284 -19.299843 -8.703936 17.348732 -37.203846 10.215453 5.832540
27.974665 13.548558 19.080711 32.717571 -20.586617 -8.304253 16.405943 -37.350716 10.663020 5.520130
26.954262 14.706070 19.721823 33.129581 -22.237656 -7.836330 15.095665 -37.635971 11.192369 4.955112
26.063437 15.547900 20.559408 33.336479 -23.757982 -7.220233 13.925242 -37.690018 11.385518 4.427250
25.425900 15.951053 21.404339 33.456215 -25.368965 -6.448474 12.686863 -37.605713 11.396630 4.012465
24.834314 16.427526 22.177189 33.634338 -26.910789 -5.709049 11.536481 -37.843594 11.479298 3.607744
24.487583 16.680227 22.845758 33.707577 -28.183130 -5.017894 10.600471 -38.049732 11.445791 3.295997
24.103271 16.945650 23.374744 33.743103 -29.158186 -4.537297 9.870068 -37.967216 11.413600 3.073566
23.989277 16.954643 23.696272 33.685234 -29.720783 -4.197909 9.465591 -37.738743 11.344379 2.969860
23.848572 16.917030 23.878532 33.651306 -29.946815 -4.097909 9.290188 -37.493050 11.255153 2.918942
23.869093 16.900806 23.954742 33.615356 -30.069105 -3.990816 9.209799 -37.456745 11.223888 2.906334
23.869976 16.897085 23.952581 33.617939 -30.071983 -3.992545 9.206935 -37.456635 11.225791 2.906173
23.871122 16.888866 23.948759 33.622608 -30.075878 -3.997450 9.202341 -37.454811 11.227822 2.906360
23.871403 16.887730 23.947050 33.622883 -30.076872 -3.998141 9.201183 -37.452953 11.228970 2.907016
23.870670 16.887295 23.946959 33.621712 -30.073830 -3.999353 9.203150 -37.450413 11.227973 2.906962
23.869932 16.888439 23.948406 33.621532 -30.071096 -3.999802 9.205492 -37.451958 11.226389 2.906376
23.867643 16.883968 23.949944 33.620232 -30.064894 -4.003593 9.209373 -37.445477 11.220809 2.906837
23.867193 16.885653 23.950783 33.619186 -30.062941 -4.003167 9.211259 -37.445694 11.219989 2.906788
23.865711 16.892159 23.953833 33.615974 -30.059734 -4.000080 9.214697 -37.447441 11.217915 2.906811
23.862370 16.894861 23.957600 33.612537 -30.052773 -4.000243 9.220408 -37.444546 11.212282 2.907293
