0.006886 4.582669 -39.356806 -2.503695 8.672785 0.848406 0.405581 -2.611596 -4.153709 17.464952
0.818644 4.236460 -40.171312 -3.084169 9.036875 -1.743950 2.360242 -2.326583 -3.860751 16.949506
1.429989 4.063835 -40.755309 -3.997007 9.966811 -3.899648 4.680515 -1.909042 -2.996420 15.919152
1.318470 4.143265 -41.028978 -5.269536 10.584539 -6.202298 7.034816 -1.959863 -1.723923 15.338030
0.639283 4.701700 -40.533508 -6.969676 10.964150 -8.328960 9.481308 -2.320421 0.589216 15.054637
-0.002424 6.141033 -38.464593 -10.078737 11.863602 -10.618565 13.410104 -4.193477 1.683588 16.320571
-1.106492 6.775966 -36.807988 -12.457695 12.810297 -11.967628 15.512246 -4.891080 3.515498 16.367226
-2.045156 7.230346 -35.254901 -14.605565 14.073903 -13.341891 17.968378 -5.474187 5.603578 16.717846
-2.560944 7.076311 -33.204229 -16.819597 15.021904 -14.022608 19.437421 -6.337020 6.896881 16.470066
-2.037253 6.863651 -31.397022 -18.417508 16.129618 -14.463249 20.965282 -7.012194 8.096819 16.173935
-0.484384 6.344054 -29.307811 -19.483538 16.824603 -14.294907 21.970809 -7.646417 9.434107 15.242013
0.821043 5.961691 -27.354190 -20.392616 17.085472 -13.923351 22.646137 -8.323471 10.967292 14.158056
2.567109 5.434046 -25.939152 -20.722051 17.274419 -13.596443 22.578852 -7.860590 12.714024 12.767632
4.098396 5.036430 -24.442839 -20.482212 16.979310 -12.056973 21.725336 -6.596692 15.209884 11.373701
5.243880 4.813717 -23.273142 -19.842471 16.099524 -10.178688 20.833945 -5.513069 17.992561 10.429281
6.885845 4.665574 -21.936527 -19.175902 14.477186 -8.190460 20.036110 -4.798479 20.607022 10.153497
8.268613 4.398939 -20.154107 -19.121200 13.035141 -6.345216 19.321144 -4.496448 22.508649 10.191185
9.753594 4.234228 -18.009965 -18.977673 11.193610 -4.105511 18.420658 -4.952384 24.186652 10.348673
11.909458 4.322119 -15.718103 -18.727526 9.429056 -2.406036 17.858752 -6.100377 25.070793 10.639935
13.382339 4.508328 -12.576668 -19.103257 7.894304 -0.590089 16.793146 -7.233510 26.039280 10.629040
15.396442 4.318290 -9.465707 -19.645813 7.112424 0.814263 15.958034 -8.564530 26.410882 10.106601
17.424489 4.490610 -6.702995 -19.565056 5.851531 2.390003 15.052607 -10.320960 27.268214 10.060315
18.597564 5.031955 -4.768510 -19.058467 4.418369 3.761791 13.914830 -11.988012 27.867465 10.278524
19.454666 5.866940 -3.216858 -18.005481 2.640134 5.177013 12.507648 -13.528550 28.699249 10.381140
20.259181 6.669363 -2.011198 -16.776268 0.892190 6.300596 11.269987 -15.271432 29.376391 10.548960
20.657801 7.488729 -1.263594 -15.450929 -0.601374 7.272988 10.081890 -17.039229 29.796313 10.728802
20.897033 8.069128 -0.846262 -14.417207 -1.775564 7.994036 9.082353 -18.319846 30.000446 10.811829
20.847610 8.767406 -0.631547 -13.451215 -2.901597 8.529201 8.239940 -19.326702 30.211344 11.116824
20.767415 9.075199 -0.441954 -12.926253 -3.711571 8.969189 7.495306 -19.827652 30.221139 11.223243
20.696340 9.214028 -0.403187 -12.653463 -4.154749 9.143204 7.116102 -20.072845 30.122412 11.317489
20.734808 9.242387 -0.439307 -12.544294 -4.255037 9.144258 7.115968 -20.135513 30.111193 11.363962
20.630177 9.299179 -0.428307 -12.534711 -4.282797 9.187841 6.990732 -20.156488 30.093732 11.362224
20.415740 9.426523 -0.404449 -12.549553 -4.253122 9.250371 6.665179 -20.161795 30.060761 11.290975
20.063727 9.607532 -0.421276 -12.569473 -4.156525 9.298656 6.289225 -20.161365 29.991459 11.211792
19.501034 9.859282 -0.445031 -12.662880 -4.005423 9.383285 5.726200 -20.095761 29.857958 11.101131
18.799600 10.113057 -0.723727 -12.712326 -3.676341 9.343795 5.143778 -19.901722 29.652156 10.889015
17.782428 10.468131 -0.958649 -12.872186 -3.342193 9.302385 4.288409 -19.814161 29.260692 10.653585
16.683442 10.763736 -1.159640 -13.176224 -2.951518 9.254506 3.500140 -19.595430 28.888934 10.420672
15.613126 11.014988 -1.201027 -13.569219 -2.620954 9.269395 2.530287 -19.258104 28.508216 10.128112
14.569522 11.167013 -1.268812 -13.872039 -2.376789 9.394268 1.349082 -18.763106 28.167003 9.790179
13.554781 11.292848 -1.274849 -14.074230 -2.171103 9.621920 0.007512 -18.272014 27.900768 9.415884
12.496281 11.413656 -1.305049 -14.405137 -1.721569 9.787852 -1.119314 -17.807264 27.536163 8.999137
11.400637 11.596877 -1.233356 -14.857731 -1.111326 9.959626 -2.256123 -17.410850 27.208136 8.469366
10.346596 11.778425 -1.126112 -15.297441 -0.674589 10.115885 -3.251449 -17.209284 26.856330 8.074580
9.534747 11.763528 -1.187432 -15.677035 -0.158576 10.097910 -3.753716 -16.877888 26.535666 7.739066
8.831705 11.614904 -1.163843 -16.107681 0.335062 10.092545 -4.117463 -16.442773 26.246671 7.367749
8.379012 11.465304 -1.163799 -16.347415 0.604381 10.122251 -4.468096 -16.128127 26.042759 7.067179
8.043251 11.304876 -1.115789 -16.606179 0.807094 10.145127 -4.712999 -15.857813 25.871508 6.825124
7.760065 11.213208 -1.098618 -16.827517 0.931679 10.132874 -4.748237 -15.711646 25.747865 6.759079
7.562924 11.141492 -1.073742 -17.013839 1.056675 10.115644 -4.737683 -15.583262 25.664014 6.695175
7.499415 11.110456 -1.067990 -17.068234 1.084961 10.112908 -4.750113 -15.538086 25.614584 6.667042
7.446181 10.917695 -1.050929 -17.358333 1.496436 10.088983 -4.367881 -15.375332 25.681739 6.472579
7.485868 10.279889 -0.764939 -18.492220 2.722936 9.885773 -2.814772 -14.977092 25.759797 6.163708
8.453299 8.919097 -0.460376 -20.081572 4.661477 9.371085 0.102768 -13.950960 25.977718 5.673715
9.568177 7.144679 -0.143468 -21.982966 7.193862 8.506104 2.917536 -12.669862 25.732580 4.674489
10.979772 4.231192 -0.244918 -23.731703 9.461926 8.107151 5.937730 -9.982091 25.647332 3.500799
11.423811 1.258861 -1.193680 -26.151664 10.916793 7.127980 8.233525 -7.467994 24.664120 2.657342
9.619958 -0.753197 -4.357508 -27.587050 12.179621 5.429269 9.224052 -4.490003 23.355148 1.789701
8.839754 -3.447418 -8.034809 -28.465833 13.073742 3.864847 9.239334 -1.150195 21.563187 0.105677
8.066741 -5.284742 -10.457592 -28.313136 14.771425 2.504950 7.334898 1.156752 19.082266 -1.555076
7.631008 -6.499309 -12.290673 -28.013753 16.313933 1.169226 5.113576 2.757467 16.321381 -2.830554
6.148210 -7.775985 -14.066665 -28.297002 17.502388 -0.494047 2.264234 3.715226 12.415513 -3.685525
4.443918 -8.283014 -14.768489 -28.948517 17.998357 -1.481363 -0.261464 2.938566 8.465932 -3.829659
2.360279 -7.941689 -15.608795 -29.645056 17.985039 -2.769833 -2.455051 3.021259 5.466499 -3.402021
-0.457477 -7.622427 -16.936013 -29.935881 16.681542 -3.366750 -4.520915 3.928113 3.961657 -2.854560
-3.904652 -6.851541 -18.457272 -30.476594 15.172939 -4.309898 -6.081130 4.338398 2.697692 -1.526769
-6.850739 -6.458541 -19.690673 -31.514299 14.729342 -5.707944 -5.797205 3.467599 0.610188 0.181326
-10.357571 -5.833937 -20.541676 -32.836343 14.536337 -7.125406 -5.965174 2.900273 -1.711071 2.114831
-12.495867 -5.369459 -21.346516 -33.117000 14.619269 -7.611324 -6.073055 2.784336 -3.266283 3.052580
-13.288144 -5.020420 -21.613785 -33.102987 14.715327 -7.989305 -6.172360 2.794233 -4.146389 3.776903
-13.462053 -4.914402 -21.642806 -33.064340 14.797795 -7.996546 -6.226298 2.800900 -4.461767 3.991761
-13.388238 -4.915978 -21.735619 -32.963973 14.840582 -8.069585 -6.305830 2.880109 -4.454650 3.867134
-13.191742 -4.949088 -21.985152 -32.735219 14.952640 -8.250524 -6.475220 3.057868 -4.467354 3.516540
-12.690279 -5.025502 -22.388758 -32.235012 15.152222 -8.533502 -6.799549 3.460932 -4.473113 2.971556
-12.149965 -5.082342 -22.830962 -31.659847 15.676544 -8.913199 -7.330944 3.928459 -4.595151 2.190753
-11.416729 -5.184282 -23.577778 -30.795370 16.283984 -9.396555 -7.833875 4.378403 -4.809605 1.274135
-10.384176 -5.508743 -24.071679 -30.019094 16.885585 -9.708791 -8.416308 5.128434 -4.796534 0.232534
-9.530038 -5.636801 -24.882443 -29.086651 17.577817 -10.174535 -9.245910 6.030451 -4.658036 -0.881548
-8.540983 -5.602328 -25.526441 -27.948521 18.521577 -10.430274 -10.493028 6.951224 -4.707371 -1.954165
-8.036285 -5.604165 -26.016238 -27.052894 19.493522 -10.566843 -11.602338 7.985763 -4.638733 -2.770957
-7.071732 -5.660266 -26.476178 -25.976454 20.376570 -10.731466 -12.522405 8.991461 -4.589077 -3.476604
-6.059582 -5.674940 -26.577557 -24.983714 21.316739 -10.775663 -13.651003 10.055368 -4.570087 -4.116600
-5.150304 -5.584146 -26.363336 -24.234328 22.055162 -10.755922 -15.059078 11.126208 -4.593555 -4.632376
-4.380154 -5.451161 -26.439529 -23.489899 22.818617 -10.896064 -16.484802 12.299191 -4.735895 -5.250342
-4.019547 -4.999228 -26.308160 -22.741498 23.711849 -11.107698 -18.157824 13.455058 -4.663048 -5.874737
-3.690027 -4.475865 -25.995256 -21.975454 24.345477 -11.083525 -19.645410 14.479455 -4.447377 -6.134353
-3.640238 -4.031273 -25.898669 -21.375006 24.909685 -11.208651 -21.004746 15.591944 -4.258334 -6.287245
-3.552790 -3.734682 -25.865566 -20.963469 25.172722 -11.288444 -21.900844 16.446848 -4.084187 -6.289627
-3.455202 -3.535721 -25.904908 -20.622503 25.254145 -11.280775 -22.363556 16.993722 -3.875445 -6.256117
-3.405736 -3.422543 -25.998366 -20.376963 25.307206 -11.295066 -22.559812 17.288207 -3.707866 -6.246597
-3.379992 -3.396343 -25.971802 -20.329700 25.303648 -11.273353 -22.644952 17.379119 -3.665489 -6.233808
-3.380345 -3.396208 -25.972416 -20.328858 25.304913 -11.271786 -22.644886 17.380329 -3.665637 -6.234284
-3.379775 -3.396587 -25.973388 -20.326871 25.305783 -11.268043 -22.644633 17.382186 -3.666233 -6.234888
-3.379946 -3.396454 -25.973300 -20.327808 25.304002 -11.269449 -22.643585 17.381324 -3.664742 -6.234810
-3.380611 -3.397432 -25.971691 -20.330250 25.303171 -11.270832 -22.644658 17.380327 -3.664687 -6.236158
-3.380063 -3.397102 -25.972047 -20.329110 25.304203 -11.268568 -22.643965 17.381390 -3.664323 -6.236324
-3.380872 -3.396108 -25.973459 -20.327992 25.305894 -11.267791 -22.643044 17.382808 -3.664298 -6.235373
-3.380989 -3.396427 -25.971836 -20.329040 25.306673 -11.266994 -22.643665 17.382767 -3.664100 -6.237246
-3.381115 -3.397469 -25.972833 -20.328571 25.305147 -11.268096 -22.642812 17.381753 -3.663364 -6.237299
-3.380836 -3.397105 -25.973539 -20.328062 25.305424 -11.269583 -22.641484 17.381637 -3.663480 -6.235998
