-3.065766 10.109885 -20.714535 -5.128246 -7.234686 5.956079 -7.007070 -18.753954 15.619678 19.142656
-3.956310 10.061529 -19.640977 -6.323964 -6.900909 6.146672 -7.431682 -18.642742 15.981224 18.694400
-4.773038 9.901939 -18.365683 -7.648813 -6.551313 6.482636 -8.047152 -18.558199 16.251481 18.062739
-5.390859 9.655185 -17.100429 -9.019651 -6.135876 6.701558 -8.627717 -18.423398 16.512614 17.266118
-5.763782 9.177624 -15.954722 -10.349089 -5.556045 6.847793 -9.543919 -18.032584 16.379246 16.084689
-5.748783 9.664714 -13.702329 -13.259627 -4.341262 6.356579 -8.819885 -19.054366 14.436049 16.545847
-5.758788 9.109819 -12.280016 -14.791091 -3.539969 6.776488 -9.513654 -18.661775 14.027641 15.395301
-5.879462 8.558135 -11.173052 -15.993762 -2.884421 7.141881 -10.373155 -18.204116 13.725706 14.010170
-5.938564 8.167934 -10.351894 -16.832076 -2.295293 7.548361 -11.190185 -17.725293 13.435393 12.928447
-6.109266 7.537569 -9.211357 -18.010825 -1.512267 8.159655 -12.558579 -16.989693 12.792862 11.345489
-6.254270 7.039674 -8.343009 -18.941250 -0.710657 8.662212 -13.889134 -16.194455 12.152035 9.953136
-6.456072 6.587672 -7.297178 -20.040616 0.045611 9.256464 -15.074992 -15.481358 11.597476 8.591372
-6.602558 6.229058 -6.519659 -20.953739 0.771116 9.718917 -15.901792 -14.743734 11.174656 7.383934
-6.948666 6.048013 -5.838687 -21.774413 1.450728 10.157813 -16.631515 -14.048242 10.798399 6.471205
-7.238254 5.902397 -5.272366 -22.396755 1.969709 10.483496 -17.128365 -13.457626 10.516624 5.722455
-7.575295 5.725752 -4.655878 -23.209055 2.426816 10.768105 -17.633162 -12.925180 10.278622 4.801568
-8.178815 5.626572 -3.886361 -24.208010 2.995679 11.050159 -17.961894 -12.441186 10.095614 4.113953
-8.668523 5.534507 -3.350709 -25.115085 3.643649 11.275857 -18.070407 -11.900866 9.876463 3.452694
-9.292373 5.495323 -2.938101 -25.978923 4.317337 11.419685 -17.996601 -11.314708 9.644480 2.917987
-9.894867 5.484580 -2.500085 -26.799346 4.923465 11.556464 -17.928976 -10.771439 9.440861 2.532713
-10.460002 5.398024 -2.035692 -27.635659 5.479385 11.674124 -17.922741 -10.312245 9.255637 2.116374
-10.981670 5.334690 -1.589408 -28.381139 5.967597 11.860974 -18.053717 -9.899435 9.078566 1.678942
-11.453655 5.286661 -1.159743 -29.049278 6.377291 12.046543 -18.097681 -9.571902 8.977562 1.283972
-11.816685 5.212847 -0.778951 -29.657728 6.747733 12.157610 -17.979946 -9.272112 8.869108 0.934315
-12.038676 5.083225 -0.463283 -30.152718 7.060352 12.212966 -17.854746 -8.965544 8.681879 0.548143
-12.211616 4.960774 -0.230942 -30.579765 7.303304 12.235143 -17.725662 -8.685432 8.486903 0.179375
-12.359385 4.859971 -0.084248 -30.925847 7.504139 12.246347 -17.575700 -8.438286 8.296695 -0.127719
-12.426763 4.782584 -0.004200 -31.140976 7.639889 12.232490 -17.393362 -8.274082 8.171713 -0.334672
-12.462113 4.743510 0.037988 -31.267265 7.723499 12.213475 -17.282530 -8.167165 8.100592 -0.472320
-12.497044 4.722149 0.020554 -31.338616 7.793858 12.159439 -17.158635 -8.098268 8.061456 -0.517131
-12.491325 4.706244 0.008334 -31.351037 7.823265 12.144614 -17.106485 -8.067654 8.044047 -0.542041
-12.514066 4.724868 0.019103 -31.368584 7.836136 12.133733 -17.073152 -8.090224 8.103124 -0.480251
-12.554223 4.770278 0.005835 -31.368861 7.859494 12.095226 -16.955649 -8.178488 8.278381 -0.256837
-12.583916 4.870775 -0.112885 -31.294701 7.902648 11.949042 -16.672863 -8.311206 8.607198 0.176112
-12.540290 4.997368 -0.348973 -31.122700 7.923905 11.697016 -16.124891 -8.538315 9.060079 0.827025
-12.462547 5.178785 -0.662553 -30.823826 7.817037 11.416349 -15.543768 -8.831899 9.561821 1.595458
-12.314378 5.404888 -1.118158 -30.388591 7.548823 10.998812 -14.652580 -9.275142 10.200245 2.588538
-12.102240 5.579430 -1.586953 -30.000810 7.310027 10.558029 -13.618647 -9.673614 10.809400 3.490928
-11.908125 5.831751 -2.108772 -29.523766 7.059906 10.081405 -12.522124 -10.092141 11.389148 4.479571
-11.836689 6.048622 -2.438266 -29.230139 6.792349 9.707109 -11.704261 -10.546941 11.991231 5.343139
-11.754607 6.297828 -2.899304 -28.778275 6.507269 9.249762 -10.932296 -11.000198 12.571971 6.379510
-11.717968 6.500944 -3.254783 -28.380206 6.249549 8.871393 -10.300930 -11.354497 13.019485 7.229095
-11.660909 6.690655 -3.658047 -27.977399 6.059088 8.473531 -9.651827 -11.649222 13.405991 8.094843
-11.683109 6.935429 -4.064788 -27.550727 5.893844 8.141244 -9.050362 -11.979688 13.799808 9.020192
-11.710036 7.125702 -4.430130 -27.260324 5.746482 7.836043 -8.464598 -12.348260 14.167756 9.840382
-11.703807 7.292213 -4.807352 -26.953107 5.628759 7.553350 -7.899332 -12.637139 14.440711 10.553692
-11.696836 7.423523 -5.149795 -26.668752 5.562984 7.278183 -7.433046 -12.819722 14.623980 11.102433
-11.649444 7.505869 -5.468958 -26.401877 5.508229 7.046775 -7.058603 -12.931018 14.716307 11.494244
-11.608679 7.595723 -5.772357 -26.138817 5.438339 6.833543 -6.709390 -13.025487 14.802064 11.857599
-11.568618 7.673296 -5.992533 -25.926301 5.361525 6.681075 -6.482244 -13.095552 14.874727 12.121446
-11.547327 7.687504 -6.063747 -25.862069 5.347598 6.635483 -6.403167 -13.115338 14.892599 12.197304
-11.551359 7.838569 -6.131719 -25.660586 5.155405 6.590496 -6.514114 -13.195666 14.994504 12.348132
-11.542384 8.292717 -6.349995 -25.048744 4.652079 6.435994 -6.921827 -13.369343 15.233746 12.772849
-11.652957 8.981829 -6.480121 -24.266677 3.882874 6.240200 -7.784287 -13.613790 15.514158 13.327403
-11.545954 9.792027 -7.059381 -22.889544 2.835693 5.991089 -9.142322 -13.747944 15.582532 13.775684
-11.539853 10.806432 -7.556521 -21.159695 1.190289 5.958992 -11.279724 -14.257969 15.547042 14.374750
-10.904928 11.384501 -8.506646 -18.842010 -0.525127 6.113951 -13.927284 -14.540380 14.748539 14.331412
-9.775725 12.024541 -10.209680 -15.591357 -2.641100 6.332904 -16.877502 -15.059932 13.477465 14.727749
-7.494646 12.280861 -12.953610 -11.091538 -3.793963 7.705461 -20.555445 -14.222895 10.491433 15.000406
-4.603274 11.675656 -16.668557 -6.875232 -4.225011 7.874377 -22.740999 -13.052380 7.725019 14.241740
-1.932941 10.410304 -19.974277 -3.645454 -3.749763 8.601250 -24.872801 -11.168795 4.584252 12.533371
-0.179442 9.161720 -23.066057 -1.233666 -3.174514 8.898107 -25.956224 -9.502293 1.521447 11.737883
0.921451 7.666978 -26.221575 0.403998 -2.411190 9.093689 -25.781492 -7.846702 -1.732489 11.412903
2.463695 6.443115 -28.692260 1.462962 -1.411233 9.370237 -24.172281 -6.818203 -4.309691 11.562458
3.019813 5.328246 -31.602918 2.476991 -0.799201 8.630270 -22.919943 -5.219068 -6.898989 11.978643
4.379552 4.443563 -33.772255 3.092831 0.564101 7.862723 -20.412279 -4.545025 -8.583536 12.240800
5.829891 3.741792 -35.688263 3.528408 1.804614 6.713812 -17.678815 -3.744425 -9.619073 12.388456
7.042006 2.961902 -37.343497 3.541603 3.039893 5.028469 -15.486776 -2.830602 -10.546546 12.052616
7.337985 2.569007 -38.905165 3.476790 4.031172 3.503757 -13.852326 -2.019424 -11.301068 12.037758
7.369200 2.468501 -39.224258 3.143921 4.423729 2.884955 -12.884143 -1.822431 -11.470810 12.232038
7.306888 2.474126 -39.316332 3.027745 4.469274 2.698304 -12.560479 -1.800374 -11.473938 12.387715
7.221715 2.499186 -39.315895 3.006075 4.514561 2.746841 -12.529512 -1.776395 -11.470146 12.456326
6.997938 2.539914 -39.333631 2.944245 4.620001 2.869390 -12.492378 -1.705729 -11.499915 12.605061
6.649410 2.641188 -39.376283 2.896910 4.732579 3.065101 -12.461870 -1.656610 -11.494071 12.842654
6.164308 2.828778 -39.387534 2.843706 4.838517 3.314357 -12.372467 -1.653250 -11.387783 13.247267
5.466842 3.095889 -39.273309 2.690705 4.956338 3.736761 -12.161752 -1.685016 -11.089109 13.773491
4.463576 3.415445 -38.994879 2.393777 5.041332 4.329766 -11.996300 -1.834175 -10.694149 14.376641
3.135074 3.882843 -38.427486 1.928039 5.173769 4.950521 -12.079264 -1.962316 -10.221393 15.107889
2.018902 4.220922 -37.892217 1.449586 5.320774 5.526646 -12.051185 -2.065284 -9.675841 15.580943
0.761020 4.482037 -37.282354 0.807694 5.462919 6.023653 -12.086583 -2.112234 -9.234172 15.980348
-0.809821 4.870280 -36.639727 0.061176 5.550831 6.553873 -12.174461 -2.208684 -8.708107 16.499208
-2.408798 5.208788 -35.977997 -0.841869 5.586417 7.073330 -12.034697 -2.328820 -8.040755 17.016209
-3.844068 5.581611 -35.524231 -1.496740 5.718872 7.556101 -11.904806 -2.338700 -7.500677 17.556540
-5.216233 5.910566 -34.820914 -2.322102 5.851005 7.943665 -12.042682 -2.344563 -7.028997 17.940923
-6.444525 6.242707 -34.318969 -3.079959 5.931318 8.062447 -11.916533 -2.480958 -6.568340 18.444251
-7.613311 6.523189 -33.779182 -3.930299 5.985686 8.089666 -11.732006 -2.707293 -6.020797 18.852962
-8.532149 6.791479 -33.331057 -4.593930 6.108080 8.116222 -11.567496 -2.863753 -5.512531 19.117555
-9.272466 6.976107 -33.017855 -5.118165 6.158570 8.028439 -11.420870 -2.992857 -5.130947 19.344879
-9.729813 7.071499 -32.787042 -5.488296 6.149991 7.956712 -11.320047 -3.121251 -4.883798 19.492264
-9.991773 7.125723 -32.615351 -5.732182 6.147732 7.915690 -11.261204 -3.214078 -4.724718 19.580402
-10.066471 7.138702 -32.547668 -5.808792 6.109606 7.920199 -11.244542 -3.261233 -4.661716 19.617572
-10.049987 7.126243 -32.656744 -5.787186 6.177584 7.856982 -11.140327 -3.214000 -4.700380 19.621449
-9.920952 7.076618 -32.966909 -5.692373 6.312334 7.663473 -10.873146 -3.120560 -4.821689 19.614166
-9.608897 6.975563 -33.395225 -5.529405 6.502616 7.434334 -10.436538 -2.981728 -5.036029 19.598542
-9.078489 6.808917 -34.037279 -5.227072 6.745666 7.086288 -9.817552 -2.820274 -5.298955 19.519403
-8.446723 6.610434 -35.013781 -4.773699 7.023756 6.577541 -8.990030 -2.606691 -5.625938 19.430546
-7.502386 6.264910 -36.095660 -4.334552 7.228682 5.668688 -7.795625 -2.560231 -5.858043 19.201154
-6.404230 5.920220 -37.387778 -3.806982 7.321832 4.501030 -6.395593 -2.587719 -6.119137 19.089945
-5.079725 5.394137 -38.449454 -3.503509 7.602285 3.257340 -5.063839 -2.517890 -6.424249 18.650800
-3.673098 4.896678 -39.811591 -3.144675 7.671664 1.470463 -3.310117 -2.592403 -6.603200 18.351305
