-3.455528 11.147149 -20.777456 -5.107515 -7.102751 4.896875 -6.700488 -18.945400 14.315453 20.756319
-4.346263 11.099405 -19.705824 -6.302822 -6.766960 5.087766 -7.124036 -18.833579 14.675622 20.307921
-5.160908 10.938676 -18.429724 -7.627032 -6.415730 5.430544 -7.738171 -18.744974 14.947352 19.675426
-5.773951 10.689309 -17.162561 -8.996404 -5.996543 5.665079 -8.315618 -18.600932 15.211929 18.876910
-6.143318 10.209777 -16.015341 -10.324826 -5.413791 5.822761 -9.229405 -18.202810 15.081244 17.694106
-6.116073 10.581240 -13.701647 -13.342636 -4.465335 5.432160 -8.377199 -19.275103 13.059591 18.298955
-6.218061 10.091068 -12.277510 -14.876154 -3.658861 5.829197 -9.050858 -19.002472 12.589626 17.188466
-6.334136 9.537301 -11.168935 -16.077090 -2.998035 6.203832 -9.906599 -18.542496 12.285141 15.801802
-6.393685 9.144411 -10.349476 -16.915236 -2.408875 6.611887 -10.724287 -18.063098 11.998596 14.714006
-6.561725 8.513432 -9.207651 -18.093054 -1.626525 7.225604 -12.092461 -17.326901 11.360152 13.129549
-6.710302 8.017288 -8.342817 -19.025333 -0.825852 7.721002 -13.423861 -16.532670 10.716228 11.739018
-6.915389 7.567114 -7.298572 -20.125491 -0.070861 8.304240 -14.611190 -15.827097 10.158456 10.378063
-7.064225 7.210798 -6.521370 -21.040220 0.651517 8.754713 -15.440380 -15.096588 9.732871 9.173127
-7.412383 7.029356 -5.839763 -21.865417 1.326087 9.184458 -16.170438 -14.405574 9.352792 8.263959
-7.702078 6.883392 -5.272030 -22.488845 1.842396 9.508205 -16.668781 -13.814919 9.072772 7.515212
-8.038070 6.707740 -4.651655 -23.301268 2.296136 9.787013 -17.173628 -13.290750 8.834444 6.595621
-8.640821 6.610185 -3.880664 -24.300437 2.865639 10.068521 -17.501635 -12.809649 8.649875 5.909044
-9.127809 6.516831 -3.345054 -25.208408 3.514581 10.291979 -17.608990 -12.268283 8.430071 5.247267
-9.749607 6.476074 -2.933558 -26.072684 4.188754 10.432612 -17.535120 -11.678256 8.198838 4.712079
-10.353301 6.465366 -2.496689 -26.893265 4.795135 10.568582 -17.467770 -11.133907 7.994872 4.326817
-10.916667 6.378238 -2.031233 -27.730445 5.350942 10.686259 -17.461586 -10.672300 7.810097 3.911778
-11.437844 6.314814 -1.584597 -28.475930 5.838528 10.873949 -17.592566 -10.259291 7.633559 3.474435
-11.909152 6.266283 -1.154295 -29.143906 6.247341 11.060426 -17.637081 -9.931250 7.532746 3.079736
-12.271952 6.191663 -0.773801 -29.751940 6.617384 11.172472 -17.518929 -9.631634 7.424838 2.729323
-12.492802 6.061099 -0.457144 -30.248409 6.929954 11.227641 -17.392896 -9.324946 7.237078 2.343757
-12.664210 5.938438 -0.224349 -30.675317 7.173840 11.249031 -17.264303 -9.044025 7.040840 1.974621
-12.811710 5.837386 -0.077488 -31.021214 7.373969 11.261114 -17.114535 -8.796981 6.850890 1.667479
-12.878052 5.760287 0.003331 -31.236331 7.509820 11.247519 -16.932246 -8.632466 6.726267 1.461036
-12.912428 5.720224 0.045866 -31.363335 7.594045 11.228862 -16.820671 -8.525642 6.654794 1.323005
-12.945647 5.697487 0.028534 -31.435093 7.664331 11.174404 -16.697294 -8.453653 6.615990 1.277884
-12.940150 5.680904 0.017440 -31.449004 7.690672 11.160496 -16.644591 -8.421633 6.599648 1.255628
-12.961983 5.699471 0.028895 -31.466259 7.704817 11.149965 -16.611681 -8.445024 6.658431 1.316458
-13.000956 5.743915 0.015127 -31.467033 7.729186 11.110227 -16.495250 -8.530625 6.832407 1.539234
-13.030113 5.843579 -0.104083 -31.393119 7.771802 10.964307 -16.212479 -8.662407 7.161494 1.971897
-12.984537 5.970244 -0.338646 -31.221102 7.793533 10.713192 -15.664345 -8.889846 7.614960 2.623181
-12.906401 6.151136 -0.652161 -30.922280 7.686656 10.432004 -15.083625 -9.182347 8.117314 3.390979
-12.757339 6.377569 -1.106205 -30.487991 7.417501 10.014513 -14.191644 -9.627000 8.754259 4.385980
-12.544169 6.551638 -1.575799 -30.098205 7.177139 9.575585 -13.157981 -10.023016 9.366972 5.287830
-12.349917 6.804917 -2.097940 -29.620083 6.926884 9.099421 -12.061398 -10.441202 9.947557 6.276969
-12.276327 7.020498 -2.427250 -29.327380 6.659535 8.724318 -11.244005 -10.892552 10.549514 7.140118
-12.194230 7.269537 -2.888801 -28.876289 6.374126 8.265994 -10.471345 -11.345427 11.130014 8.177233
-12.156102 7.472450 -3.243520 -28.478770 6.116233 7.886863 -9.840533 -11.698518 11.576992 9.027365
-12.096692 7.661175 -3.646033 -28.074664 5.925575 7.491548 -9.191361 -11.992468 11.965487 9.892231
-12.117993 7.905076 -4.052539 -27.648577 5.759824 7.159433 -8.590008 -12.321636 12.359951 10.817627
-12.143622 8.095846 -4.416865 -27.359472 5.612820 6.853096 -8.005082 -12.688231 12.726686 11.639322
-12.137590 8.261102 -4.795656 -27.052234 5.494650 6.571063 -7.439552 -12.975931 13.000250 12.352008
-12.128744 8.392159 -5.136677 -26.767612 5.429378 6.296483 -6.972804 -13.158337 13.183994 12.900937
-12.080329 8.474178 -5.455888 -26.501219 5.375258 6.064895 -6.598726 -13.268090 13.277730 13.291979
-12.039003 8.564000 -5.758510 -26.238383 5.303065 5.852869 -6.250006 -13.359979 13.365652 13.656540
-11.997704 8.640014 -5.978589 -26.027205 5.226099 5.700258 -6.023615 -13.427455 13.438475 13.919783
-11.975632 8.654954 -6.048383 -25.962624 5.210980 5.654806 -5.944490 -13.447844 13.455977 13.997062
-11.978960 8.805422 -6.115744 -25.760797 5.017065 5.611242 -6.054602 -13.529132 13.558529 14.148117
-11.969938 9.260258 -6.334270 -25.148711 4.514338 5.456355 -6.462133 -13.701883 13.797642 14.573992
-12.079021 9.947813 -6.465062 -24.366166 3.745589 5.265250 -7.323869 -13.941416 14.079981 15.127424
-11.965126 10.754833 -7.041016 -22.990163 2.700933 5.024741 -8.679970 -14.068272 14.149874 15.574380
-11.950354 11.762528 -7.536325 -21.260349 1.056657 5.007712 -10.814730 -14.567762 14.117898 16.168896
-11.311703 12.338017 -8.486138 -18.941778 -0.652887 5.171807 -13.459906 -14.843764 13.319908 16.122735
-10.178268 12.978057 -10.186150 -15.687002 -2.763171 5.410328 -16.409453 -15.348824 12.056086 16.519201
-7.906976 13.236173 -12.933854 -11.193559 -3.930024 6.741869 -20.097291 -14.536488 9.060716 16.794523
-5.018048 12.629534 -16.656040 -6.977553 -4.361313 6.909337 -22.284304 -13.364955 6.290338 16.033856
-2.334652 11.355482 -19.946779 -3.748049 -3.889482 7.646659 -24.448320 -11.477357 3.145582 14.308399
-0.603474 10.121975 -23.069091 -1.345164 -3.317317 7.902423 -25.481926 -9.825786 0.079513 13.551920
0.528328 8.601295 -26.210553 0.290109 -2.571523 8.106823 -25.307298 -8.160406 -3.175855 13.237310
2.082234 7.377987 -28.666801 1.346037 -1.589462 8.388434 -23.683006 -7.149968 -5.749822 13.403488
2.797160 6.212691 -31.437749 2.387043 -0.926858 7.784524 -22.361008 -5.577666 -8.247157 13.798807
4.178828 5.319006 -33.600016 3.033144 0.489785 7.050454 -19.898936 -4.881225 -9.889857 13.998931
5.608505 4.622771 -35.532829 3.476456 1.728073 5.900719 -17.165256 -4.067990 -10.923426 14.154264
6.823340 3.843179 -37.186379 3.487463 2.962891 4.213747 -14.975330 -3.148129 -11.848338 13.821588
7.102448 3.461764 -38.752466 3.413618 3.950794 2.687793 -13.357948 -2.321165 -12.571688 13.803675
7.132584 3.362568 -39.075462 3.077909 4.344246 2.066277 -12.390260 -2.108125 -12.726373 13.997402
7.076166 3.370723 -39.164910 2.959381 4.391618 1.877987 -12.062085 -2.087304 -12.724132 14.154121
6.990806 3.395124 -39.165426 2.938002 4.437062 1.926384 -12.032370 -2.060430 -12.720708 14.222569
6.768755 3.435962 -39.181991 2.879612 4.540558 2.053774 -12.006325 -1.986187 -12.753873 14.369572
6.422250 3.538692 -39.223428 2.832642 4.654923 2.250631 -11.975740 -1.937217 -12.745852 14.605882
5.943192 3.725148 -39.229356 2.779312 4.763331 2.506388 -11.885860 -1.928359 -12.637356 15.011113
5.250852 3.988448 -39.110284 2.623383 4.878880 2.929284 -11.675378 -1.952954 -12.340678 15.545189
4.263139 4.310493 -38.823044 2.323094 4.970357 3.520951 -11.506186 -2.100611 -11.939470 16.151346
2.932787 4.774175 -38.251773 1.851714 5.098296 4.138413 -11.591434 -2.213247 -11.470217 16.899145
1.819653 5.110789 -37.710695 1.369431 5.245527 4.710469 -11.561752 -2.312215 -10.930170 17.382455
0.561892 5.371698 -37.097342 0.724863 5.387715 5.205260 -11.597837 -2.353516 -10.493579 17.792124
-1.012506 5.762579 -36.451696 -0.024641 5.476351 5.731450 -11.688473 -2.445679 -9.974206 18.324738
-2.617381 6.102959 -35.791796 -0.930423 5.510747 6.244090 -11.544172 -2.562464 -9.312924 18.857578
-4.054067 6.479122 -35.330507 -1.589872 5.642419 6.726095 -11.411804 -2.577950 -8.776265 19.409170
-5.423925 6.811209 -34.622608 -2.418134 5.777436 7.107493 -11.546592 -2.594742 -8.306947 19.793623
-6.630688 7.131531 -34.101383 -3.172811 5.858172 7.246988 -11.438546 -2.721712 -7.842011 20.280346
-7.785843 7.402615 -33.550035 -4.018942 5.911870 7.287755 -11.271865 -2.941001 -7.296277 20.677511
-8.705112 7.671120 -33.100922 -4.683127 6.036575 7.312816 -11.106942 -3.101873 -6.792239 20.942198
-9.432886 7.854160 -32.775514 -5.212590 6.086691 7.234715 -10.953086 -3.244766 -6.407804 21.168046
-9.885108 7.946174 -32.540745 -5.583142 6.077618 7.178093 -10.847994 -3.368405 -6.156766 21.313454
-10.141510 7.998052 -32.365486 -5.827719 6.073918 7.146196 -10.784841 -3.459812 -5.995487 21.401263
-10.216668 8.011271 -32.297692 -5.904691 6.033991 7.152382 -10.766721 -3.507809 -5.930739 21.438838
-10.198608 7.998139 -32.406334 -5.884024 6.102218 7.087431 -10.661131 -3.461761 -5.970405 21.442825
-10.070080 7.949231 -32.717026 -5.790489 6.236545 6.885952 -10.396149 -3.370464 -6.093821 21.436189
-9.758643 7.847070 -33.145914 -5.627509 6.421410 6.648136 -9.964596 -3.233734 -6.309710 21.421125
-9.231911 7.678147 -33.787866 -5.328090 6.657970 6.292696 -9.351114 -3.072892 -6.572863 21.340688
-8.605025 7.475554 -34.767503 -4.873818 6.935575 5.787298 -8.531634 -2.846286 -6.897803 21.246644
-7.672196 7.127126 -35.855494 -4.433150 7.141853 4.879967 -7.349788 -2.788743 -7.130488 21.010089
-6.575112 6.786728 -37.140611 -3.914172 7.235490 3.691576 -5.958117 -2.826017 -7.401308 20.899125
-5.254257 6.269921 -38.194904 -3.609523 7.513412 2.438309 -4.662162 -2.766864 -7.722356 20.454491
-3.843748 5.775721 -39.545658 -3.252528 7.573567 0.646675 -2.941891 -2.848784 -7.914191 20.149195
