-3.596628 -1.629894 -25.641654 -18.405971 28.004385 -11.676573 -22.944277 11.947586 -4.666747 -9.166711
-3.596628 -1.629894 -25.641654 -18.405971 28.004385 -11.676573 -22.944277 11.947586 -4.666747 -9.166711
-3.596628 -1.629894 -25.641654 -18.405971 28.004385 -11.676573 -22.944277 11.947586 -4.666747 -9.166711
-3.596628 -1.629894 -25.641654 -18.405971 28.004385 -11.676573 -22.944277 11.947586 -4.666747 -9.166711
-3.596628 -1.629894 -25.641654 -18.405971 28.004385 -11.676573 -22.944277 11.947586 -4.666747 -9.166711
-3.489416 -1.399355 -25.457565 -19.010676 28.766562 -11.459627 -22.292210 11.658589 -5.522523 -8.751036
-3.447016 -1.324213 -25.365664 -19.029468 28.864707 -11.456453 -22.241411 11.461637 -5.596990 -8.752138
-3.457948 -1.328370 -25.374826 -19.030333 28.856320 -11.476983 -22.243512 11.461136 -5.589648 -8.757667
-3.459835 -1.326489 -25.377778 -19.027230 28.857037 -11.479564 -22.241689 11.458860 -5.588016 -8.757262
-3.460291 -1.327364 -25.378475 -19.027709 28.856130 -11.479004 -22.241226 11.461044 -5.586695 -8.758268
-3.460615 -1.328349 -25.378459 -19.028166 28.854884 -11.479987 -22.240224 11.460751 -5.585323 -8.758872
-3.460497 -1.328115 -25.378425 -19.028622 28.856579 -11.479541 -22.239683 11.461397 -5.585518 -8.759536
-3.462353 -1.328497 -25.380199 -19.029387 28.855262 -11.482608 -22.239579 11.461998 -5.584713 -8.759515
-3.462453 -1.328895 -25.380210 -19.029867 28.856369 -11.482396 -22.239957 11.462866 -5.584174 -8.761124
-3.462818 -1.330550 -25.382465 -19.028751 28.854027 -11.482656 -22.239859 11.465963 -5.583101 -8.760716
-3.462987 -1.331656 -25.383914 -19.027950 28.853459 -11.482741 -22.240386 11.468035 -5.582895 -8.761648
-3.461882 -1.332687 -25.383999 -19.026717 28.852579 -11.481138 -22.240186 11.468808 -5.581257 -8.761635
-3.463245 -1.332181 -25.383227 -19.027177 28.852583 -11.478269 -22.238838 11.469815 -5.580119 -8.760997
-3.462496 -1.332487 -25.383231 -19.026933 28.853498 -11.478524 -22.238714 11.469675 -5.580044 -8.761795
-3.463305 -1.333093 -25.383699 -19.027288 28.852922 -11.478669 -22.238998 11.470098 -5.579822 -8.762681
-3.463758 -1.333975 -25.384222 -19.027121 28.851652 -11.480108 -22.238856 11.471091 -5.578059 -8.763021
-3.463321 -1.334813 -25.384487 -19.026746 28.851138 -11.480580 -22.238310 11.470927 -5.578032 -8.763372
-3.463617 -1.334646 -25.386332 -19.024722 28.851635 -11.479897 -22.238496 11.472248 -5.578435 -8.763050
-3.463598 -1.334753 -25.386091 -19.024498 28.851377 -11.479704 -22.238478 11.472582 -5.577534 -8.763185
-3.462739 -1.334665 -25.386271 -19.023162 28.851697 -11.479555 -22.237916 11.471501 -5.577338 -8.763385
-3.464230 -1.334792 -25.387553 -19.022638 28.849911 -11.479276 -22.238170 11.474932 -5.576054 -8.761791
-3.463526 -1.336852 -25.388564 -19.022483 28.848616 -11.477730 -22.238456 11.479355 -5.575230 -8.762472
-3.465460 -1.338502 -25.390861 -19.021822 28.845841 -11.475746 -22.239311 11.483803 -5.572533 -8.762424
-3.466011 -1.338400 -25.390798 -19.021864 28.845535 -11.476189 -22.238882 11.483598 -5.572496 -8.761449
-3.465696 -1.339317 -25.390948 -19.022068 28.846813 -11.477118 -22.239805 11.485838 -5.573326 -8.761545
-3.467683 -1.340480 -25.393319 -19.021184 28.844001 -11.475758 -22.240762 11.490549 -5.570207 -8.761524
-3.485688 -1.390015 -25.422235 -19.078400 28.831201 -11.494437 -22.152308 11.415742 -5.603173 -8.776650
-3.551017 -1.545970 -25.361505 -19.344571 28.769725 -11.513868 -21.969857 11.209538 -5.752744 -8.806689
-3.654447 -1.822112 -25.346845 -19.752683 28.562815 -11.520732 -21.527780 10.873756 -5.874412 -8.813799
-3.720787 -2.214866 -25.392459 -20.229714 28.099846 -11.442845 -20.688079 10.356405 -5.894544 -8.748540
-3.713174 -2.696481 -25.440085 -20.811141 27.456960 -11.338853 -19.404301 9.471971 -5.921052 -8.573931
-4.049549 -3.265600 -25.809661 -21.557624 26.580638 -11.324621 -17.907945 8.837323 -5.776233 -8.256017
-4.401853 -3.846108 -26.103865 -22.384706 25.523047 -11.144729 -16.227222 8.040851 -5.653964 -7.660413
-5.247146 -4.138333 -26.224419 -23.270688 24.436732 -10.907128 -14.746676 7.320003 -5.354278 -6.926300
-6.231764 -4.395536 -26.474773 -24.202522 23.211346 -10.789469 -13.222307 6.532742 -5.141196 -6.154203
-7.425323 -4.395074 -26.387592 -25.250290 21.898123 -10.663378 -12.065989 5.672229 -5.082444 -5.151552
-8.579537 -4.375990 -26.016094 -26.393874 20.685158 -10.374995 -11.008151 4.626916 -5.120585 -4.230460
-9.507990 -4.325177 -25.668133 -27.395507 19.517151 -10.249380 -10.034820 3.724777 -5.186122 -3.252121
-10.595577 -4.324534 -25.047496 -28.589030 18.437553 -9.976440 -8.943679 2.977428 -5.018387 -2.047900
-11.509723 -4.294602 -24.353264 -29.616827 17.673878 -9.537883 -8.128907 2.221158 -5.122986 -0.967787
-12.418634 -4.279659 -23.915138 -30.485327 16.855352 -9.174939 -7.455906 1.659735 -5.109135 -0.002005
-13.206624 -4.269040 -23.257643 -31.322809 16.140117 -8.620743 -6.869221 1.176523 -4.907684 0.850842
-13.623982 -4.254709 -22.809975 -31.800097 15.617979 -8.198908 -6.341875 0.763649 -4.777223 1.623458
-14.070087 -4.203389 -22.423504 -32.199997 15.327253 -7.834596 -6.056019 0.516839 -4.675821 2.196535
-14.264165 -4.178846 -22.196563 -32.405580 15.162578 -7.628128 -5.866796 0.370509 -4.635204 2.567828
-14.340208 -4.180381 -22.116194 -32.484517 15.104727 -7.532461 -5.783133 0.300262 -4.616802 2.687473
-14.107230 -4.299491 -22.047547 -32.488294 15.004080 -7.463986 -5.699740 0.266330 -4.279149 2.482142
-13.228305 -4.692690 -21.728536 -32.430703 14.893564 -7.031839 -5.588919 0.318851 -3.272233 1.762259
-11.281997 -5.376671 -21.157602 -32.142201 14.631370 -6.491548 -5.515972 0.870170 -1.400235 0.658971
-7.716410 -6.363686 -20.408345 -31.056949 14.520022 -5.253708 -5.278867 2.006032 0.987182 -1.160423
-4.636719 -6.904794 -19.265550 -29.975858 15.139573 -3.839665 -5.548619 3.164721 3.121205 -2.944734
-1.354390 -7.598471 -17.872980 -29.432373 16.179251 -2.694876 -4.413384 3.709015 5.250184 -4.358943
1.353216 -8.482214 -16.956494 -28.937770 16.779904 -1.618658 -2.609793 3.947358 7.657350 -5.451639
3.232157 -8.778279 -16.158965 -28.196849 17.232507 -0.296047 -0.676765 4.203872 10.451254 -6.086494
4.844878 -8.164214 -15.477552 -27.473119 16.869622 0.906668 2.040639 4.913105 14.572762 -6.051483
6.280619 -6.838992 -13.745220 -27.216077 15.731552 2.472138 4.820301 4.007959 18.483908 -4.970281
6.990951 -6.587837 -11.473031 -27.494195 13.112889 4.955483 7.371463 2.044357 21.809360 -3.349358
7.682871 -5.394579 -8.883510 -27.707932 11.482486 6.932275 9.032537 -0.470436 24.435905 -2.148305
9.331494 -4.418195 -5.052379 -27.400364 10.054364 9.094127 9.039020 -2.730134 26.233948 -0.840619
10.832008 -3.100186 -1.289555 -26.983340 8.051476 11.082663 7.564213 -5.000477 27.418290 0.679846
10.838760 -0.565510 0.119329 -25.388103 5.871484 12.005046 5.468729 -6.677036 28.467011 2.259997
10.134564 1.955081 0.636065 -23.695323 3.414605 12.685451 2.591945 -8.680721 29.091431 3.491276
9.141543 3.646279 0.302464 -21.646505 1.034019 13.540018 -0.469670 -9.759343 29.336174 4.209530
8.495096 4.851740 -0.209037 -19.346299 -0.720731 14.441536 -3.713620 -10.645245 29.733197 3.970376
8.270786 5.361857 -0.746586 -18.044324 -1.884040 14.658135 -5.386747 -11.023908 29.589580 4.056610
8.278132 5.517991 -0.876472 -17.692387 -2.245473 14.679301 -5.797488 -11.142330 29.479535 4.175788
8.336724 5.562142 -0.875424 -17.642799 -2.274068 14.669196 -5.787241 -11.192421 29.519474 4.222833
8.528759 5.655239 -0.876457 -17.469093 -2.380786 14.661358 -5.831504 -11.315937 29.590931 4.300648
8.830730 5.769853 -0.881206 -17.242891 -2.492716 14.657539 -5.806902 -11.462499 29.721963 4.376480
9.215269 5.972751 -0.909548 -16.968469 -2.676443 14.598474 -5.566058 -11.713000 29.926003 4.644408
9.723386 6.201389 -0.930751 -16.650484 -2.982620 14.576364 -5.218832 -11.957763 30.214926 5.021731
10.321225 6.500064 -0.956228 -16.351584 -3.575132 14.420783 -4.787664 -12.427167 30.315519 5.709811
11.140214 6.705702 -0.779195 -16.155861 -4.178526 14.291071 -4.186887 -12.848632 30.487753 6.366659
12.041794 6.760930 -0.845820 -15.924068 -4.669863 13.907188 -3.071794 -13.306642 30.555200 7.069109
13.048407 6.761782 -0.922685 -15.525185 -5.202758 13.582850 -1.980024 -13.861032 30.691603 7.694552
14.086915 6.832224 -0.915611 -15.173394 -5.644101 13.251290 -0.854670 -14.361779 30.970068 8.314405
15.006616 6.951136 -0.931989 -14.891859 -5.909100 12.927039 0.443415 -14.899785 31.211667 8.928958
16.125376 6.937930 -0.729345 -14.611040 -6.258171 12.788580 1.572329 -15.436680 31.555663 9.466767
17.261778 6.844754 -0.588838 -14.274934 -6.532784 12.652427 2.471453 -15.858546 31.879419 9.841285
18.383241 6.630491 -0.362079 -14.056632 -6.862540 12.561696 3.220973 -16.010611 32.162706 10.239215
19.366859 6.325069 -0.145261 -13.928772 -7.157958 12.547460 4.115726 -16.131038 32.476581 10.603593
20.027514 6.097830 0.054273 -13.806802 -7.459584 12.630335 4.763635 -16.315001 32.734456 10.818183
20.619301 5.840524 0.060406 -13.661520 -7.539902 12.576680 5.372783 -16.384825 32.882331 10.901669
20.992977 5.650295 0.093644 -13.638335 -7.625652 12.547215 5.770695 -16.395509 32.938814 10.980883
21.210365 5.540561 0.077678 -13.599962 -7.635963 12.500555 6.079304 -16.415486 32.972165 11.033626
21.317977 5.490153 0.068375 -13.604857 -7.598019 12.457527 6.199212 -16.397254 32.982215 11.033551
21.348233 5.441174 0.052541 -13.672140 -7.509722 12.422913 6.292053 -16.345244 33.002879 11.002465
21.430665 5.270409 0.151750 -13.923617 -7.272776 12.402685 6.443146 -16.180574 33.057826 10.889689
21.595154 5.025391 0.146839 -14.262437 -6.798077 12.205951 6.874391 -15.869218 33.121185 10.768297
21.777928 4.578658 -0.003620 -14.788419 -6.034568 11.861627 7.629162 -15.331453 33.188546 10.522222
21.910431 4.018684 -0.202570 -15.447420 -5.093893 11.476852 8.382564 -14.571992 33.264591 10.110352
21.977402 3.325388 -0.393401 -16.314533 -3.877945 10.985694 9.145618 -13.489467 33.385538 9.490312
21.898887 2.615378 -0.823679 -17.162746 -2.483639 10.380812 9.734199 -12.179427 33.282836 8.760863
21.734213 1.849852 -1.620475 -17.819880 -0.999430 9.780296 10.528058 -10.910078 33.137002 7.877540
21.591345 1.035824 -2.667730 -18.309401 0.653231 9.135772 11.620936 -9.494150 33.075581 6.981563
