-2.255394 10.362861 -20.500223 -3.716259 -7.260669 7.239209 -6.965020 -18.985803 15.690437 21.400931
-3.148423 10.335716 -19.408419 -4.893322 -6.930073 7.419643 -7.359994 -18.905448 16.131742 20.993246
-3.942546 10.184890 -18.138171 -6.199812 -6.594941 7.729338 -7.933064 -18.847283 16.467755 20.428247
-4.525126 9.885239 -16.861291 -7.572922 -6.240427 7.956815 -8.517249 -18.771769 16.702864 19.689824
-4.938293 9.393720 -15.595578 -8.997329 -5.686228 8.104361 -9.534004 -18.412996 16.533068 18.534127
-5.227945 9.712886 -13.545032 -11.793702 -4.667473 8.052780 -8.873490 -19.240562 15.043744 18.873164
-5.462655 9.331048 -12.324235 -13.166466 -3.745127 8.550289 -9.584678 -18.915206 14.643789 17.659661
-5.548373 8.805232 -11.299394 -14.292066 -3.075684 8.919723 -10.451829 -18.403909 14.367829 16.287687
-5.606041 8.407682 -10.539154 -15.087491 -2.505049 9.330390 -11.290767 -17.923147 14.089476 15.221657
-5.823369 7.803242 -9.458895 -16.227534 -1.761031 9.919837 -12.647110 -17.179326 13.492924 13.667362
-5.984467 7.306710 -8.610842 -17.132541 -0.985737 10.438630 -13.966328 -16.408858 12.863593 12.282001
-6.207219 6.882452 -7.609297 -18.187215 -0.264260 10.988014 -15.142653 -15.728162 12.311520 10.988444
-6.332249 6.555257 -6.877912 -19.055549 0.422347 11.383146 -15.961976 -15.017763 11.890616 9.844367
-6.639164 6.393077 -6.256729 -19.822895 1.068346 11.760014 -16.676658 -14.344210 11.510396 8.971455
-6.917567 6.237105 -5.708635 -20.425336 1.549386 12.068862 -17.199589 -13.761403 11.208312 8.231087
-7.265002 6.077275 -5.117924 -21.219788 2.009069 12.384008 -17.712696 -13.223057 10.964000 7.322843
-7.922748 5.982913 -4.308372 -22.312494 2.547186 12.706286 -18.042443 -12.749963 10.761523 6.617004
-8.420404 5.886337 -3.742878 -23.280708 3.166998 12.942295 -18.185577 -12.207822 10.509095 5.953370
-9.022470 5.859989 -3.303165 -24.185539 3.821855 13.026981 -18.112473 -11.627768 10.245595 5.457281
-9.587976 5.834775 -2.846221 -25.019407 4.409584 13.100073 -18.047496 -11.107759 10.028174 5.085553
-10.134942 5.750993 -2.352034 -25.894789 4.956199 13.158823 -18.031091 -10.667082 9.831436 4.693154
-10.639871 5.698668 -1.890710 -26.666161 5.425684 13.286180 -18.157647 -10.262872 9.636436 4.300623
-11.117260 5.657354 -1.439730 -27.378310 5.821590 13.439183 -18.195752 -9.940040 9.513226 3.934525
-11.507139 5.599624 -1.021385 -28.048538 6.182189 13.550846 -18.063077 -9.653181 9.391016 3.593778
-11.738807 5.486496 -0.689261 -28.568089 6.497449 13.617583 -17.941657 -9.358019 9.198039 3.205095
-11.910302 5.381523 -0.447047 -28.996399 6.747599 13.640309 -17.811789 -9.087159 8.994785 2.856549
-12.056161 5.287488 -0.291369 -29.343616 6.940611 13.642599 -17.668568 -8.850142 8.792283 2.568135
-12.126299 5.214880 -0.188802 -29.579830 7.075936 13.629645 -17.473719 -8.695502 8.665134 2.365004
-12.164091 5.177607 -0.133194 -29.720067 7.159956 13.613288 -17.353726 -8.593163 8.592687 2.233461
-12.197569 5.157740 -0.144050 -29.797075 7.232355 13.563146 -17.225642 -8.521785 8.550090 2.195961
-12.193073 5.141823 -0.154112 -29.812375 7.258438 13.548755 -17.171584 -8.492090 8.533567 2.173041
-12.209332 5.159189 -0.145055 -29.825079 7.269743 13.534564 -17.146290 -8.515277 8.591454 2.234787
-12.233617 5.202149 -0.166380 -29.811409 7.286231 13.485946 -17.045220 -8.598562 8.767265 2.460280
-12.241179 5.295504 -0.293158 -29.720985 7.325272 13.333309 -16.779805 -8.722880 9.092805 2.897276
-12.171746 5.405086 -0.528691 -29.547428 7.348126 13.083799 -16.241809 -8.934947 9.550863 3.534437
-12.072693 5.558331 -0.836910 -29.233486 7.236772 12.809460 -15.673039 -9.219259 10.059796 4.284841
-11.877660 5.755130 -1.311063 -28.732506 6.978682 12.407650 -14.814859 -9.650025 10.713929 5.257359
-11.644061 5.921677 -1.781662 -28.305207 6.767711 12.009602 -13.785940 -10.026616 11.334020 6.140811
-11.443844 6.159854 -2.300264 -27.803424 6.529953 11.596200 -12.708355 -10.424095 11.917186 7.103550
-11.375118 6.379231 -2.616806 -27.500762 6.293156 11.287229 -11.888780 -10.856404 12.524694 7.951831
-11.283725 6.595805 -3.040171 -27.051110 6.009767 10.885898 -11.133445 -11.318532 13.109238 8.922475
-11.217404 6.774581 -3.379789 -26.632652 5.749997 10.510656 -10.508282 -11.688428 13.567859 9.738517
-11.105933 6.946502 -3.786155 -26.180621 5.583000 10.104073 -9.869171 -11.984495 13.970834 10.589694
-11.080738 7.163189 -4.184341 -25.715649 5.437668 9.766806 -9.295433 -12.318886 14.360419 11.513441
-11.099818 7.334842 -4.514163 -25.453613 5.287186 9.462410 -8.712255 -12.700692 14.721164 12.305175
-11.095464 7.494675 -4.857812 -25.186661 5.176298 9.176555 -8.135317 -12.991887 14.997718 13.002963
-11.084592 7.620904 -5.192717 -24.917300 5.111528 8.897956 -7.666277 -13.172697 15.181818 13.547630
-11.039691 7.701271 -5.512323 -24.658925 5.060705 8.669155 -7.286596 -13.278118 15.276163 13.937052
-10.997104 7.783764 -5.813039 -24.405603 4.988916 8.455272 -6.931405 -13.368871 15.365958 14.297422
-10.955059 7.854432 -6.031012 -24.202540 4.910144 8.301837 -6.700041 -13.436427 15.437683 14.558845
-10.931845 7.868587 -6.101030 -24.138201 4.895369 8.256708 -6.620321 -13.456243 15.457603 14.634319
-10.929948 8.016158 -6.170454 -23.932441 4.702056 8.217271 -6.730034 -13.539462 15.562585 14.780704
-10.907683 8.452255 -6.396553 -23.307200 4.203358 8.076027 -7.136647 -13.712403 15.813480 15.185061
-11.000260 9.113792 -6.532969 -22.509447 3.448810 7.885692 -7.976657 -13.952550 16.127657 15.713460
-10.873791 9.927374 -7.123620 -21.116812 2.396863 7.587327 -9.295597 -14.061721 16.210730 16.193321
-10.854342 10.961242 -7.610813 -19.381111 0.742683 7.583753 -11.399607 -14.556056 16.127428 16.882626
-10.255566 11.570334 -8.573670 -17.090424 -0.964727 7.776694 -13.996047 -14.837297 15.255069 16.936443
-9.217747 12.181840 -10.067216 -14.020898 -2.972263 8.164147 -16.992201 -15.312584 13.826007 17.288053
-7.242215 12.648825 -12.926921 -9.432850 -3.347780 9.751093 -20.611062 -13.844073 10.947475 17.704719
-4.290243 12.266427 -16.114011 -5.542696 -3.226106 9.592473 -22.798251 -12.496969 8.043209 17.195256
-1.266829 11.337466 -18.433318 -2.920260 -2.313836 9.630723 -24.762694 -10.668055 4.496757 16.296281
0.879887 10.165139 -20.901811 -0.903091 -1.443437 9.907069 -25.896941 -8.869100 0.792312 15.961514
2.698385 8.891250 -23.114514 0.380306 -0.082533 10.570667 -25.606332 -7.119991 -3.016239 15.990055
4.413351 7.786671 -25.317795 1.347587 1.035581 10.894844 -23.756866 -6.205468 -5.506195 16.281196
5.846143 7.068970 -27.271363 2.224451 2.462685 10.458135 -21.778358 -4.879005 -8.314449 17.496160
7.314317 6.308043 -29.816366 2.995395 3.612939 9.523024 -19.066710 -4.118004 -9.576456 17.358256
8.786749 5.679478 -31.797939 3.435437 4.837964 8.330977 -16.297051 -3.285516 -10.448594 17.461466
10.001052 4.856696 -33.504152 3.433850 6.074180 6.646457 -14.148056 -2.342868 -11.356290 17.058247
10.570124 4.623828 -34.976446 3.377045 7.127835 4.962547 -12.340575 -1.487185 -11.673003 16.851668
10.614366 4.472519 -35.350493 3.078084 7.483210 4.341455 -11.442146 -1.227795 -11.742321 16.877218
10.570135 4.473643 -35.427369 2.959495 7.535403 4.151565 -11.127548 -1.198939 -11.720410 17.008462
10.486331 4.492066 -35.431962 2.936883 7.575078 4.199629 -11.098540 -1.176386 -11.721478 17.072961
10.269593 4.523027 -35.448894 2.877327 7.673430 4.331560 -11.070779 -1.115098 -11.757009 17.208344
9.924589 4.614546 -35.492181 2.838697 7.770940 4.540204 -11.058385 -1.083160 -11.762208 17.431764
9.437301 4.793562 -35.511152 2.793350 7.866728 4.790740 -10.985509 -1.097322 -11.667623 17.813552
8.740552 5.065379 -35.401883 2.644250 7.992750 5.217697 -10.766024 -1.150769 -11.392057 18.344418
7.730518 5.425272 -35.145975 2.363474 8.088200 5.781153 -10.563475 -1.319552 -10.916472 18.894626
6.383551 5.910434 -34.601743 1.897750 8.235291 6.382408 -10.651767 -1.424825 -10.463775 19.615011
5.255944 6.264260 -34.083286 1.413634 8.395410 6.924860 -10.594025 -1.516985 -9.906824 20.078745
4.014353 6.552233 -33.467961 0.772981 8.536742 7.374402 -10.576865 -1.584031 -9.465732 20.541632
2.456696 6.942317 -32.825637 0.039671 8.608101 7.884151 -10.664740 -1.691264 -8.936680 21.075577
0.885403 7.264804 -32.135212 -0.864327 8.632979 8.413063 -10.517768 -1.824986 -8.272372 21.602599
-0.530817 7.638162 -31.645339 -1.511016 8.782731 8.918293 -10.375018 -1.872862 -7.710627 22.142930
-1.883555 7.985043 -30.907681 -2.321626 8.954496 9.322776 -10.517848 -1.885251 -7.239072 22.539009
-3.097948 8.337841 -30.400270 -3.071661 9.104826 9.442477 -10.385216 -2.002455 -6.796297 23.051568
-4.272522 8.631878 -29.863532 -3.902780 9.192025 9.468305 -10.218894 -2.213670 -6.267016 23.461850
-5.206329 8.900118 -29.421491 -4.557210 9.315213 9.490659 -10.063725 -2.366643 -5.763692 23.705964
-5.958769 9.085401 -29.111315 -5.086712 9.364923 9.394776 -9.928513 -2.498472 -5.401305 23.915175
-6.426139 9.180111 -28.896161 -5.452644 9.352721 9.327818 -9.830610 -2.629469 -5.158858 24.034792
-6.701769 9.233254 -28.735611 -5.696925 9.336279 9.289748 -9.780930 -2.727855 -5.000217 24.102336
-6.781018 9.245110 -28.669636 -5.776629 9.291692 9.295102 -9.765955 -2.778958 -4.938248 24.136103
-6.762901 9.231619 -28.781437 -5.757068 9.364231 9.234189 -9.655072 -2.731828 -4.978051 24.144351
-6.635370 9.179244 -29.117077 -5.657341 9.504054 9.040308 -9.369912 -2.633627 -5.092241 24.135697
-6.329065 9.058506 -29.573030 -5.493298 9.684400 8.814015 -8.933524 -2.493396 -5.303432 24.111411
-5.804407 8.871121 -30.251529 -5.189066 9.902549 8.478925 -8.305277 -2.332940 -5.550829 24.027684
-5.188001 8.641906 -31.275496 -4.732127 10.145957 7.989282 -7.464556 -2.125691 -5.842863 23.909296
-4.258213 8.239335 -32.419645 -4.311274 10.290254 7.082247 -6.267589 -2.079073 -6.029908 23.637621
-3.142837 7.826445 -33.735682 -3.788784 10.298057 5.971402 -4.829869 -2.161880 -6.218354 23.479355
-1.907876 7.265266 -34.925489 -3.472183 10.485692 4.716859 -3.549339 -2.067763 -6.522629 23.009003
-0.624447 6.758306 -36.416080 -3.075268 10.502557 2.935395 -1.759396 -2.161893 -6.681982 22.648088
