0.193670 3.251222 -39.461204 -2.132814 7.818718 1.428659 -0.177803 -2.790410 -2.873503 16.681826
0.951294 2.739667 -40.272953 -2.694017 8.053669 -1.165231 1.588053 -2.538911 -2.609223 16.224694
1.501469 2.488682 -40.951637 -3.465119 8.892433 -3.336945 3.786781 -2.052932 -1.756795 15.292850
1.313840 2.598291 -41.235864 -4.654743 9.481486 -5.608607 6.086538 -2.029719 -0.351881 14.809201
0.523753 3.126288 -40.799161 -6.225567 9.923809 -7.718746 8.346074 -2.257242 1.920801 14.557569
-0.276486 4.674052 -38.781835 -9.115816 10.928861 -10.197499 11.833506 -4.013281 3.078267 15.789800
-1.441042 5.337357 -37.029492 -11.346258 11.901793 -11.490121 13.891932 -4.761778 5.117062 15.976169
-2.416722 5.803593 -35.568333 -13.406917 13.266730 -12.861337 16.401291 -5.321829 7.405581 16.415476
-2.918761 5.564188 -33.626209 -15.527978 14.215316 -13.496589 17.808799 -6.135754 8.887959 16.086146
-2.362321 5.321188 -31.760067 -17.168942 15.298981 -13.919187 19.374384 -6.879606 10.279459 15.666348
-0.846220 4.838958 -29.701003 -18.239070 16.060817 -13.720208 20.336910 -7.470663 11.615410 14.658686
0.441764 4.526309 -27.676903 -19.174210 16.402429 -13.317798 20.992748 -8.118465 13.158269 13.549463
2.220448 4.094650 -26.223814 -19.421890 16.687284 -12.889920 20.909669 -7.788975 14.909658 12.036604
3.472753 3.831675 -24.966490 -19.128115 16.328052 -11.551319 19.998045 -6.526944 17.170294 10.845230
4.659000 3.577248 -23.879298 -18.498799 15.513269 -9.722537 19.097554 -5.302845 19.781151 9.933935
6.281274 3.470274 -22.632834 -17.791344 13.889216 -7.736382 18.325926 -4.492332 22.326799 9.682499
7.516617 3.370130 -20.886425 -17.703327 12.348214 -5.914550 17.632278 -4.469435 24.003919 9.929138
9.027173 3.320713 -18.654187 -17.508877 10.326094 -3.642455 16.849259 -5.216546 25.704768 10.290661
11.301279 3.316847 -16.360184 -17.194318 8.572196 -1.940496 16.388352 -6.480596 26.561871 10.635117
12.797781 3.440681 -13.264804 -17.476931 7.026634 -0.125993 15.358806 -7.649607 27.468785 10.673666
14.743909 3.339481 -10.095136 -17.962495 6.050940 1.356855 14.547246 -8.993152 28.028527 10.232827
16.774118 3.468930 -7.327942 -17.889562 4.706597 2.958553 13.670188 -10.680319 28.996161 10.154755
17.938990 3.980338 -5.376610 -17.376793 3.290619 4.364867 12.622059 -12.396108 29.771589 10.286894
18.810945 4.706272 -3.839661 -16.425074 1.542564 5.814499 11.241757 -13.868651 30.755639 10.233478
19.497785 5.434992 -2.768174 -15.220675 -0.173243 6.948318 9.970947 -15.463536 31.475942 10.300876
19.893420 6.220778 -2.117218 -13.839079 -1.623486 7.862475 8.731087 -17.053325 31.935044 10.425195
20.198689 6.822730 -1.708678 -12.711244 -2.724651 8.540869 7.711540 -18.349594 32.087100 10.502996
20.215714 7.520720 -1.414849 -11.752133 -3.847260 9.072064 6.873179 -19.435831 32.244853 10.851249
20.140676 7.884587 -1.190627 -11.184123 -4.593792 9.515080 6.066505 -19.974206 32.234292 10.961195
20.078275 8.032393 -1.157290 -10.910253 -4.991597 9.670637 5.663133 -20.193084 32.128943 11.033470
20.113018 8.059218 -1.200620 -10.805623 -5.078843 9.658275 5.652882 -20.239072 32.107435 11.079381
20.010591 8.114113 -1.191072 -10.794929 -5.099750 9.701676 5.526993 -20.256277 32.096463 11.065674
19.803325 8.230637 -1.168871 -10.824303 -5.049949 9.754913 5.205048 -20.240592 32.063777 10.981449
19.468053 8.384930 -1.196146 -10.853776 -4.925262 9.792031 4.837140 -20.199030 31.996177 10.879193
18.932991 8.586613 -1.222449 -10.963398 -4.737283 9.873665 4.270275 -20.091026 31.848150 10.714437
18.272311 8.791849 -1.478409 -11.037453 -4.312802 9.812406 3.655278 -19.891164 31.590637 10.415770
17.274927 9.157733 -1.691136 -11.193624 -3.883715 9.750355 2.751691 -19.794927 31.185069 10.113772
16.167161 9.488556 -1.882239 -11.477377 -3.433627 9.701719 1.939081 -19.580178 30.850815 9.832367
15.132408 9.763344 -1.869090 -11.864869 -3.077617 9.752269 0.959024 -19.263030 30.522404 9.534513
14.098485 9.890369 -1.940242 -12.184467 -2.802475 9.900265 -0.202689 -18.706153 30.243243 9.189062
13.069189 9.971121 -1.988551 -12.412390 -2.621206 10.128404 -1.512688 -18.133006 30.050112 8.791223
12.014667 10.084784 -2.021525 -12.741971 -2.231392 10.320064 -2.622460 -17.625179 29.786256 8.359729
10.924198 10.278499 -1.949112 -13.188072 -1.638212 10.517853 -3.755360 -17.226409 29.530818 7.808764
9.882373 10.484622 -1.821349 -13.622939 -1.193646 10.700188 -4.768580 -17.040074 29.213844 7.423834
9.064550 10.493251 -1.882095 -13.970645 -0.678437 10.706759 -5.289531 -16.713564 28.947562 7.074782
8.348837 10.369618 -1.868143 -14.369362 -0.170249 10.724557 -5.641598 -16.286853 28.711556 6.684116
7.866098 10.239627 -1.871192 -14.613898 0.114380 10.753773 -5.970336 -16.005602 28.512936 6.390413
7.491669 10.104124 -1.827251 -14.882556 0.321619 10.774667 -6.198315 -15.772083 28.337751 6.165912
7.175204 10.031575 -1.810656 -15.113508 0.449343 10.761272 -6.225095 -15.660524 28.209246 6.106714
6.958136 9.969439 -1.785930 -15.306066 0.575048 10.743646 -6.211318 -15.550934 28.118220 6.045492
6.888288 9.942114 -1.777738 -15.362136 0.600977 10.740660 -6.224765 -15.511375 28.067092 6.020643
6.842851 9.748741 -1.767793 -15.652730 1.018556 10.710694 -5.826543 -15.354335 28.131773 5.832970
6.828491 9.120097 -1.543474 -16.792740 2.256847 10.462052 -4.237064 -14.954539 28.149501 5.577497
7.754983 7.739246 -1.261713 -18.476451 4.204066 9.827454 -1.216855 -14.058313 28.139432 5.193891
8.698146 6.058578 -1.013557 -20.365784 6.709175 8.942433 1.674857 -13.029872 27.644271 4.348403
10.181765 2.928553 -1.191855 -22.236701 8.717998 8.525011 4.675190 -10.153863 27.422062 3.233145
10.570915 0.099482 -2.093474 -24.569942 9.871169 7.595715 6.781939 -7.624723 26.391425 2.547737
9.005856 -1.802407 -5.022987 -25.917229 11.131868 5.978180 7.421463 -4.375336 24.926202 1.788140
8.589040 -4.304863 -8.243176 -26.704685 12.220104 4.469242 7.152431 -0.846708 22.681730 0.530755
7.855298 -5.943815 -10.477028 -26.884053 14.293938 2.600899 5.221089 1.599935 19.663474 -0.944996
7.346086 -6.924021 -12.354325 -26.526001 16.189040 1.055990 2.897757 3.250072 16.652828 -2.200964
5.969177 -7.954726 -13.871695 -26.777003 17.287593 -0.499545 0.320341 4.031515 12.818007 -2.710461
4.515686 -8.585176 -14.398039 -27.632491 17.530890 -1.292852 -1.961550 3.210955 8.914439 -2.589956
2.583594 -8.362564 -15.288778 -28.340020 17.672879 -2.637367 -3.748732 3.313330 5.910213 -2.125628
-0.236747 -8.233358 -16.797119 -28.815902 16.432615 -3.385303 -5.495610 4.294414 4.440771 -1.687856
-3.462666 -7.567120 -18.097605 -29.421467 15.000820 -4.280753 -6.898572 4.431683 3.157070 -0.393934
-6.514600 -7.132138 -19.392229 -30.516497 14.495625 -5.863336 -6.715662 3.577458 0.924492 1.460238
-9.909038 -6.467701 -20.118801 -31.796053 14.304999 -7.160310 -6.864521 2.944238 -1.442844 3.432548
-11.922764 -6.033639 -20.830124 -32.160626 14.476869 -7.621533 -6.904120 2.885583 -3.118472 4.410816
-12.714720 -5.714852 -21.076706 -32.261409 14.601927 -8.041895 -6.965992 2.892945 -4.108323 5.065941
-12.895787 -5.597999 -21.110734 -32.224236 14.668224 -8.034935 -7.000415 2.875184 -4.424636 5.278124
-12.835584 -5.589435 -21.206971 -32.112724 14.694976 -8.106764 -7.074037 2.933059 -4.399337 5.170723
-12.682400 -5.605828 -21.474515 -31.855185 14.783411 -8.277507 -7.235525 3.064304 -4.381224 4.848985
-12.249139 -5.639284 -21.911788 -31.319859 14.969206 -8.556875 -7.531452 3.374918 -4.312540 4.333323
-11.779745 -5.676327 -22.434431 -30.710538 15.505540 -8.975510 -8.084877 3.818124 -4.375468 3.577851
-11.077757 -5.711827 -23.194284 -29.787396 16.033372 -9.428393 -8.549184 4.201599 -4.453366 2.736544
-10.112437 -5.976511 -23.755775 -28.933064 16.529368 -9.702908 -9.137851 4.929225 -4.348531 1.775498
-9.280500 -6.166019 -24.612734 -28.002851 17.197338 -10.195514 -9.976714 5.821678 -4.217333 0.643394
-8.395829 -6.176637 -25.404768 -26.786828 18.057059 -10.464318 -11.183651 6.716579 -4.243147 -0.477522
-7.958821 -6.177800 -26.004821 -25.764837 18.911019 -10.595186 -12.348302 7.826440 -4.078864 -1.319803
-7.039181 -6.226911 -26.496406 -24.628768 19.695689 -10.799532 -13.371370 8.825602 -3.942999 -2.041729
-5.956564 -6.231670 -26.593876 -23.591737 20.567162 -10.844735 -14.549318 9.827448 -3.871739 -2.703906
-5.086217 -6.118417 -26.478550 -22.846030 21.330332 -10.925135 -16.001466 10.929639 -3.886166 -3.242834
-4.245196 -6.032361 -26.516036 -22.127308 22.097141 -11.033383 -17.414825 12.079417 -4.004641 -3.855639
-3.822452 -5.646865 -26.353020 -21.425884 23.024463 -11.228437 -19.074722 13.287720 -3.930633 -4.473825
-3.450741 -5.130382 -26.029438 -20.632437 23.632600 -11.169747 -20.488104 14.240636 -3.718382 -4.707665
-3.418438 -4.691579 -25.977032 -20.003282 24.158628 -11.297564 -21.832180 15.320614 -3.559092 -4.844143
-3.337801 -4.400267 -25.953680 -19.577066 24.429126 -11.395979 -22.716801 16.165407 -3.404033 -4.838736
-3.269835 -4.184140 -26.023156 -19.220701 24.540131 -11.437562 -23.204392 16.734780 -3.211827 -4.820735
-3.235727 -4.057451 -26.125443 -18.970919 24.579488 -11.459249 -23.401188 17.024569 -3.050551 -4.805076
-3.223132 -4.015585 -26.104412 -18.917027 24.576252 -11.451284 -23.489979 17.115069 -2.999883 -4.791137
-3.223420 -4.014827 -26.103949 -18.916623 24.575947 -11.450683 -23.489812 17.114538 -3.000512 -4.790285
-3.221428 -4.015297 -26.102065 -18.916738 24.577785 -11.445540 -23.488722 17.114785 -3.001358 -4.792295
-3.222472 -4.015170 -26.102733 -18.916528 24.576604 -11.447409 -23.488723 17.114712 -3.000454 -4.791765
-3.223586 -4.016019 -26.101672 -18.918689 24.576077 -11.448067 -23.489297 17.113279 -2.998801 -4.793392
-3.223492 -4.015411 -26.101389 -18.918157 24.576136 -11.447652 -23.488752 17.113167 -2.998477 -4.792915
-3.223879 -4.014585 -26.102023 -18.917796 24.577035 -11.447076 -23.487884 17.113762 -2.998713 -4.791928
-3.223552 -4.014689 -26.100710 -18.918593 24.576879 -11.446414 -23.487774 17.112315 -2.998240 -4.793772
-3.224784 -4.015332 -26.101003 -18.919288 24.574600 -11.449628 -23.486639 17.109878 -2.997673 -4.793600
-3.225147 -4.014904 -26.101192 -18.919199 24.573660 -11.451607 -23.485856 17.108692 -2.997011 -4.792390
