-6.916570 -0.975622 -0.192932 -25.374582 -4.056795 13.994582 -37.496423 -11.337178 -0.830859 -12.263966
-6.916570 -0.975622 -0.192932 -25.374582 -4.056795 13.994582 -37.496423 -11.337178 -0.830859 -12.263966
-6.916570 -0.975622 -0.192932 -25.374582 -4.056795 13.994582 -37.496423 -11.337178 -0.830859 -12.263966
-6.916570 -0.975622 -0.192932 -25.374582 -4.056795 13.994582 -37.496423 -11.337178 -0.830859 -12.263966
-6.916570 -0.975622 -0.192932 -25.374582 -4.056795 13.994582 -37.496423 -11.337178 -0.830859 -12.263966
-6.751137 -0.034708 1.685620 -27.757053 -3.562554 14.201749 -35.752986 -12.967685 -2.708841 -10.415485
-6.767997 0.059702 1.781055 -27.806869 -3.503822 14.190022 -35.700798 -13.098912 -2.786311 -10.343671
-6.768018 0.061846 1.774260 -27.789766 -3.506398 14.172093 -35.703263 -13.138470 -2.778891 -10.356150
-6.770339 0.062808 1.771341 -27.787055 -3.503869 14.170438 -35.702328 -13.144341 -2.777361 -10.360094
-6.769335 0.061626 1.771101 -27.785613 -3.507768 14.170558 -35.701453 -13.144705 -2.774099 -10.359263
-6.767189 0.061447 1.771955 -27.785638 -3.507012 14.170115 -35.701482 -13.145599 -2.775609 -10.358897
-6.767583 0.060813 1.772241 -27.785180 -3.508437 14.169826 -35.702143 -13.146329 -2.774540 -10.359029
-6.765974 0.060341 1.772010 -27.785217 -3.508827 14.169091 -35.702019 -13.146837 -2.774959 -10.358752
-6.766131 0.059111 1.772417 -27.785888 -3.511954 14.168836 -35.702482 -13.147734 -2.774169 -10.359307
-6.766683 0.057796 1.769377 -27.784721 -3.514835 14.167831 -35.702553 -13.145555 -2.771730 -10.359436
-6.764942 0.058339 1.769066 -27.782108 -3.514628 14.170108 -35.702931 -13.143759 -2.771335 -10.360356
-6.764723 0.058806 1.769876 -27.782072 -3.515391 14.168987 -35.703091 -13.145266 -2.770654 -10.359990
-6.763160 0.058825 1.770765 -27.782358 -3.514443 14.168181 -35.702068 -13.146714 -2.770986 -10.361092
-6.762954 0.058114 1.769870 -27.781607 -3.513971 14.166831 -35.703516 -13.145166 -2.770753 -10.362544
-6.763727 0.058731 1.768620 -27.780857 -3.512006 14.166215 -35.703555 -13.146070 -2.772269 -10.362827
-6.763118 0.058887 1.767376 -27.780062 -3.512543 14.165628 -35.702844 -13.142967 -2.770041 -10.361995
-6.763447 0.058773 1.767073 -27.779623 -3.513029 14.167172 -35.702339 -13.143209 -2.769015 -10.362776
-6.761336 0.058471 1.768554 -27.777212 -3.512537 14.170080 -35.704586 -13.140203 -2.769943 -10.362472
-6.761122 0.057774 1.768764 -27.776854 -3.514606 14.170520 -35.704088 -13.140202 -2.768153 -10.362622
-6.760944 0.057658 1.768393 -27.777120 -3.513400 14.171178 -35.703204 -13.140721 -2.768792 -10.362840
-6.759829 0.056842 1.768124 -27.776402 -3.515909 14.172077 -35.703786 -13.138752 -2.767777 -10.362336
-6.758740 0.055025 1.767778 -27.775664 -3.518478 14.175577 -35.704540 -13.136315 -2.766826 -10.362791
-6.759445 0.053448 1.764385 -27.774300 -3.521491 14.174296 -35.704337 -13.132630 -2.764213 -10.361910
-6.759344 0.052785 1.764664 -27.774348 -3.521572 14.175588 -35.704601 -13.133348 -2.764519 -10.362929
-6.758815 0.051874 1.763419 -27.773875 -3.520684 14.173752 -35.706024 -13.130394 -2.764233 -10.364241
-6.760302 0.050897 1.763027 -27.774266 -3.524326 14.175880 -35.706246 -13.129272 -2.761391 -10.363596
-6.617157 0.028584 1.605917 -27.604511 -3.557234 14.050744 -35.737349 -13.186518 -2.719452 -10.244061
-6.128140 -0.019784 1.080523 -27.010706 -3.639963 13.674468 -35.765340 -13.333023 -2.553292 -9.860437
-5.292752 -0.040447 0.080102 -25.913069 -3.767460 12.929023 -35.658306 -13.563301 -2.233081 -9.065378
-4.247013 -0.048553 -1.146604 -24.518782 -3.995102 12.017068 -35.444401 -13.842979 -1.846649 -8.070709
-3.225825 0.005816 -2.424424 -23.082972 -4.283435 11.073527 -34.920321 -14.123067 -1.345978 -6.998834
-2.426361 0.098832 -3.320791 -21.862220 -4.602388 10.501582 -34.641998 -14.351374 -0.942215 -6.193594
-1.695486 0.135281 -4.161442 -20.803774 -4.895796 10.000084 -34.447617 -14.553157 -0.604688 -5.600180
-0.979381 0.207367 -5.058939 -19.663664 -5.168090 9.465314 -34.110510 -14.751313 -0.274193 -4.959118
-0.124792 0.185516 -5.991562 -18.549804 -5.325822 9.119313 -33.631674 -14.894212 0.090519 -4.517932
0.526211 0.357755 -6.903522 -17.354774 -5.435219 8.887319 -32.903502 -14.945149 0.490566 -3.924287
1.189972 0.563990 -7.750690 -16.264930 -5.637028 8.835572 -32.182317 -15.046584 0.957954 -3.515206
1.535722 0.841152 -8.252240 -15.459393 -5.617592 9.004662 -31.475850 -15.022882 1.487708 -3.032318
1.755656 1.213989 -8.765322 -14.705685 -5.632503 9.175164 -30.868724 -15.122831 2.075681 -2.480900
1.925153 1.605109 -9.207724 -13.980726 -5.706521 9.467154 -30.463167 -15.210102 2.568838 -1.942090
1.993640 1.989280 -9.639759 -13.325774 -5.743480 9.676976 -29.986671 -15.293037 3.064227 -1.306434
1.982228 2.276469 -9.933988 -12.905041 -5.714999 9.830583 -29.589247 -15.349384 3.449537 -0.799179
1.977039 2.532440 -10.161217 -12.528068 -5.668995 9.895801 -29.316346 -15.309649 3.718066 -0.395055
2.004338 2.708316 -10.446319 -12.208263 -5.593734 9.903142 -29.005541 -15.218153 3.869150 -0.071272
2.022833 2.818610 -10.666671 -11.990163 -5.561747 9.906162 -28.786390 -15.165410 3.945449 0.170046
2.040517 2.848210 -10.742817 -11.914205 -5.535765 9.908900 -28.707783 -15.137284 3.962411 0.235306
1.908553 2.951383 -10.752631 -11.854472 -5.557332 9.971739 -28.782972 -15.140802 4.043490 0.328955
1.602949 3.240946 -10.893041 -11.624410 -5.586943 10.007635 -28.704853 -15.149353 4.192454 0.809332
1.376192 3.628282 -11.379801 -11.194371 -5.533844 10.145019 -28.463683 -15.184930 4.341921 1.537714
0.499924 4.416762 -11.976128 -10.644028 -5.567767 10.277617 -27.797449 -15.257581 4.729086 3.057191
-0.249785 5.190047 -12.463250 -10.107145 -5.739396 10.311169 -27.266826 -15.503097 4.697195 4.918284
-0.499647 5.985596 -12.705553 -9.017997 -5.365062 11.441191 -27.206750 -14.926352 3.471921 7.335904
-0.939320 6.810198 -13.502076 -7.634492 -5.084795 11.920132 -27.506308 -14.370456 2.367896 10.053477
-1.057706 7.572926 -15.331570 -6.020090 -4.899478 11.429294 -27.252604 -13.574603 1.619414 11.855603
-2.152417 8.934145 -17.258290 -4.588178 -4.233519 10.665094 -27.098839 -12.054796 1.851967 13.154030
-2.144841 10.203726 -19.761502 -2.672380 -3.816191 9.382803 -26.567146 -10.845738 2.221912 13.865195
-1.483343 10.532165 -21.953927 -1.450014 -4.169339 8.149231 -23.071677 -11.835958 2.935886 15.253499
0.670917 10.026767 -24.141384 -0.080870 -4.561783 7.480558 -19.977486 -12.880054 1.868747 16.302164
3.762042 9.337474 -27.182178 1.811933 -4.262588 5.442760 -17.073788 -12.939231 1.196946 16.453148
6.696671 8.090916 -29.289982 2.803294 -3.837262 3.857580 -14.667030 -12.964830 0.728156 15.314720
9.647026 7.254416 -31.440402 4.696712 -3.950137 2.650563 -13.592037 -12.986749 0.237756 14.051103
12.321879 6.476500 -32.914593 6.170432 -4.136507 1.640477 -12.826745 -12.888172 0.117098 12.668217
15.815205 5.042131 -33.945944 7.177715 -4.037311 1.157632 -11.068270 -13.109291 -0.420162 10.762047
18.776165 3.839220 -34.708080 8.070279 -4.120396 0.817768 -9.207006 -13.600394 -0.878903 9.721325
19.914217 3.217890 -35.134105 8.276921 -4.188614 0.748697 -7.770856 -14.058679 -1.149687 9.446216
20.270558 3.039217 -35.208054 8.361321 -4.331211 0.765819 -7.437125 -14.300555 -1.218464 9.335498
20.200787 3.099413 -35.189326 8.385323 -4.422494 0.824276 -7.455312 -14.375717 -1.171299 9.438737
20.055212 3.250694 -35.166428 8.475554 -4.625173 0.946060 -7.509947 -14.530463 -1.072562 9.704911
19.744285 3.449649 -35.106812 8.499180 -4.832791 1.129156 -7.453188 -14.742434 -0.891205 10.066296
19.161587 3.742394 -34.946727 8.400975 -5.119797 1.364308 -7.286733 -15.069637 -0.574661 10.600622
18.428871 4.196755 -34.640471 8.351609 -5.729114 1.766975 -7.091642 -15.730305 0.015463 11.457625
17.387172 4.686244 -34.308979 8.102183 -6.257225 2.197736 -6.818345 -16.301326 0.605437 12.379800
16.206424 5.252207 -34.031031 7.875468 -6.754492 2.601199 -6.386717 -16.857560 1.212573 13.561333
14.906101 5.830662 -33.568954 7.549804 -7.327720 3.091808 -6.214766 -17.463835 1.736470 14.775165
13.641315 6.450067 -33.046450 7.273697 -7.910544 3.541289 -6.038391 -18.068758 2.265085 16.075154
12.444555 7.083125 -32.481764 7.046319 -8.519655 4.060045 -6.106808 -18.629047 2.784708 17.256465
11.142904 7.674167 -31.846723 6.587607 -8.811928 4.500777 -6.062568 -18.949935 3.308977 18.388486
9.871345 8.216667 -31.346215 6.191590 -8.962599 4.864003 -5.962262 -19.171125 3.860886 19.363105
8.484448 8.748450 -30.808979 5.639223 -9.071936 5.172985 -5.557838 -19.457853 4.513530 20.455135
6.974027 9.319863 -30.055836 4.949829 -9.217787 5.549082 -5.327680 -19.763632 5.226905 21.538879
5.772788 9.787284 -29.368948 4.352577 -9.203790 5.868257 -5.235029 -19.908174 5.739608 22.424154
4.855373 10.120166 -28.806524 3.822195 -9.092565 6.129734 -5.190614 -19.979033 6.106422 22.947678
4.075160 10.366367 -28.260327 3.302820 -8.985494 6.355082 -5.186001 -20.039850 6.426401 23.310172
3.485343 10.542249 -27.789347 2.864523 -8.900607 6.532919 -5.185346 -20.072167 6.695852 23.559107
3.114603 10.648218 -27.483007 2.572538 -8.854352 6.643070 -5.174224 -20.090386 6.870242 23.714710
2.987341 10.688502 -27.380340 2.470373 -8.843784 6.668484 -5.158066 -20.103886 6.942799 23.763817
2.920925 10.719141 -27.299714 2.423452 -8.859196 6.709010 -5.170407 -20.132585 6.999514 23.792190
2.735240 10.805156 -27.054901 2.281303 -8.888120 6.804426 -5.248689 -20.172553 7.151967 23.851280
2.432797 10.921468 -26.672857 2.042021 -8.910872 6.961709 -5.363266 -20.242238 7.367104 23.927162
1.981242 11.086874 -26.187567 1.728040 -8.893432 7.137815 -5.614179 -20.265043 7.602503 24.036512
1.320820 11.298799 -25.600922 1.277374 -8.804377 7.291502 -5.818961 -20.266196 7.875768 24.280260
0.600919 11.473752 -24.848073 0.682781 -8.700371 7.548558 -6.150286 -20.293054 8.198716 24.367235
-0.235889 11.646744 -23.893229 -0.067235 -8.592004 7.913605 -6.580632 -20.342801 8.668365 24.349850
-1.131033 11.844971 -23.089742 -0.764166 -8.400439 8.190105 -6.935947 -20.269142 9.051660 24.446501
-2.113000 12.044960 -22.377993 -1.484695 -8.151743 8.425376 -7.382186 -20.109098 9.362576 24.447916
