-6.247375 0.776228 2.599335 -24.943593 -2.475343 15.040070 -39.076824 -8.975742 0.909142 -8.331809
-6.247375 0.776228 2.599335 -24.943593 -2.475343 15.040070 -39.076824 -8.975742 0.909142 -8.331809
-6.247375 0.776228 2.599335 -24.943593 -2.475343 15.040070 -39.076824 -8.975742 0.909142 -8.331809
-6.247375 0.776228 2.599335 -24.943593 -2.475343 15.040070 -39.076824 -8.975742 0.909142 -8.331809
-6.247375 0.776228 2.599335 -24.943593 -2.475343 15.040070 -39.076824 -8.975742 0.909142 -8.331809
-6.216202 1.653021 4.171271 -26.968536 -2.069838 15.634035 -37.414520 -10.641366 -0.540328 -6.848214
-6.285980 1.755683 4.220320 -26.989672 -1.983757 15.629209 -37.386601 -10.796820 -0.614248 -6.827622
-6.281180 1.760302 4.225153 -26.975138 -1.992452 15.609647 -37.393784 -10.825474 -0.599156 -6.824530
-6.279829 1.760185 4.225259 -26.973755 -1.991340 15.605770 -37.391919 -10.831232 -0.597085 -6.828144
-6.277307 1.759074 4.225264 -26.972183 -1.994256 15.605980 -37.391186 -10.830722 -0.594956 -6.827069
-6.275705 1.759185 4.226588 -26.972497 -1.993668 15.606218 -37.390948 -10.831689 -0.594763 -6.827090
-6.275921 1.757922 4.226691 -26.973165 -1.996621 15.605857 -37.391403 -10.830682 -0.593706 -6.826572
-6.274851 1.757082 4.226813 -26.973110 -1.998616 15.605689 -37.391122 -10.831051 -0.593024 -6.826239
-6.275044 1.756514 4.226841 -26.973157 -2.000778 15.604908 -37.392790 -10.831828 -0.592548 -6.826844
-6.274854 1.755037 4.224609 -26.973380 -2.003193 15.603809 -37.392119 -10.829423 -0.592057 -6.826749
-6.273152 1.754367 4.224446 -26.971397 -2.005456 15.606087 -37.392212 -10.827947 -0.589651 -6.826993
-6.272817 1.754676 4.224901 -26.971163 -2.006030 15.605317 -37.392574 -10.829836 -0.589377 -6.826471
-6.270770 1.754897 4.226432 -26.971776 -2.005262 15.604450 -37.391907 -10.829508 -0.589294 -6.825795
-6.269733 1.755094 4.226305 -26.969707 -2.004660 15.605417 -37.392786 -10.829351 -0.588041 -6.827239
-6.269596 1.756091 4.225294 -26.968885 -2.002606 15.605348 -37.391918 -10.829834 -0.588783 -6.826708
-6.268719 1.756305 4.225025 -26.968251 -2.003141 15.603868 -37.391291 -10.829162 -0.587339 -6.826243
-6.268645 1.756106 4.225220 -26.968102 -2.003455 15.604922 -37.390431 -10.828592 -0.585785 -6.827152
-6.266724 1.754940 4.225736 -26.967435 -2.003394 15.605123 -37.391503 -10.826379 -0.587177 -6.827959
-6.265529 1.755030 4.225782 -26.965671 -2.006211 15.605132 -37.391341 -10.827227 -0.584972 -6.826806
-6.265315 1.754600 4.225841 -26.966016 -2.006833 15.605623 -37.390680 -10.827614 -0.584819 -6.826811
-6.262909 1.752533 4.225729 -26.965925 -2.009862 15.605711 -37.390674 -10.825727 -0.583533 -6.826240
-6.262881 1.750185 4.225262 -26.966872 -2.012859 15.606478 -37.390953 -10.822019 -0.582740 -6.825611
-6.262232 1.749120 4.223990 -26.967052 -2.013228 15.605227 -37.390388 -10.819338 -0.583096 -6.825862
-6.261235 1.748516 4.224688 -26.967270 -2.015122 15.606227 -37.390452 -10.819363 -0.582916 -6.825108
-6.261185 1.747425 4.224297 -26.967631 -2.015106 15.606085 -37.391075 -10.817694 -0.582577 -6.826542
-6.263222 1.747153 4.223209 -26.968108 -2.017925 15.607455 -37.390681 -10.818148 -0.580749 -6.826811
-6.126799 1.727113 4.062748 -26.794271 -2.051872 15.482752 -37.420053 -10.871355 -0.534414 -6.704364
-5.651301 1.687561 3.529594 -26.192713 -2.125740 15.105533 -37.420355 -11.005543 -0.349939 -6.316099
-4.833205 1.669636 2.524086 -25.091496 -2.250385 14.348955 -37.303282 -11.224027 -0.015215 -5.507791
-3.798097 1.661754 1.254509 -23.676271 -2.470094 13.419071 -37.051074 -11.484405 0.388234 -4.493389
-2.783151 1.698923 -0.075032 -22.230887 -2.729527 12.480689 -36.461501 -11.741529 0.888288 -3.454528
-1.958581 1.765081 -1.029462 -20.993400 -3.079245 11.862154 -36.143580 -11.989141 1.297605 -2.666079
-1.207784 1.784021 -1.933627 -19.921811 -3.385162 11.335630 -35.918297 -12.227526 1.616378 -2.094869
-0.476496 1.854363 -2.890455 -18.761343 -3.656701 10.827671 -35.553242 -12.466597 1.917863 -1.488568
0.354086 1.840490 -3.869373 -17.636178 -3.841277 10.474741 -35.015887 -12.700045 2.281896 -1.055926
0.951863 1.970356 -4.703527 -16.545755 -3.935464 10.346784 -34.286107 -12.789438 2.654841 -0.610410
1.613868 2.109857 -5.437067 -15.580954 -4.107209 10.446768 -33.503607 -12.969788 3.129614 -0.414690
2.024334 2.348956 -5.884078 -14.828470 -4.100308 10.688711 -32.708476 -13.068249 3.649743 -0.021233
2.320441 2.704262 -6.371981 -14.117782 -4.085210 10.911638 -31.979611 -13.261006 4.215857 0.498443
2.554627 3.061515 -6.798746 -13.409440 -4.182607 11.234398 -31.544353 -13.447490 4.685561 0.943839
2.698948 3.393072 -7.231186 -12.763341 -4.221356 11.479884 -31.061950 -13.575315 5.149543 1.479856
2.724100 3.643363 -7.576984 -12.306269 -4.205097 11.699219 -30.668055 -13.644035 5.513132 1.912230
2.742403 3.875689 -7.840425 -11.900024 -4.162850 11.828045 -30.386849 -13.619379 5.757439 2.262050
2.792967 4.038913 -8.152119 -11.554392 -4.096921 11.873465 -30.068015 -13.534336 5.897614 2.558743
2.828871 4.150210 -8.398270 -11.310346 -4.077527 11.875129 -29.840198 -13.483068 5.968906 2.813260
2.855107 4.178314 -8.480479 -11.227564 -4.053277 11.880454 -29.757151 -13.455396 5.986268 2.878141
2.738021 4.271206 -8.513123 -11.154045 -4.062717 11.966098 -29.794761 -13.462934 6.075760 2.947776
2.413583 4.543923 -8.677299 -10.936330 -4.126157 11.965933 -29.724844 -13.488421 6.214299 3.378414
2.176266 4.946854 -9.214361 -10.508171 -4.121258 12.031449 -29.471265 -13.560563 6.349502 4.100090
1.322863 5.742208 -9.927631 -9.839474 -4.151703 12.171815 -28.856640 -13.528856 6.694697 5.649701
0.618074 6.478128 -10.481860 -9.193163 -4.319130 12.282753 -28.350557 -13.652197 6.614020 7.577451
0.465525 7.169081 -10.516732 -8.221947 -3.926023 13.623479 -28.325847 -13.158896 5.405371 9.812144
-0.090253 7.869650 -11.338062 -7.089242 -3.862698 14.069858 -28.449750 -12.980629 4.299377 12.295987
-0.292835 8.703502 -13.356400 -5.606824 -3.430985 13.553891 -27.566233 -12.306627 3.717398 13.936614
-1.438039 10.254956 -15.720505 -3.968552 -2.654876 12.758631 -27.102570 -11.115230 3.992138 15.058600
-1.085323 11.308968 -18.240308 -2.211053 -1.709958 11.516823 -26.370094 -9.647064 4.154844 15.462348
-0.297657 11.487467 -20.647446 -0.835133 -2.500857 10.299445 -22.867329 -10.923016 4.841728 16.539044
2.303473 10.672043 -22.693812 0.330206 -3.116935 9.597971 -19.755198 -12.339346 3.599445 17.235275
5.497476 9.956355 -25.377279 1.815019 -2.356169 7.659751 -16.935065 -12.221693 2.808160 17.274610
8.695115 8.660952 -27.269611 2.905229 -2.160414 6.249422 -14.578425 -12.363172 2.247543 16.459165
12.079962 7.559480 -29.199374 4.638450 -2.101478 4.997175 -13.255247 -12.147742 1.635869 15.334787
14.867256 6.809803 -30.624257 6.136534 -2.086600 4.053777 -12.535892 -11.865384 1.242053 14.408317
18.333169 5.389727 -31.459954 7.100979 -2.087915 3.785083 -10.924052 -11.963909 0.512598 13.037036
21.170840 4.274275 -32.149037 7.931697 -2.211566 3.438030 -8.990362 -12.475075 0.154473 12.197509
22.451180 3.574207 -32.549905 8.146089 -2.418780 3.291569 -7.524252 -12.924655 -0.134142 12.026274
22.861159 3.374097 -32.644795 8.234746 -2.562006 3.269756 -7.125228 -13.151359 -0.184462 11.945673
22.779760 3.439498 -32.630767 8.256788 -2.653804 3.320012 -7.139605 -13.229322 -0.126770 12.042144
22.616584 3.601719 -32.609862 8.345942 -2.868851 3.433788 -7.186869 -13.391934 -0.015523 12.316892
22.279816 3.825554 -32.551792 8.365223 -3.079979 3.602674 -7.115092 -13.601333 0.184190 12.697779
21.693599 4.119997 -32.407888 8.266103 -3.357631 3.826715 -6.929981 -13.920974 0.503474 13.238487
20.941422 4.602242 -32.183809 8.246519 -3.907176 4.190794 -6.722671 -14.573708 1.077511 14.054544
19.992963 5.053649 -31.877898 8.057687 -4.454524 4.612894 -6.412817 -15.122806 1.608677 15.025532
18.780258 5.602416 -31.666211 7.863266 -4.978770 4.959530 -6.046199 -15.644802 2.148328 16.208670
17.449247 6.207310 -31.227086 7.573550 -5.544608 5.457912 -5.885331 -16.262305 2.623138 17.457905
16.195736 6.832617 -30.749418 7.354257 -6.081511 5.903663 -5.684188 -16.861733 3.083424 18.758734
14.991407 7.469120 -30.212069 7.160274 -6.652244 6.389748 -5.672988 -17.424220 3.580147 19.951642
13.664380 8.095703 -29.600337 6.755433 -6.979518 6.825593 -5.605939 -17.803860 4.099942 21.109805
12.437805 8.666719 -29.109051 6.414142 -7.176707 7.176548 -5.480711 -18.074624 4.640600 22.150172
11.112193 9.201342 -28.557369 5.891967 -7.323111 7.491008 -5.120586 -18.386306 5.280294 23.232424
9.639712 9.780068 -27.804426 5.219913 -7.478526 7.880226 -4.893221 -18.709139 5.998474 24.304243
8.437301 10.235916 -27.127600 4.605729 -7.473154 8.211063 -4.754372 -18.875948 6.530507 25.165696
7.502120 10.546013 -26.530266 4.037736 -7.358460 8.508848 -4.710799 -18.949038 6.897560 25.665225
6.700794 10.775783 -25.953367 3.489169 -7.244572 8.775757 -4.725755 -19.005602 7.211189 25.999536
6.099284 10.948578 -25.472140 3.043687 -7.160738 8.980343 -4.743578 -19.032103 7.478974 26.234849
5.723721 11.050100 -25.154239 2.742302 -7.117261 9.102547 -4.729055 -19.056109 7.656988 26.383320
5.596618 11.090906 -25.046915 2.639555 -7.106271 9.134637 -4.716524 -19.070377 7.729841 26.428350
5.532353 11.118415 -24.962379 2.591897 -7.119267 9.178704 -4.729404 -19.094822 7.789465 26.453690
5.358080 11.200564 -24.711862 2.453959 -7.140617 9.285876 -4.799224 -19.131946 7.947023 26.514978
5.068007 11.305592 -24.324996 2.211796 -7.146363 9.454621 -4.891183 -19.195530 8.172866 26.590603
4.626097 11.457514 -23.840423 1.885985 -7.095329 9.644230 -5.080685 -19.209090 8.403579 26.711677
3.961441 11.652968 -23.247388 1.409137 -6.979637 9.810790 -5.254852 -19.201821 8.671625 26.941537
3.301718 11.808620 -22.479827 0.810403 -6.845424 10.059414 -5.532837 -19.208516 9.010570 27.017208
2.472927 11.982431 -21.489449 0.039530 -6.729301 10.442028 -5.884176 -19.282163 9.522855 27.006070
1.577459 12.181365 -20.658536 -0.666441 -6.543120 10.733607 -6.238864 -19.209257 9.914442 27.115303
0.551374 12.394863 -19.920996 -1.390078 -6.301412 11.017553 -6.739676 -19.049895 10.238514 27.091308
