-2.922544 -1.226772 -24.694242 -16.963008 27.659312 -11.372962 -24.059697 12.964677 -3.967160 -5.059196
-2.922544 -1.226772 -24.694242 -16.963008 27.659312 -11.372962 -24.059697 12.964677 -3.967160 -5.059196
-2.922544 -1.226772 -24.694242 -16.963008 27.659312 -11.372962 -24.059697 12.964677 -3.967160 -5.059196
-2.922544 -1.226772 -24.694242 -16.963008 27.659312 -11.372962 -24.059697 12.964677 -3.967160 -5.059196
-2.922544 -1.226772 -24.694242 -16.963008 27.659312 -11.372962 -24.059697 12.964677 -3.967160 -5.059196
-3.228111 -0.843369 -24.730738 -17.341139 28.308935 -10.838709 -23.333110 12.762514 -4.073593 -4.649436
-3.357142 -0.702992 -24.685227 -17.340036 28.362514 -10.779592 -23.263437 12.543372 -4.080377 -4.624639
-3.361830 -0.702606 -24.679602 -17.345162 28.352556 -10.801279 -23.260479 12.525094 -4.078224 -4.619275
-3.361214 -0.702185 -24.680941 -17.343253 28.353760 -10.804226 -23.259857 12.524837 -4.078974 -4.619016
-3.358808 -0.703747 -24.680224 -17.343102 28.352603 -10.802834 -23.260866 12.527855 -4.078698 -4.619426
-3.358007 -0.704411 -24.678923 -17.344418 28.352470 -10.802133 -23.260821 12.529376 -4.077764 -4.620833
-3.358564 -0.705430 -24.679716 -17.344554 28.352710 -10.802606 -23.261414 12.531109 -4.077376 -4.621521
-3.358641 -0.706935 -24.679639 -17.347161 28.352212 -10.803978 -23.261142 12.531380 -4.078209 -4.622932
-3.359371 -0.707052 -24.679265 -17.347482 28.351009 -10.804577 -23.261269 12.530755 -4.076829 -4.623381
-3.357125 -0.708688 -24.679087 -17.347557 28.350635 -10.806307 -23.261342 12.533752 -4.076639 -4.622754
-3.354380 -0.711011 -24.677954 -17.348576 28.349577 -10.807217 -23.261616 12.535973 -4.076713 -4.622400
-3.354660 -0.710910 -24.678050 -17.348209 28.348460 -10.806877 -23.260871 12.534922 -4.076433 -4.622146
-3.353888 -0.711141 -24.676885 -17.348906 28.349115 -10.803931 -23.259785 12.535852 -4.075028 -4.622701
-3.352131 -0.710691 -24.676180 -17.347592 28.349229 -10.802432 -23.259944 12.536087 -4.074627 -4.622249
-3.350712 -0.711652 -24.675346 -17.348964 28.349974 -10.801931 -23.259117 12.537736 -4.074680 -4.622363
-3.349888 -0.713025 -24.675020 -17.349723 28.348795 -10.802215 -23.258769 12.540041 -4.072060 -4.623750
-3.348066 -0.714927 -24.675004 -17.350785 28.348557 -10.804737 -23.259117 12.542519 -4.071543 -4.624014
-3.347036 -0.715094 -24.675506 -17.349593 28.349979 -10.803260 -23.258821 12.543037 -4.073401 -4.625297
-3.347440 -0.714887 -24.675841 -17.348918 28.349087 -10.803064 -23.258403 12.542728 -4.073023 -4.625145
-3.345380 -0.716041 -24.674597 -17.349309 28.347385 -10.801493 -23.258595 12.543291 -4.072025 -4.626379
-3.343902 -0.717454 -24.674355 -17.348703 28.346187 -10.801775 -23.259303 12.545876 -4.071426 -4.626184
-3.341212 -0.721187 -24.675533 -17.349260 28.344206 -10.801195 -23.259217 12.551933 -4.070844 -4.626537
-3.340467 -0.721751 -24.675790 -17.349490 28.344191 -10.800427 -23.258908 12.552620 -4.070855 -4.626430
-3.339435 -0.722978 -24.675748 -17.350244 28.344469 -10.802400 -23.258451 12.554905 -4.070148 -4.626308
-3.338010 -0.725450 -24.676484 -17.350476 28.344255 -10.802243 -23.259645 12.558668 -4.069430 -4.628130
-3.337448 -0.727305 -24.677517 -17.350776 28.342835 -10.802573 -23.260055 12.561563 -4.068876 -4.628822
-3.382969 -0.780301 -24.718582 -17.420809 28.318743 -10.819577 -23.173546 12.504535 -4.114389 -4.633629
-3.494818 -0.935876 -24.673744 -17.705702 28.223945 -10.833554 -23.008912 12.357695 -4.241230 -4.653883
-3.711929 -1.201231 -24.705580 -18.162535 27.981710 -10.866300 -22.584458 12.055827 -4.389837 -4.637186
-4.035927 -1.604013 -24.869441 -18.774463 27.420670 -10.830186 -21.760199 11.592883 -4.466664 -4.546967
-4.447882 -1.964753 -25.074281 -19.502579 26.651585 -10.813416 -20.491994 10.763501 -4.461901 -4.268674
-5.051565 -2.487191 -25.527176 -20.454392 25.584376 -10.896545 -18.942749 10.048028 -4.350604 -3.840051
-5.642502 -3.034158 -25.842470 -21.428735 24.358395 -10.793555 -17.234082 9.274056 -4.212011 -3.157049
-6.502463 -3.329604 -25.944165 -22.306892 23.242174 -10.650844 -15.745639 8.492996 -3.935137 -2.513013
-7.335749 -3.648030 -26.112691 -23.299296 22.009302 -10.541015 -14.226999 7.692751 -3.739501 -1.843490
-8.394218 -3.715872 -26.047377 -24.310606 20.708315 -10.338477 -13.004166 6.827843 -3.583509 -1.019422
-9.299091 -3.818195 -25.650464 -25.455022 19.464752 -9.970117 -11.839012 5.777933 -3.579197 -0.282189
-9.743164 -3.908215 -25.170599 -26.435446 18.353282 -9.774968 -10.755842 4.851676 -3.647743 0.534919
-10.656076 -3.799666 -24.416436 -27.551233 17.348680 -9.473759 -9.651877 4.056749 -3.532109 1.800729
-11.511440 -3.621078 -23.600848 -28.504457 16.631562 -8.946133 -8.812923 3.253839 -3.647003 2.982080
-12.400735 -3.566660 -23.130752 -29.356328 15.915490 -8.557662 -8.159216 2.720351 -3.701702 3.931983
-13.065012 -3.592429 -22.451167 -30.248238 15.350770 -8.079964 -7.580267 2.305305 -3.589184 4.682460
-13.489296 -3.569259 -21.985840 -30.780879 14.909509 -7.698522 -7.019346 1.876670 -3.542587 5.381799
-13.892697 -3.515326 -21.581736 -31.216374 14.697204 -7.380517 -6.723782 1.640031 -3.503777 5.900782
-14.040191 -3.494536 -21.341997 -31.438061 14.608842 -7.207629 -6.530266 1.502644 -3.509719 6.211664
-14.092471 -3.492651 -21.245164 -31.522716 14.587186 -7.125564 -6.448152 1.429559 -3.512216 6.309306
-13.891769 -3.591229 -21.197900 -31.486518 14.551690 -7.106909 -6.397973 1.393598 -3.183200 6.083875
-13.023831 -3.990928 -20.925679 -31.355330 14.563868 -6.742165 -6.376439 1.379273 -2.226614 5.315999
-11.029803 -4.682207 -20.341459 -30.998027 14.485771 -6.327432 -6.349405 1.808052 -0.427640 4.156437
-7.315731 -5.641689 -19.525582 -29.795340 14.664505 -5.204193 -6.148201 2.815687 1.720129 2.302253
-3.846074 -6.179342 -18.059277 -28.770979 15.704214 -3.809294 -6.408426 3.950522 3.671996 0.423072
-0.463316 -6.892851 -16.702231 -28.283157 17.203120 -2.882584 -5.479066 4.867366 5.540215 -1.079662
2.375895 -7.354631 -15.407996 -28.052608 17.750543 -2.215303 -3.705319 4.660736 7.608729 -1.541528
4.422515 -7.499110 -14.383055 -27.575551 17.840817 -1.128563 -1.984467 4.491854 10.319291 -1.903864
6.227101 -7.133622 -13.696456 -27.133930 17.452755 -0.477580 0.444756 4.817227 13.931005 -2.168526
7.520819 -6.184868 -12.007331 -27.079026 16.480689 0.954816 3.199145 4.077968 17.748669 -1.177494
9.108367 -5.057179 -9.401597 -27.068471 14.688515 2.371585 5.249744 2.263921 21.259107 0.041521
10.075899 -3.694959 -6.638449 -27.024157 13.243630 4.114410 6.329890 0.175705 23.972659 1.501839
11.784651 -2.643360 -3.153076 -26.190170 11.639852 6.305263 5.585056 -1.518888 26.272491 2.384014
13.355452 -1.290644 0.481267 -25.137366 8.985192 8.841253 3.889005 -3.386989 27.884403 3.937864
13.102974 1.213941 1.737189 -23.326609 6.529577 10.069270 1.804432 -5.190444 29.071172 5.542378
11.964966 3.768052 2.101155 -21.640755 4.073759 10.831942 -1.064227 -7.318548 29.674008 6.746493
10.796976 5.430582 1.896941 -19.822603 1.437151 11.728467 -4.261068 -8.567703 29.762157 7.489714
10.383285 6.511702 1.713453 -17.741680 -0.678367 12.616711 -7.570216 -9.448129 30.057809 7.455512
10.285230 7.042184 1.300391 -16.528778 -1.923988 12.842925 -9.221707 -9.796375 29.929165 7.633197
10.388679 7.177183 1.237596 -16.186938 -2.294858 12.866570 -9.647841 -9.834400 29.850886 7.786904
10.425516 7.217454 1.228498 -16.142088 -2.339884 12.871693 -9.634489 -9.903109 29.887817 7.823462
10.564071 7.304014 1.195360 -15.982732 -2.475781 12.877132 -9.659159 -10.065313 29.929253 7.900418
10.799107 7.424140 1.155455 -15.776636 -2.624352 12.878540 -9.596752 -10.267628 30.032965 7.984303
11.136156 7.602077 1.084787 -15.523936 -2.852542 12.829368 -9.297208 -10.548938 30.209929 8.251156
11.605873 7.798756 0.947505 -15.141735 -3.272432 12.823204 -8.848178 -10.856892 30.555187 8.545853
12.136403 8.005824 0.855669 -14.761453 -3.854473 12.783122 -8.475782 -11.310926 30.739827 9.056984
12.712410 8.137192 0.850686 -14.480521 -4.505239 12.711194 -7.852647 -11.801300 30.938928 9.565246
13.443447 8.106022 0.743554 -14.256738 -5.070157 12.443404 -6.753348 -12.269121 31.013955 10.251334
14.362178 7.992010 0.621673 -13.851269 -5.677639 12.243799 -5.596039 -12.780026 31.227402 10.850408
15.240351 7.943176 0.512521 -13.495590 -6.136434 11.983654 -4.354898 -13.322792 31.498645 11.391678
15.982641 7.947750 0.339674 -13.295961 -6.397810 11.649146 -2.923948 -13.893407 31.707352 11.938803
17.005155 7.857682 0.423756 -13.005551 -6.803659 11.538369 -1.662146 -14.448933 32.074148 12.413892
18.024706 7.697553 0.446849 -12.661371 -7.141892 11.458289 -0.552216 -14.964920 32.379306 12.717548
19.073554 7.443276 0.593994 -12.461265 -7.479188 11.407423 0.448784 -15.285666 32.643190 12.959872
19.998180 7.141048 0.750586 -12.346930 -7.790595 11.391714 1.455982 -15.476364 32.929954 13.238477
20.680882 6.938490 0.957586 -12.294873 -8.129507 11.411105 2.166654 -15.654091 33.120248 13.526430
21.285622 6.707477 0.965778 -12.177507 -8.253928 11.335846 2.818943 -15.718056 33.258975 13.678704
21.668496 6.513097 0.992592 -12.154878 -8.354467 11.293857 3.233994 -15.697202 33.326394 13.787463
21.893359 6.388615 0.969066 -12.119530 -8.384121 11.235016 3.568201 -15.696442 33.356558 13.869510
21.998293 6.331179 0.950492 -12.124005 -8.351600 11.187883 3.696112 -15.665216 33.364797 13.878520
22.057962 6.281830 0.957603 -12.195885 -8.262451 11.150001 3.782254 -15.595972 33.381102 13.866364
22.202676 6.131917 1.096091 -12.429316 -7.995368 11.120405 3.899063 -15.357464 33.438710 13.795944
22.440055 5.915927 1.145810 -12.736818 -7.478598 10.917661 4.250346 -14.976085 33.506524 13.699909
22.780776 5.546810 1.084019 -13.187275 -6.608844 10.544113 4.820465 -14.320240 33.553739 13.475203
23.169214 5.048308 1.033370 -13.810290 -5.516412 10.102019 5.357791 -13.357733 33.585221 13.096756
23.528634 4.404600 1.007918 -14.628310 -4.143817 9.567013 6.040040 -12.178653 33.680576 12.573044
23.829396 3.728723 0.838605 -15.444121 -2.557686 8.911021 6.518771 -10.745863 33.603422 11.957882
23.959845 3.068245 0.242504 -16.117612 -0.831326 8.103213 7.102135 -9.327374 33.397484 11.249534
24.184930 2.413731 -0.530458 -16.695337 0.959628 7.245623 8.015500 -7.798100 33.350075 10.566411
