-3.823969 0.057466 -29.638657 -13.635397 11.316839 8.587991 1.329645 -4.308051 -4.012544 14.250661
-3.318315 0.868881 -29.000333 -14.159533 11.715031 8.462995 2.443734 -5.019357 -5.041473 15.804659
-3.274397 1.345054 -28.756478 -13.665085 11.872197 9.570534 2.209425 -4.692953 -4.955746 16.367020
-4.116427 2.549309 -28.056723 -12.507317 10.965977 11.099762 0.866627 -4.854046 -4.000180 17.314315
-4.494099 3.702036 -27.656754 -11.347383 10.648482 11.765732 -0.612899 -4.694922 -3.387666 17.541550
-5.197327 5.502718 -27.491177 -10.314793 10.337652 11.715643 -1.913405 -4.507942 -2.802034 18.911640
-4.923895 6.550371 -27.779532 -9.110804 10.060632 10.871000 -3.499268 -4.159818 -3.170039 20.089983
-5.610339 7.702858 -28.125511 -7.399039 9.163034 10.539833 -5.735731 -4.255813 -2.833789 21.376170
-5.989569 8.715968 -28.296959 -5.809950 7.742064 10.685899 -7.677891 -4.891503 -2.063070 22.355359
-4.544172 9.687074 -27.705287 -4.087910 5.015632 9.711463 -7.783802 -7.315598 -0.045107 23.578150
-1.591651 9.663013 -28.112762 -2.048705 2.621200 7.903279 -7.203684 -9.584391 2.350553 23.258895
-0.908885 10.467221 -28.279425 -0.770068 1.188048 7.313960 -7.018253 -10.655092 4.613539 23.167784
-0.818098 11.639859 -27.653537 -0.380994 -0.353019 7.037313 -6.059666 -12.321107 6.184562 24.786463
-0.199203 12.134313 -26.120194 -0.553943 -2.047765 6.847719 -6.056573 -14.019038 6.960770 26.076580
1.177948 11.610266 -25.268454 -0.477751 -3.581287 6.257753 -6.495752 -15.142001 7.608530 25.893607
2.198436 11.083180 -25.425021 0.095023 -4.975095 5.232718 -6.593216 -16.218693 8.752346 25.418138
3.317231 11.012533 -25.078810 0.653630 -6.540755 5.467260 -5.617463 -17.842222 9.999540 25.414299
4.005925 11.099557 -24.992666 1.319320 -7.497931 5.372553 -4.899156 -18.904277 10.522374 25.931853
4.144605 11.096405 -25.063174 1.567316 -7.882536 5.269690 -5.007454 -19.173024 10.451657 25.995033
4.086187 11.084305 -25.063180 1.512754 -7.901574 5.173137 -5.013603 -19.180585 10.472007 25.946981
4.229982 11.049686 -25.171054 1.639592 -7.914454 5.159207 -5.046848 -19.158531 10.370725 25.923750
4.614787 10.967023 -25.481266 1.987588 -7.967485 5.091227 -5.129855 -19.113066 10.124715 25.834458
5.257919 10.815015 -25.957678 2.511025 -8.057885 4.956358 -5.191153 -19.054730 9.768592 25.663783
6.078262 10.596888 -26.507507 3.096303 -8.191983 4.735715 -5.193874 -19.001208 9.383754 25.396542
7.004672 10.302971 -27.038383 3.636672 -8.344548 4.396311 -5.219812 -18.952298 8.994047 24.939792
8.158302 9.869685 -27.617594 4.126992 -8.383620 3.935524 -5.253698 -18.836021 8.504968 24.133835
9.542265 9.322937 -28.212775 4.659987 -8.282634 3.503909 -5.403570 -18.644759 7.945861 23.006536
10.836590 8.825865 -28.657802 5.106977 -8.223931 2.993916 -5.730190 -18.470467 7.494966 21.875537
12.100015 8.301010 -29.080631 5.462306 -8.124496 2.403375 -5.921383 -18.317081 7.134686 20.738191
13.413713 7.699947 -29.690663 5.900718 -7.940050 1.830224 -6.078680 -18.095300 6.753366 19.420604
14.570825 7.071957 -30.205510 6.065625 -7.455239 1.299160 -6.097530 -17.697612 6.428718 18.064723
15.848896 6.461129 -30.633665 6.287382 -6.953599 0.859966 -6.311345 -17.227247 6.110119 16.636995
17.171478 5.850873 -31.037052 6.568944 -6.392329 0.410208 -6.515898 -16.663447 5.722092 15.289404
18.306187 5.267945 -31.318024 6.761945 -5.914832 0.056631 -6.871173 -16.171482 5.255148 14.046279
19.281600 4.752991 -31.655263 6.972516 -5.448762 -0.298664 -7.232069 -15.627239 4.673393 13.048116
20.109541 4.279606 -31.960646 7.131924 -4.973889 -0.630178 -7.582036 -15.023576 4.055499 12.185876
20.698412 4.006451 -32.140491 7.285434 -4.738853 -0.824308 -7.833543 -14.706555 3.720751 11.665617
20.997463 3.813600 -32.236572 7.294831 -4.564076 -0.976033 -7.950506 -14.491868 3.506117 11.306655
21.149823 3.657501 -32.253575 7.212818 -4.363291 -1.072136 -7.938044 -14.300615 3.403711 11.024217
21.210851 3.596935 -32.282800 7.195596 -4.284929 -1.118686 -7.929006 -14.213085 3.351906 10.930716
20.827336 3.773101 -32.116205 7.070554 -4.150039 -1.098374 -8.366534 -13.961202 3.380706 11.032331
19.501584 4.360212 -31.594155 6.609300 -3.984041 -0.905209 -9.665206 -13.490567 3.573755 11.295850
16.571544 5.526633 -30.714368 5.695496 -3.991943 -0.504250 -11.797727 -13.020910 3.511089 12.530679
13.415318 6.926955 -29.776843 4.840105 -3.839057 0.219825 -13.453147 -12.460383 3.407444 14.617084
10.703293 7.846676 -28.413339 3.627540 -3.600030 1.764488 -14.470225 -12.254739 3.276541 16.103806
7.330434 8.838373 -26.313587 1.682858 -3.795522 2.991083 -15.597898 -12.621643 4.344236 17.099050
4.095583 10.018463 -24.502364 0.490323 -4.010222 4.325476 -17.867952 -12.477757 4.789505 17.672371
1.896331 11.103631 -21.199527 -0.643078 -4.595459 7.204477 -20.551697 -12.163866 3.101072 18.924751
-1.304360 12.462642 -19.396938 -0.932722 -4.000456 9.247874 -24.299518 -9.997892 4.241844 17.860436
-2.956387 12.878405 -17.543144 -1.179788 -3.107597 13.159597 -28.515052 -7.653666 3.680909 15.593643
-2.844745 11.464738 -14.409360 -3.440312 -3.272428 14.779749 -29.437343 -8.568718 2.582813 14.700930
-1.839416 10.192999 -12.116447 -4.943044 -4.173584 15.736833 -30.041835 -10.012883 2.348429 13.681619
-1.282540 9.138916 -10.523500 -6.395814 -4.264386 16.247434 -30.204522 -10.531247 2.824443 11.833485
-0.141581 8.085105 -10.153636 -7.570785 -3.951575 15.662404 -29.191755 -11.172989 3.940925 9.481095
0.741777 7.010714 -10.168230 -8.530673 -3.721833 14.922257 -28.514216 -11.991372 5.071667 7.236663
1.572556 6.105704 -9.822954 -9.093302 -3.775103 14.282092 -28.916569 -12.078429 5.421947 5.287213
2.344038 5.329270 -9.166905 -9.737077 -4.132628 13.523476 -29.719301 -12.261526 5.113607 3.901567
2.701807 4.769077 -8.494990 -10.416391 -4.343662 13.191714 -29.938020 -12.576532 5.048002 3.074265
3.079882 4.387210 -8.287884 -10.762470 -4.419333 12.955025 -30.037754 -12.755899 4.910862 2.611422
3.241211 4.248842 -8.247542 -10.878270 -4.465023 12.781813 -29.989999 -12.833571 4.827287 2.548364
3.223373 4.236844 -8.169844 -10.940211 -4.469240 12.819330 -30.081675 -12.842616 4.804154 2.503601
3.224817 4.145317 -7.974541 -11.120558 -4.417552 12.968630 -30.285364 -12.839304 4.733961 2.277843
3.253577 3.964093 -7.724280 -11.425497 -4.350601 13.111580 -30.532449 -12.871859 4.614613 1.991419
3.339904 3.735964 -7.562246 -11.737794 -4.142285 13.334977 -30.666937 -12.756555 4.407971 1.683853
3.411998 3.525144 -7.361984 -12.054276 -3.852423 13.563859 -30.957658 -12.460214 4.060187 1.291753
3.407842 3.221193 -7.005899 -12.551790 -3.412386 13.959058 -31.325750 -12.074435 3.601738 0.759681
3.275357 2.892202 -6.710437 -13.047974 -2.981806 14.258439 -31.777620 -11.624414 3.063079 0.353497
2.987218 2.667871 -6.323608 -13.531714 -2.755258 14.552264 -32.696267 -11.149653 2.282726 0.082812
2.576836 2.576186 -6.025604 -13.991574 -2.596297 14.783110 -33.652993 -10.806221 1.588998 -0.123070
1.781311 2.632425 -5.408622 -14.673584 -2.101422 15.362615 -34.569584 -10.243548 0.914123 -0.314314
1.080466 2.793581 -4.652155 -15.388758 -1.665755 16.105185 -35.475452 -9.680749 0.310947 -0.644170
0.206877 3.060283 -3.786325 -16.184544 -1.252378 16.789448 -36.122140 -9.151143 -0.223193 -0.820273
-0.468244 3.174005 -2.884454 -17.089845 -0.833902 17.556954 -36.730313 -8.701529 -0.759905 -1.154874
-1.186241 3.363773 -1.996570 -17.939055 -0.426664 18.359997 -37.079483 -8.270555 -1.263072 -1.448463
-1.972958 3.435866 -1.038136 -19.071893 0.033592 19.249995 -37.419430 -7.892414 -1.828507 -2.111259
-3.000230 3.462632 0.290496 -20.462926 0.359515 20.340235 -37.888344 -7.558397 -2.371875 -3.150609
-4.067537 3.468441 1.611870 -21.831734 0.537707 21.325934 -38.235217 -7.287317 -2.812737 -4.244769
-4.909314 3.493359 2.599466 -22.878988 0.669017 22.156785 -38.451815 -7.035266 -3.178520 -5.125063
-5.409971 3.532725 3.122717 -23.429577 0.741146 22.619102 -38.473319 -6.856612 -3.339875 -5.612075
-5.550650 3.551869 3.275891 -23.592574 0.777608 22.755023 -38.450250 -6.798491 -3.390257 -5.758612
-5.547025 3.554047 3.287868 -23.594099 0.785017 22.756136 -38.452205 -6.796914 -3.392395 -5.758851
-5.555417 3.563375 3.299915 -23.598167 0.797599 22.755988 -38.450033 -6.803113 -3.399128 -5.766768
-5.549343 3.563307 3.313887 -23.601776 0.799761 22.762204 -38.443525 -6.808868 -3.396745 -5.772552
-5.545894 3.565537 3.321862 -23.598000 0.803088 22.766061 -38.445370 -6.809351 -3.393247 -5.774059
-5.542138 3.567377 3.331859 -23.592140 0.796744 22.764741 -38.449795 -6.813328 -3.392735 -5.773382
-5.541947 3.567967 3.340893 -23.592548 0.791140 22.764176 -38.453927 -6.818941 -3.396613 -5.771447
-5.550443 3.569810 3.342226 -23.594575 0.784506 22.762120 -38.462399 -6.816737 -3.404134 -5.770693
-5.554190 3.567411 3.345163 -23.598691 0.774692 22.762733 -38.466431 -6.812697 -3.410056 -5.769951
-5.557333 3.562938 3.348018 -23.603055 0.756931 22.757137 -38.470500 -6.819608 -3.413086 -5.767663
