1.253686 4.646561 -38.205710 -1.963618 9.115100 2.791338 0.197724 -2.617540 -3.135641 18.568220
1.976776 4.085575 -39.231687 -2.496547 9.345031 0.313904 2.022242 -2.459991 -2.959943 17.853472
2.500139 3.817166 -40.047866 -3.267822 10.082639 -1.846035 4.355423 -2.041561 -2.097806 16.869327
2.361470 3.872129 -40.468052 -4.374809 10.511151 -4.028793 6.809098 -2.121124 -0.707920 16.345560
1.733746 4.343653 -40.065164 -5.944056 10.842455 -5.990950 9.337356 -2.508109 1.633895 16.073222
1.024861 5.597201 -38.188531 -8.776698 11.767352 -8.088277 13.148272 -4.208157 3.155896 17.051319
-0.361279 6.288681 -36.574551 -10.994089 12.643475 -9.343199 15.272557 -5.174154 5.095052 17.212879
-1.347551 6.617915 -35.017343 -13.187086 13.921070 -10.674033 17.656273 -5.744628 7.189850 17.607827
-1.905529 6.353777 -33.054687 -15.376218 14.807603 -11.370910 19.018178 -6.679834 8.455711 17.365266
-1.277680 6.136553 -31.194738 -16.956221 15.990054 -11.803548 20.483045 -7.446056 9.697950 16.975572
0.231984 5.670242 -29.168608 -17.987934 16.713981 -11.693791 21.394063 -7.909749 11.132114 16.027261
1.556375 5.317453 -27.241285 -18.910436 17.020235 -11.357111 22.031788 -8.318508 12.752247 14.988710
3.328594 4.778478 -25.836137 -19.213158 17.261865 -11.010387 21.951393 -7.792411 14.602556 13.454185
4.667548 4.342391 -24.517658 -18.980964 16.856331 -9.756425 21.008874 -6.497181 16.826665 12.073580
5.978066 3.856365 -23.255655 -18.566395 15.859296 -8.125868 20.260848 -5.548023 19.290004 11.154237
7.634443 3.550184 -22.080185 -17.904938 14.474558 -6.494465 19.409114 -4.781162 21.520860 10.575620
9.131438 3.299416 -20.315216 -17.830024 13.180130 -4.860445 18.731442 -4.677390 23.308195 10.323031
10.845241 3.274267 -17.808217 -17.588818 11.345723 -2.601800 17.816198 -5.145867 25.216116 10.611025
12.986414 3.221076 -15.609693 -17.102195 9.558597 -0.600700 17.110722 -5.937433 26.482429 10.730326
14.612720 3.227925 -12.638874 -17.376611 7.708145 1.526663 16.089000 -6.949086 27.587637 10.654627
16.555125 3.093222 -9.585558 -17.886945 6.299588 3.388717 15.416748 -8.018715 28.342731 10.487040
18.482386 3.383965 -6.993357 -17.680433 4.830140 5.142652 14.540502 -9.379793 29.500077 10.635790
19.771970 4.000134 -4.844554 -17.246993 3.437114 6.630371 13.554472 -10.963882 30.333644 11.130188
20.808054 4.877812 -3.055558 -16.326625 1.645728 8.156347 12.275617 -12.550016 31.318250 11.468189
21.631497 5.703248 -1.786075 -15.160588 -0.241533 9.393880 11.077941 -14.100482 32.134316 11.912887
21.870842 6.561030 -1.071419 -13.987030 -1.923621 10.387925 9.994993 -15.697866 32.515663 12.437906
21.951814 7.172781 -0.693604 -13.041533 -3.203704 11.074573 9.128181 -16.924446 32.552780 12.834249
21.941297 7.836622 -0.453078 -12.195812 -4.372562 11.556587 8.361465 -17.964208 32.605183 13.306092
21.823696 8.182559 -0.281858 -11.681017 -5.149668 11.971887 7.615003 -18.539040 32.510398 13.466679
21.735900 8.349294 -0.276479 -11.369743 -5.540496 12.124702 7.215336 -18.837858 32.376697 13.536231
21.782905 8.382530 -0.318795 -11.244993 -5.618442 12.113575 7.203265 -18.917968 32.350169 13.572530
21.684671 8.436727 -0.306313 -11.237997 -5.638231 12.154405 7.081776 -18.941032 32.333455 13.562405
21.495752 8.552202 -0.268236 -11.270709 -5.585320 12.207753 6.772235 -18.939537 32.293845 13.483636
21.185428 8.711578 -0.270425 -11.296649 -5.444906 12.243039 6.404650 -18.919454 32.217472 13.387306
20.675828 8.929608 -0.267859 -11.381611 -5.190079 12.312672 5.814275 -18.849589 32.071559 13.201139
20.043575 9.144828 -0.483302 -11.426355 -4.714099 12.245897 5.163321 -18.686745 31.835146 12.893221
18.995763 9.512171 -0.696864 -11.559498 -4.242971 12.195554 4.250287 -18.698640 31.397566 12.560035
17.844000 9.808354 -0.904242 -11.825528 -3.763029 12.147004 3.408118 -18.561490 31.017119 12.240033
16.750634 10.086627 -0.954699 -12.146954 -3.321509 12.163100 2.391025 -18.351343 30.625984 11.844987
15.730655 10.228223 -1.058656 -12.408734 -2.884912 12.227836 1.198191 -17.984637 30.240194 11.305858
14.747288 10.328672 -1.072323 -12.598356 -2.585632 12.452193 -0.121142 -17.583732 29.962621 10.781707
13.702709 10.459139 -1.087460 -12.912089 -2.112337 12.642791 -1.233373 -17.238726 29.611815 10.257608
12.555623 10.664745 -1.049295 -13.311252 -1.480456 12.834668 -2.385368 -16.904754 29.282418 9.691149
11.424511 10.872090 -1.010387 -13.641125 -0.998849 13.069094 -3.406587 -16.778009 29.004658 9.204894
10.550617 10.903416 -1.115073 -13.920737 -0.427484 13.103915 -3.934350 -16.541855 28.737034 8.761759
9.814141 10.795332 -1.106841 -14.293933 0.103120 13.122780 -4.293833 -16.170704 28.476025 8.338477
9.347047 10.677204 -1.108596 -14.512411 0.398632 13.149256 -4.631760 -15.893933 28.283782 8.023409
8.978118 10.561655 -1.071563 -14.753454 0.615763 13.167880 -4.873855 -15.662158 28.117985 7.775556
8.675920 10.497838 -1.057390 -14.964561 0.752029 13.158671 -4.906936 -15.544732 28.005561 7.693376
8.471380 10.440366 -1.033705 -15.139577 0.883994 13.140758 -4.899856 -15.433932 27.929869 7.616406
8.407097 10.411522 -1.024841 -15.192203 0.913710 13.140306 -4.915787 -15.393404 27.881174 7.584037
8.350423 10.208362 -1.020271 -15.501930 1.304113 13.120824 -4.505052 -15.201794 27.937556 7.440286
8.400740 9.502186 -0.771623 -16.709933 2.454676 12.908309 -2.917882 -14.677973 27.973048 7.245935
9.492758 7.969930 -0.474085 -18.566979 4.159451 12.320143 0.094667 -13.303888 28.050710 7.105199
10.648381 6.152757 -0.277230 -20.459110 6.391120 11.496363 2.911801 -11.561000 27.996215 6.355025
12.551787 3.105591 -0.283222 -22.275145 8.681261 10.785836 5.813416 -8.497101 27.938808 4.929737
12.583890 0.239198 -1.482094 -24.294046 10.282551 9.769236 7.685153 -6.136014 26.858495 3.498893
10.741985 -2.037508 -4.690811 -25.664511 11.619923 7.928467 8.502014 -3.513305 25.184902 1.818651
9.420370 -4.513519 -8.066131 -26.660910 12.271564 6.181590 8.297599 -0.683883 22.964951 0.172963
7.697348 -6.081497 -11.335816 -26.603916 13.437650 4.303986 6.515464 1.175808 19.884029 -1.826997
6.589526 -7.253259 -13.846664 -26.339805 14.796487 2.853848 4.351824 3.088828 16.918841 -3.475553
4.470619 -8.567800 -16.188578 -26.612795 15.421941 1.373479 1.646353 4.047846 13.222095 -4.619109
2.480079 -8.941547 -16.994918 -27.217272 15.598671 0.553286 -1.262123 3.607230 9.505038 -4.412528
0.612077 -8.542781 -18.015039 -27.545200 15.666820 -0.715896 -3.552713 3.412872 6.774811 -4.278576
-1.762932 -8.384839 -19.107639 -28.064266 14.730484 -1.604191 -5.128884 3.766613 5.018412 -3.741326
-4.869875 -7.913421 -20.559543 -28.606438 13.478166 -2.399307 -6.132008 3.375197 3.504028 -2.753341
-7.983913 -7.517170 -21.958425 -29.590429 13.046577 -3.875352 -5.869402 2.560319 1.457939 -1.162863
-11.555478 -6.759026 -23.033674 -30.642076 12.793946 -5.068296 -5.977888 2.221721 -0.598680 0.764573
-13.586478 -6.256139 -23.824870 -30.894759 12.735448 -5.401524 -5.999682 2.102803 -2.235453 1.850748
-14.468943 -5.911447 -24.079280 -30.976331 12.694385 -5.664579 -5.990614 2.049006 -3.171916 2.594750
-14.660381 -5.790650 -24.088289 -30.950228 12.756570 -5.639391 -6.021261 2.010364 -3.480844 2.802474
-14.581362 -5.794839 -24.185607 -30.843912 12.787439 -5.719024 -6.089111 2.063872 -3.472929 2.692982
-14.379583 -5.822148 -24.445459 -30.580864 12.868459 -5.902059 -6.234316 2.159497 -3.462210 2.379403
-13.916191 -5.914579 -24.875879 -30.072374 12.971902 -6.166940 -6.486540 2.394318 -3.438783 1.843751
-13.502038 -5.992699 -25.415030 -29.504548 13.415240 -6.582207 -7.029974 2.814376 -3.500880 1.056625
-12.865930 -6.063805 -26.173038 -28.680855 13.950889 -7.084893 -7.574098 3.351870 -3.556638 0.227530
-11.909999 -6.386810 -26.670184 -27.927610 14.296749 -7.302945 -8.197895 4.163391 -3.384859 -0.668718
-11.140863 -6.627660 -27.557488 -27.071754 15.010238 -7.826803 -9.021766 5.052496 -3.322781 -1.864721
-10.090071 -6.861241 -28.233254 -26.081189 16.054118 -8.133874 -10.218191 5.974215 -3.613004 -3.141880
-9.410894 -6.944470 -28.662900 -25.232859 17.111387 -8.300225 -11.284460 6.942761 -3.675758 -4.020013
-8.332708 -6.963271 -29.000669 -24.149635 17.930124 -8.500250 -12.195169 7.807625 -3.586636 -4.662571
-7.125613 -6.936368 -28.993197 -23.151551 18.917108 -8.571589 -13.325420 8.718949 -3.685992 -5.300759
-6.247323 -6.754230 -28.839305 -22.313248 19.610231 -8.600809 -14.692847 9.649506 -3.742277 -5.763144
-5.442531 -6.596608 -28.907937 -21.512666 20.370692 -8.721636 -16.105096 10.815593 -3.772932 -6.326162
-5.102246 -6.233353 -28.883560 -20.755842 21.141766 -8.786037 -17.739337 12.038763 -3.718624 -6.867771
-4.755465 -5.857447 -28.662337 -20.082391 21.690127 -8.702340 -19.157812 13.064004 -3.624248 -7.162343
-4.629010 -5.570824 -28.644675 -19.576931 22.255405 -8.800615 -20.386114 14.143463 -3.605278 -7.405791
-4.545279 -5.356455 -28.686920 -19.210432 22.573872 -8.920303 -21.201392 14.956032 -3.556998 -7.515930
-4.414106 -5.188590 -28.736987 -18.885029 22.738651 -8.970577 -21.628929 15.441391 -3.449532 -7.545436
-4.326696 -5.065603 -28.806033 -18.653312 22.812866 -9.015622 -21.800724 15.679638 -3.352070 -7.519894
-4.296452 -5.031748 -28.775451 -18.607732 22.824329 -9.009880 -21.880014 15.756452 -3.336622 -7.509930
-4.297369 -5.031215 -28.776192 -18.607062 22.824376 -9.009842 -21.880477 15.757272 -3.336094 -7.509767
-4.296014 -5.030723 -28.774857 -18.605751 22.826517 -9.004432 -21.880823 15.758966 -3.336996 -7.510602
-4.296083 -5.030718 -28.775298 -18.605806 22.824475 -9.005220 -21.879391 15.758073 -3.336687 -7.510218
-4.297309 -5.031691 -28.775543 -18.607302 22.822999 -9.007229 -21.878999 15.756414 -3.334676 -7.511879
-4.296862 -5.030552 -28.774623 -18.606395 22.823706 -9.006569 -21.878742 15.757214 -3.335104 -7.509769
-4.297444 -5.029716 -28.776567 -18.604978 22.825087 -9.004515 -21.877940 15.758643 -3.334870 -7.510035
-4.298166 -5.029848 -28.774895 -18.606400 22.825283 -9.004448 -21.879146 15.757930 -3.334225 -7.511334
-4.298380 -5.029644 -28.774581 -18.605976 22.823586 -9.007175 -21.878759 15.756663 -3.334040 -7.509562
-4.298647 -5.029429 -28.776411 -18.605182 22.823173 -9.007988 -21.877883 15.756322 -3.333770 -7.509495
